1                   130002                          -3.694685           -65.324447          0                   2008/5/1          2008/9/30         1                   30105.267863        0.00100             2519                13.61               2.08                5.00                2.24                F 
2                   150070                          -0.827133           -49.961391          0                   2008/7/1          2008/12/31        1                   11971.070458        0.00100             6059                6.93                2.08                5.62                2.37                F 
3                   110080                          -8.886994           -63.325621          0                   2008/7/1          2008/12/31        1                   8815.607144         0.00100             2578                8.50                2.12                5.74                2.40                F 
4                   130110                          -3.770484           -60.183273          72.96               2008/7/1          2008/9/30         3                   6076.171841         0.00100             3686                6.58                2.12                5.84                2.42                F 
5                   120033                          -7.504430           -73.439094          44.57               2008/1/1          2008/4/30         2                   5849.309505         0.00100             3390                6.69                2.13                5.85                2.42                F 
6                   140030                          2.510971            -61.996789          163.64              2008/1/1          2008/3/31         6                   5430.931462         0.00100             1798                8.16                2.14                5.86                2.42                F 
7                   150345                          -2.805778           -47.921546          0                   2008/8/1          2008/10/31        1                   4977.257237         0.00100             2027                7.58                2.14                5.88                2.43                F 
8                   150120                          -3.129827           -49.698980          125.92              2008/1/1          2008/2/29         11                  3836.936300         0.00100             3216                5.94                2.14                5.92                2.43                F 
9                   160015                          1.157614            -52.519564          124.47              2008/7/1          2008/12/31        5                   3700.944696         0.00100             2656                6.25                2.14                5.93                2.44                F 
10                  130020                          -5.711904           -71.741371          208.06              2008/5/1          2008/6/30         4                   2173.362155         0.00100             3532                4.88                2.14                5.99                2.45                F 
11                  130353                          -1.370920           -59.989553          0                   2008/1/1          2008/2/29         1                   1212.044083         0.00100             903                 6.20                2.16                6.03                2.45                F 
12                  110070                          -10.484934          -63.799716          0                   2008/7/1          2008/12/31        1                   1055.181582         0.00100             866                 6.01                2.16                6.03                2.46                F 
13                  130200                          -2.497237           -58.613268          62.57               2008/7/1          2008/9/30         3                   970.316478          0.00100             854                 5.88                2.17                6.04                2.46                F 
14                  130100                          -5.118516           -67.337472          212.57              2008/7/1          2008/9/30         5                   592.694367          0.00100             4255                3.47                2.16                6.05                2.46                F 
15                  130320                          -2.048246           -61.703420          116.50              2008/7/1          2008/8/31         2                   525.809170          0.00100             614                 5.40                2.17                6.05                2.46                F 
16                  110026                          -9.645212           -62.790074          0                   2008/10/1         2008/12/31        1                   327.596692          0.00100             166                 7.07                2.17                6.06                2.46                F 
17                  120020                          -7.971860           -72.754808          0                   2008/1/1          2008/3/31         1                   205.144016          0.00100             4980                2.88                2.16                6.07                2.46                F 
18                  120043                          -9.410638           -70.395784          173.82              2008/10/1         2008/12/31        7                   143.717912          0.00100             942                 3.53                2.17                6.07                2.46                F 
19                  130356                          -2.529823           -59.638380          0                   2008/1/1          2008/2/29         1                   114.041879          0.00100             413                 4.01                2.17                6.07                2.46                F 
20                  130185                          -3.095219           -60.479687          0                   2008/7/1          2008/9/30         1                   84.425557           0.00100             1061                3.16                2.17                6.07                2.46                F 
21                  150503                          -8.062277           -55.612026          0                   2008/1/1          2008/2/29         1                   47.050301           0.00100             330                 3.49                2.17                6.07                2.46                F 
22                  110009                          -11.351342          -60.784831          0                   2008/3/1          2008/5/31         1                   26.774709           0.0200              351                 3.14                2.17                6.07                2.46                F 
23                  130014                          -7.759951           -59.432108          0                   2008/1/1          2008/5/31         1                   19.185666           0.182               265                 3.11                2.17                6.07                2.46                F 
