1                   1                   1                   5236                78.41               5.66                48.76               6.98                
2                   1                   1                   6826                32.56               5.99                86.80               9.32                
3                   1                   1                   7472                20.65               6.12                92.17               9.60                
4                   1                   1                   17313               15.22               6.03                92.40               9.61                
5                   1                   1                   8326                15.40               6.17                93.61               9.67                
6                   1                   1                   6427                16.47               6.19                93.65               9.68                
7                   1                   1                   7291                14.96               6.19                93.85               9.69                
8                   1                   1                   2422                20.60               6.24                93.94               9.69                
9                   1                   1                   2945                19.24               6.23                93.95               9.69                
10                  1                   1                   13280               11.90               6.17                94.06               9.70                
11                  1                   1                   4577                12.67               6.25                94.46               9.72                
12                  1                   1                   2015                14.10               6.27                94.57               9.72                
13                  1                   1                   1411                14.89               6.28                94.60               9.73                
14                  1                   1                   1974                11.28               6.28                94.69               9.73                
15                  1                   1                   1039                12.82               6.29                94.70               9.73                
16                  1                   1                   1220                12.08               6.29                94.71               9.73                
17                  1                   1                   7403                7.99                6.28                94.74               9.73                
18                  1                   1                   811                 8.83                6.30                94.77               9.73                
