1                   120042                          -7.843835           -73.223448          0                   2005/10/1         2005/12/31        1                   198377.919414       0.00100             5236                78.41               5.66                48.76               6.98                F 
2                   130110                          -3.770484           -60.183273          0                   2005/7/1          2005/9/30         1                   26247.273116        0.00100             6826                32.56               5.99                86.80               9.32                F 
3                   110080                          -8.886994           -63.325621          44.04               2005/1/1          2005/6/30         2                   8342.412826         0.00100             7472                20.65               6.12                92.17               9.60                F 
4                   130430                          -0.894390           -59.029588          220.92              2005/7/1          2005/12/31        10                  7579.490419         0.00100             17313               15.22               6.03                92.40               9.61                F 
5                   130020                          -5.711904           -71.741371          273.49              2005/10/1         2005/12/31        6                   3713.486111         0.00100             8326                15.40               6.17                93.61               9.67                F 
6                   150548                          -3.684126           -50.631681          0                   2005/7/1          2005/12/31        1                   3567.889670         0.00100             6427                16.47               6.19                93.65               9.68                F 
7                   110033                          -10.382167          -64.629100          83.70               2005/6/1          2005/11/30        2                   2932.722968         0.00100             7291                14.96               6.19                93.85               9.69                F 
8                   160040                          -0.0668366          -51.951193          0                   2005/8/1          2005/10/31        1                   2635.831015         0.00100             2422                20.60               6.24                93.94               9.69                F 
9                   140017                          2.272837            -60.542285          0                   2005/1/1          2005/5/31         1                   2626.107549         0.00100             2945                19.24               6.23                93.95               9.69                F 
10                  120020                          -7.971860           -72.754808          0                   2005/10/1         2005/12/31        1                   2253.946023         0.00100             13280               11.90               6.17                94.06               9.70                F 
11                  130080                          -4.957617           -59.534694          130.06              2005/7/1          2005/8/31         2                   989.330089          0.00100             4577                12.67               6.25                94.46               9.72                F 
12                  130320                          -2.048246           -61.703420          116.50              2005/7/1          2005/9/30         2                   649.916660          0.00100             2015                14.10               6.27                94.57               9.72                F 
13                  130240                          -8.375601           -65.811663          0                   2005/11/1         2005/12/31        1                   551.356098          0.00100             1411                14.89               6.28                94.60               9.73                F 
14                  130185                          -3.095219           -60.479687          0                   2005/7/1          2005/8/31         1                   259.209448          0.00100             1974                11.28               6.28                94.69               9.73                F 
15                  150520                          -2.278919           -49.902330          97.21               2005/1/1          2005/2/28         9                   233.746746          0.00100             1039                12.82               6.29                94.70               9.73                F 
16                  130002                          -3.694685           -65.324447          0                   2005/7/1          2005/8/31         1                   215.850974          0.00100             1220                12.08               6.29                94.71               9.73                F 
17                  110011                          -10.592448          -62.584866          157.96              2005/5/1          2005/7/31         27                  113.829769          0.00100             7403                7.99                6.28                94.74               9.73                F 
18                  120050                          -9.771422           -69.381795          183.62              2005/11/1         2005/12/31        11                  27.499426           0.867               811                 8.83                6.30                94.77               9.73                F 
