23.368844           
23.841596           
28.150340           
23.841596           
23.841596           
23.841596           
23.841596           
22.204975           
23.841596           
23.841596           
23.841596           
23.841596           
24.076330           
23.841596           
16.567616           
23.841596           
25.017701           
19.325684           
23.841596           
14.341832           
28.873571           
23.841596           
17.292107           
20.781217           
23.841596           
23.841596           
23.841596           
22.819256           
30.665849           
14.752137           
23.841596           
14.531066           
23.841596           
23.841596           
26.465777           
23.841596           
23.841596           
20.603895           
23.841596           
23.841596           
23.841596           
29.318101           
23.841596           
37.222604           
23.841596           
23.841596           
23.841596           
23.841596           
19.393407           
23.841596           
23.841596           
31.479624           
37.800919           
23.841596           
23.841596           
35.927746           
17.814953           
27.462528           
14.531066           
14.531066           
23.841596           
24.131688           
23.841596           
26.742714           
23.841596           
15.283278           
23.841596           
23.841596           
23.841596           
14.531066           
27.160359           
23.841596           
32.080586           
23.841596           
35.069738           
23.841596           
17.475657           
14.531066           
15.426412           
23.841596           
31.479624           
14.531066           
23.841596           
21.717788           
25.752918           
25.099190           
14.531066           
23.220038           
23.841596           
23.841596           
32.883478           
24.911044           
20.904914           
23.841596           
23.841596           
12.217634           
27.160359           
31.559226           
23.841596           
28.684634           
23.841596           
24.685987           
12.353464           
44.646780           
27.160359           
23.879969           
19.090016           
23.841596           
27.160359           
31.237339           
23.841596           
23.841596           
25.247769           
24.350448           
23.841596           
28.873571           
23.841596           
23.841596           
23.841596           
15.890768           
23.841596           
14.531066           
23.841596           
24.076234           
23.841596           
23.841596           
22.379252           
23.841596           
23.841596           
23.841596           
20.528879           
23.841596           
23.841596           
23.841596           
26.465777           
23.841596           
19.250456           
23.841596           
23.841596           
30.598610           
32.158257           
23.841596           
23.841596           
29.158139           
23.841596           
23.841596           
19.841347           
23.841596           
23.841596           
13.354530           
35.157468           
15.039710           
23.841596           
23.841596           
23.841596           
22.770381           
23.841596           
23.841596           
31.090929           
23.841596           
23.841596           
23.841596           
12.963917           
16.420746           
23.841596           
26.014758           
23.841596           
16.087671           
28.150340           
14.531066           
23.841596           
23.841596           
23.841596           
14.531066           
23.841596           
23.841596           
23.841596           
23.841596           
23.841596           
23.841596           
23.841596           
20.501586           
23.841596           
23.841596           
23.841596           
23.841596           
28.150340           
23.841596           
23.841596           
26.641916           
47.685803           
23.841596           
23.841596           
23.841596           
14.735488           
23.841596           
31.090929           
32.080586           
23.841596           
14.341832           
14.531066           
23.841596           
30.598610           
27.841320           
23.841596           
30.598610           
23.841596           
23.841596           
23.841596           
29.983151           
23.841596           
23.841596           
31.090929           
18.237454           
14.531066           
23.841596           
23.841596           
23.841596           
23.841596           
14.341832           
14.737222           
23.841596           
23.841596           
23.903831           
23.841596           
23.841596           
14.969806           
23.841596           
23.841596           
23.683711           
23.841596           
23.841596           
14.687431           
23.841596           
19.023179           
23.841596           
31.479624           
14.531066           
23.841596           
32.883478           
27.160359           
23.841596           
16.675697           
16.127413           
23.841596           
18.506889           
26.217741           
23.841596           
23.841596           
24.554777           
23.841596           
11.670348           
28.150340           
24.131688           
18.640353           
15.344628           
14.531066           
23.841596           
23.841596           
24.131688           
31.090929           
16.622374           
23.841596           
23.841596           
23.841596           
23.841596           
23.841596           
38.592871           
19.877505           
23.841596           
24.454037           
31.479624           
29.942526           
31.479624           
23.841596           
22.255493           
23.841596           
15.744794           
23.841596           
23.841596           
13.908812           
18.130126           
23.841596           
24.597549           
23.841596           
14.611054           
23.841596           
23.841596           
23.841596           
23.841596           
28.590398           
23.841596           
23.841596           
23.841596           
23.841596           
23.841596           
25.194623           
23.841596           
16.599183           
19.949933           
23.841596           
23.841596           
23.841596           
25.148608           
23.841596           
23.841596           
23.841596           
23.841596           
18.536197           
16.262610           
23.841596           
23.841596           
23.841596           
26.137435           
30.598610           
16.499519           
23.841596           
16.897543           
14.636385           
15.220337           
23.841596           
23.841596           
23.841596           
23.841596           
23.841596           
20.530040           
23.841596           
23.841596           
14.531066           
43.950014           
23.841596           
23.841596           
17.236407           
21.508356           
23.841596           
35.866890           
23.841596           
24.597549           
23.841596           
23.841596           
21.057227           
23.841596           
23.841596           
23.841596           
25.796314           
23.841596           
19.302516           
19.644705           
25.038874           
23.841596           
14.531066           
15.977923           
27.450501           
23.841596           
12.438750           
19.825141           
23.841596           
23.841596           
23.841596           
23.841596           
23.841596           
23.841596           
27.538203           
23.841596           
24.400243           
23.841596           
22.512549           
23.841596           
14.531066           
23.841596           
23.841596           
17.338565           
24.772529           
23.841596           
23.841596           
23.841596           
16.420746           
17.216107           
23.841596           
17.950867           
23.841596           
23.841596           
24.131688           
26.465777           
25.852264           
24.131688           
23.841596           
27.160359           
16.370143           
23.841596           
31.479624           
23.841596           
23.841596           
19.582640           
23.841596           
18.991758           
32.080586           
23.841596           
24.174139           
29.063128           
22.932127           
23.841596           
23.841596           
23.841596           
23.841596           
23.841596           
23.556104           
14.531066           
23.841596           
23.841596           
24.131688           
13.096616           
23.875979           
17.784151           
32.883478           
11.718926           
20.508994           
23.841596           
23.841596           
23.841596           
16.344915           
23.050640           
14.531066           
23.841596           
23.841596           
23.841596           
23.841596           
18.550129           
23.841596           
23.841596           
23.841596           
23.841596           
23.841596           
23.841596           
23.841596           
32.080586           
23.841596           
23.841596           
23.841596           
23.841596           
23.841596           
23.841596           
23.841596           
23.841596           
23.841596           
23.841596           
23.841596           
23.841596           
23.841596           
23.841596           
37.800919           
21.754966           
23.841596           
23.841596           
21.327008           
23.841596           
30.598610           
30.598610           
23.841596           
23.841596           
23.841596           
23.841596           
23.841596           
23.841596           
24.796892           
16.728831           
31.479624           
19.597711           
23.874551           
23.841596           
23.841596           
14.627572           
26.659150           
23.841596           
23.841596           
23.841596           
21.297704           
31.479624           
23.841596           
23.841596           
23.841596           
19.597711           
23.841596           
20.510613           
23.841596           
23.903831           
23.841596           
17.495139           
23.841596           
23.841596           
23.841596           
28.590398           
23.841596           
23.841596           
23.841596           
23.841596           
31.655416           
23.841596           
23.841596           
14.341832           
20.534564           
23.841596           
23.841596           
23.841596           
24.131688           
20.913673           
24.772529           
23.841596           
24.426702           
23.841596           
23.841596           
23.841596           
23.841596           
23.040695           
23.841596           
24.032549           
23.841596           
21.929455           
23.841596           
29.158139           
18.758616           
22.425493           
23.841596           
25.011582           
23.841596           
23.841596           
23.841596           
34.830125           
23.841596           
31.479624           
23.841596           
28.150340           
23.874551           
20.563437           
23.841596           
26.129053           
24.424578           
18.190002           
23.841596           
24.112205           
23.841596           
28.590398           
23.841596           
23.841596           
23.841596           
23.841596           
26.423274           
23.841596           
23.841596           
20.859813           
23.841596           
23.841596           
23.841596           
23.841596           
23.841596           
17.157731           
23.841596           
23.841596           
23.841596           
23.841596           
23.841596           
24.131688           
17.119752           
23.841596           
16.514719           
23.841596           
15.121253           
18.476549           
25.595041           
23.841596           
17.280009           
32.883478           
23.841596           
23.841596           
25.335057           
24.032549           
23.841596           
15.594348           
12.083832           
23.841596           
23.841596           
23.841596           
14.693648           
23.841596           
23.841596           
18.032104           
34.759598           
18.140009           
23.841596           
23.841596           
29.158139           
14.531066           
22.978884           
23.841596           
17.779023           
23.841596           
17.401077           
17.605515           
23.841596           
23.841596           
23.841596           
15.846607           
23.841596           
24.032549           
23.841596           
22.327039           
15.765917           
34.830125           
23.841596           
23.841596           
15.145909           
23.841596           
17.438866           
14.531066           
25.282191           
13.990814           
23.841596           
19.238303           
23.841596           
20.500891           
18.864009           
23.841596           
23.841596           
23.841596           
16.533387           
14.531066           
15.808347           
23.841596           
28.907845           
23.841596           
23.841596           
23.841596           
23.841596           
23.841596           
24.131688           
23.841596           
18.644299           
25.780586           
14.531066           
23.841596           
14.341832           
16.292862           
23.841596           
23.841596           
19.710478           
23.841596           
33.191494           
23.841596           
23.841596           
15.934602           
23.841596           
16.428081           
23.841596           
23.841596           
23.841596           
23.841596           
23.841596           
14.041419           
22.376913           
23.841596           
23.841596           
23.841596           
23.050640           
25.099190           
23.841596           
15.479369           
14.531066           
23.841596           
26.465777           
13.545570           
23.841596           
23.841596           
23.841596           
23.841596           
23.841596           
24.076330           
18.627101           
15.354259           
23.882124           
32.614170           
24.076330           
23.841596           
21.597124           
31.479624           
23.841596           
19.581407           
23.841596           
23.841596           
23.841596           
14.341832           
17.997229           
37.800919           
31.479624           
24.131688           
14.341832           
23.841596           
23.841596           
23.841596           
30.598610           
35.962187           
37.800919           
24.617374           
20.378105           
23.841596           
15.819197           
24.131688           
23.841596           
27.036397           
14.352295           
14.531066           
23.841596           
15.070867           
23.841596           
23.841596           
37.800919           
24.131688           
14.341832           
17.095568           
20.528879           
23.841596           
23.841596           
33.631767           
23.841596           
23.841596           
29.105445           
31.090929           
21.223846           
16.641450           
23.841596           
23.841596           
24.371638           
14.341832           
34.553318           
23.841596           
26.014758           
18.784789           
23.841596           
24.597549           
23.841596           
23.841596           
23.841596           
23.841596           
15.458546           
23.841596           
19.607801           
23.841596           
23.841596           
23.841596           
23.841596           
14.531066           
18.374758           
23.841596           
23.841596           
23.841596           
23.841596           
30.972277           
34.830125           
23.841596           
23.841596           
23.841596           
24.398182           
23.841596           
23.841596           
14.531066           
23.841596           
23.841596           
30.598610           
23.841596           
27.160359           
23.841596           
23.841596           
23.841596           
23.841596           
23.841596           
23.841596           
24.997132           
14.531066           
24.462808           
23.841596           
23.841596           
36.948266           
23.841596           
23.841596           
23.841596           
21.553973           
23.841596           
23.841596           
23.841596           
23.841596           
23.841596           
17.181939           
21.727840           
28.873571           
23.841596           
23.841596           
24.971480           
20.380681           
23.841596           
23.841596           
23.841596           
23.701665           
23.841596           
29.158139           
23.841596           
23.841596           
23.841596           
19.983861           
23.841596           
23.841596           
31.237505           
23.841596           
18.214624           
23.841596           
22.961549           
18.542791           
23.841596           
49.074963           
23.841596           
28.924803           
14.667938           
23.841596           
14.559733           
16.962435           
24.131688           
23.841596           
23.841596           
23.841596           
23.841596           
23.841596           
21.380150           
25.594401           
23.050640           
23.841596           
23.841596           
28.873571           
23.841596           
23.841596           
28.150340           
26.465777           
16.195754           
19.636036           
23.841596           
23.841596           
27.160359           
23.841596           
26.506360           
23.841596           
23.841596           
23.841596           
23.841596           
23.841596           
15.440680           
23.841596           
23.841596           
23.841596           
26.167811           
15.491108           
23.841596           
23.841596           
14.341832           
23.841596           
15.786768           
24.786389           
23.841596           
14.531066           
14.531066           
23.841596           
26.014758           
21.717788           
23.841596           
20.492280           
23.841596           
23.841596           
18.230206           
37.638133           
20.064284           
31.317918           
20.528879           
23.841596           
24.635523           
23.841596           
23.841596           
23.841596           
47.685803           
32.080586           
24.727435           
23.841596           
23.841596           
16.851669           
28.873571           
24.597549           
23.999017           
23.841596           
23.841596           
31.090929           
23.841596           
28.150340           
23.841596           
24.032549           
23.841596           
23.841596           
23.841596           
24.131688           
23.841596           
23.841596           
23.841596           
14.531066           
23.841596           
23.841596           
26.043011           
28.590398           
23.841596           
24.597549           
23.841596           
23.841596           
23.841596           
23.841596           
14.531066           
27.160359           
23.841596           
23.841596           
17.857276           
19.325684           
35.727739           
23.841596           
23.841596           
17.054374           
23.841596           
11.994658           
14.975797           
15.607035           
23.841596           
23.841596           
20.936929           
17.287138           
23.841596           
23.841596           
15.277838           
23.841596           
19.280617           
23.841596           
14.531066           
23.841596           
29.208807           
23.841596           
23.841596           
23.841596           
29.909391           
23.903831           
16.208779           
12.243961           
28.590398           
16.200722           
25.099190           
25.635461           
22.794854           
14.875405           
25.083066           
23.841596           
31.479624           
23.841596           
14.341832           
26.224087           
14.782739           
23.059249           
25.547721           
23.841596           
23.841596           
23.841596           
37.866860           
23.841596           
23.841596           
14.531066           
28.523940           
31.090929           
23.841596           
23.841596           
23.841596           
20.026569           
23.841596           
16.358910           
23.841596           
23.841596           
22.031749           
14.341832           
14.637875           
23.841596           
23.841596           
23.841596           
33.736023           
31.231315           
23.841596           
23.841596           
23.841596           
23.841596           
23.841596           
23.841596           
22.714284           
14.341832           
