34.241233           
27.503429           
31.551179           
28.646911           
27.503429           
27.503429           
34.417101           
27.503429           
27.503429           
27.503429           
38.917567           
27.503429           
39.541869           
27.503429           
27.503429           
38.917567           
27.503429           
44.893291           
27.503429           
27.503429           
27.503429           
14.155794           
27.532756           
27.503429           
27.968425           
27.503429           
30.201968           
27.503429           
27.503429           
27.503429           
27.968425           
27.503429           
27.503429           
27.503429           
27.503429           
27.503429           
27.503429           
15.711281           
27.503429           
12.801375           
27.503429           
44.250716           
31.551179           
27.503429           
27.503429           
27.503429           
27.503429           
27.503429           
27.503429           
27.503429           
27.503429           
27.503429           
27.503429           
27.503429           
14.059220           
27.503429           
27.503429           
27.503429           
27.503429           
27.503429           
35.211149           
27.503429           
27.503429           
27.503429           
27.503429           
28.195502           
16.113034           
12.801375           
27.503429           
55.009763           
27.503429           
27.503429           
27.503429           
27.503429           
32.309135           
20.706636           
27.503429           
27.503429           
27.503429           
27.503429           
28.045940           
36.291802           
27.503429           
28.195502           
27.503429           
27.503429           
17.177370           
27.503429           
13.957151           
27.503429           
27.503429           
27.503429           
38.917567           
27.532756           
27.503429           
27.503429           
38.701307           
27.503429           
27.503429           
27.503429           
24.296719           
27.503429           
27.503429           
27.503429           
27.503429           
27.503429           
27.503429           
15.070877           
27.503429           
27.503429           
27.503429           
27.968425           
27.503429           
27.503429           
27.503429           
27.503429           
27.503429           
27.503429           
27.503429           
27.503429           
27.503429           
27.503429           
55.009763           
38.917567           
27.503429           
13.177440           
27.503429           
27.503429           
27.503429           
27.503429           
33.210663           
27.503429           
31.551179           
27.503429           
27.503429           
27.503429           
27.503429           
23.345281           
27.503429           
30.861538           
27.503429           
55.009763           
17.084448           
27.503429           
28.558663           
17.419409           
27.503429           
27.503429           
27.503429           
27.503429           
27.503429           
14.275464           
27.503429           
27.503429           
27.503429           
52.190808           
35.338355           
27.503429           
27.503429           
27.503429           
27.968425           
27.503429           
16.496251           
27.503429           
27.503429           
27.503429           
27.503429           
27.503429           
27.503429           
27.503429           
39.541869           
27.503429           
27.503429           
27.503429           
27.503429           
55.009763           
13.833355           
27.503429           
27.503429           
27.503429           
27.503429           
27.503429           
27.503429           
27.503429           
27.503429           
27.503429           
27.503429           
27.503429           
27.503429           
27.503429           
27.503429           
27.503429           
31.898675           
27.503429           
55.009763           
27.968425           
27.503429           
27.503429           
31.551179           
27.503429           
27.503429           
27.503429           
27.503429           
27.503429           
27.503429           
27.503429           
27.503429           
27.503429           
27.503429           
27.503429           
27.503429           
27.968425           
35.661704           
13.631197           
44.149362           
27.503429           
28.366873           
17.069798           
27.503429           
27.503429           
27.503429           
20.994674           
27.503429           
27.503429           
27.503429           
27.503429           
27.503429           
18.605837           
27.503429           
38.917567           
28.296790           
27.503429           
27.503429           
27.503429           
27.503429           
27.503429           
22.170327           
27.503429           
29.579977           
27.503429           
27.503429           
27.503429           
27.981428           
27.503429           
27.503429           
27.503429           
18.777986           
27.503429           
27.503429           
27.503429           
27.503429           
27.503429           
27.503429           
19.843865           
27.503429           
27.503429           
27.503429           
27.503429           
27.503429           
27.503429           
27.503429           
13.036407           
27.503429           
14.645625           
27.503429           
30.201968           
27.503429           
27.503429           
27.503429           
27.503429           
27.503429           
27.503429           
27.503429           
24.365696           
17.208467           
27.503429           
27.503429           
13.435969           
27.503429           
27.503429           
27.503429           
27.503429           
36.762562           
27.503429           
12.801375           
27.503429           
27.503429           
27.503429           
27.503429           
27.503429           
27.503429           
32.536014           
27.503429           
30.206753           
27.503429           
27.503429           
27.503429           
28.409200           
34.916632           
27.503429           
55.009763           
27.503429           
27.532756           
27.503429           
27.503429           
34.904686           
27.503429           
27.503429           
27.503429           
27.503429           
27.503429           
27.503429           
15.724563           
27.503429           
27.503429           
27.503429           
27.503429           
27.503429           
13.149345           
27.503429           
27.503429           
38.917567           
27.503429           
31.551179           
27.503429           
13.504467           
27.503429           
27.503429           
27.503429           
27.503429           
13.497214           
27.503429           
27.503429           
16.955558           
27.503429           
17.555445           
30.201968           
27.503429           
27.847992           
28.195502           
27.503429           
27.503429           
55.009763           
30.201968           
27.503429           
19.140604           
27.503429           
27.503429           
27.503429           
38.917567           
27.503429           
51.666177           
17.504292           
15.551159           
27.503429           
34.177407           
19.775946           
27.503429           
36.696067           
27.503429           
38.917567           
17.198754           
27.503429           
27.503429           
27.503429           
16.568659           
27.503429           
39.541869           
17.610873           
27.503429           
27.503429           
27.503429           
38.917567           
13.122074           
38.917567           
27.503429           
27.503429           
27.503429           
27.503429           
27.503429           
27.503429           
31.551179           
27.503429           
27.503429           
35.288735           
31.869663           
31.115169           
28.596124           
27.503429           
27.503429           
30.521043           
27.503429           
27.503429           
18.988017           
37.041229           
27.503429           
29.713077           
27.503429           
27.503429           
27.503429           
27.968425           
27.714334           
27.503429           
22.291929           
27.503429           
27.503429           
27.503429           
38.917567           
27.503429           
27.503429           
27.503429           
30.201968           
19.441305           
55.009763           
27.503429           
28.408030           
27.503429           
27.503429           
27.503429           
23.141883           
27.503429           
28.743367           
27.503429           
40.141452           
27.503429           
30.201968           
38.440007           
27.503429           
38.917567           
27.503429           
27.503429           
27.503429           
27.503429           
27.503429           
27.503429           
37.520143           
27.503429           
27.503429           
27.503429           
27.503429           
28.661499           
27.503429           
15.313261           
27.503429           
15.014708           
27.503429           
27.503429           
27.503429           
27.503429           
27.503429           
27.503429           
34.134243           
31.551179           
27.503429           
29.857880           
31.551179           
27.503429           
27.503429           
27.503429           
27.503429           
27.503429           
27.503429           
28.195502           
27.503429           
27.503429           
27.503429           
38.917567           
38.917567           
29.723981           
27.532756           
27.503429           
27.503429           
27.503429           
27.503429           
16.413642           
27.503429           
27.503429           
27.503429           
27.503429           
27.503429           
27.844630           
31.617373           
27.503429           
27.503429           
27.503429           
27.503429           
32.500761           
27.503429           
27.503429           
27.503429           
27.503429           
27.503429           
27.503429           
27.503429           
27.503429           
27.503429           
27.503429           
27.503429           
27.503429           
27.503429           
27.503429           
27.503429           
27.503429           
55.009763           
27.503429           
27.503429           
27.503429           
27.503429           
27.503429           
27.503429           
20.904276           
27.503429           
27.503429           
27.503429           
27.503429           
33.084309           
29.548220           
27.503429           
28.195502           
25.028473           
28.308161           
27.503429           
30.201968           
27.503429           
27.503429           
27.503429           
27.503429           
27.503429           
27.503429           
27.031763           
38.917567           
27.503429           
24.713410           
27.503429           
27.503429           
27.503429           
27.503429           
27.503429           
17.274785           
27.503429           
33.796585           
27.503429           
15.750527           
27.503429           
27.503429           
27.503429           
27.503429           
38.917567           
27.503429           
14.627594           
27.503429           
31.551179           
14.233032           
27.503429           
27.503429           
27.503429           
27.503429           
27.503429           
27.503429           
55.009763           
29.086443           
27.503429           
27.503429           
27.503429           
27.503429           
34.092171           
27.503429           
27.503429           
35.418256           
27.503429           
27.503429           
27.503429           
27.503429           
27.503429           
27.503429           
27.503429           
27.503429           
27.503429           
27.503429           
27.503429           
27.503429           
19.057040           
23.205041           
27.503429           
20.904276           
27.968425           
27.503429           
22.291929           
17.069798           
27.503429           
27.503429           
27.503429           
27.503429           
27.503429           
27.503429           
27.503429           
14.612448           
27.503429           
27.503429           
26.986741           
27.503429           
27.503429           
31.551179           
27.503429           
27.503429           
43.792890           
31.008540           
27.503429           
27.503429           
24.067346           
16.639973           
27.503429           
17.958586           
20.722423           
27.503429           
27.503429           
13.214902           
27.503429           
27.503429           
27.503429           
27.503429           
27.503429           
27.503429           
27.968425           
21.787306           
27.503429           
27.503429           
27.503429           
27.503429           
27.503429           
28.195502           
27.503429           
27.503429           
27.503429           
27.503429           
27.503429           
27.503429           
27.503429           
27.503429           
27.503429           
27.503429           
55.009763           
31.551179           
14.963782           
27.503429           
27.503429           
27.503429           
27.503429           
27.503429           
27.503429           
27.503429           
27.503429           
27.503429           
27.503429           
27.503429           
27.503429           
55.009763           
27.503429           
27.503429           
27.503429           
27.503429           
27.503429           
27.503429           
28.891072           
27.503429           
13.479088           
27.503429           
27.503429           
27.503429           
27.503429           
27.503429           
27.503429           
27.503429           
55.009763           
27.503429           
27.503429           
27.503429           
27.503429           
27.503429           
27.503429           
17.821894           
16.388269           
27.503429           
35.295053           
27.503429           
27.503429           
27.503429           
27.503429           
29.827737           
27.503429           
18.690972           
27.503429           
27.503429           
27.503429           
27.503429           
30.201968           
27.503429           
17.399822           
27.503429           
27.503429           
27.503429           
27.503429           
27.503429           
27.503429           
27.503429           
27.503429           
27.503429           
27.503429           
27.503429           
27.503429           
27.503429           
27.503429           
27.503429           
21.215734           
27.503429           
27.503429           
27.503429           
27.503429           
27.503429           
20.200136           
27.503429           
27.503429           
27.503429           
27.503429           
27.503429           
27.503429           
55.009763           
15.465540           
27.968425           
38.917567           
27.503429           
27.503429           
13.038230           
27.503429           
27.503429           
27.503429           
27.503429           
27.968425           
30.201968           
27.503429           
27.503429           
27.503429           
27.503429           
27.503429           
27.503429           
27.503429           
27.503429           
27.503429           
27.503429           
27.503429           
27.503429           
27.503429           
27.503429           
27.503429           
27.554844           
27.503429           
27.503429           
38.917567           
27.503429           
27.503429           
27.503429           
27.838358           
27.503429           
27.503429           
27.503429           
27.503429           
27.503429           
27.968425           
27.968425           
33.720904           
27.503429           
27.503429           
27.503429           
27.503429           
12.841967           
27.503429           
15.812517           
19.634281           
12.801375           
27.503429           
27.503429           
27.503429           
38.917567           
27.503429           
27.503429           
27.503429           
27.503429           
27.503429           
27.503429           
30.201968           
27.503429           
27.503429           
27.503429           
27.503429           
27.503429           
22.659861           
27.503429           
38.917567           
16.311887           
27.503429           
27.503429           
13.167897           
27.503429           
27.503429           
27.503429           
27.503429           
27.503429           
18.475871           
27.503429           
38.917567           
27.503429           
22.103661           
27.503429           
38.917567           
27.503429           
27.503429           
27.503429           
27.503429           
31.551179           
14.530909           
27.968425           
27.503429           
27.503429           
27.503429           
27.503429           
18.658257           
27.503429           
27.503429           
27.503429           
27.503429           
31.551179           
27.503429           
27.503429           
19.057040           
15.151070           
27.503429           
27.503429           
27.503429           
27.503429           
12.801375           
27.503429           
27.503429           
15.315930           
27.503429           
27.503429           
27.503429           
27.503429           
27.503429           
31.551179           
27.503429           
27.503429           
27.503429           
27.503429           
35.834292           
27.503429           
34.011954           
27.503429           
27.503429           
27.503429           
27.503429           
27.503429           
27.503429           
55.009763           
27.503429           
28.067974           
28.195502           
27.503429           
27.503429           
27.503429           
27.503429           
27.503429           
31.551179           
27.503429           
27.503429           
27.503429           
27.503429           
30.269678           
27.503429           
17.216284           
27.503429           
27.503429           
27.503429           
27.503429           
27.503429           
27.503429           
27.503429           
27.503429           
27.503429           
17.593289           
27.503429           
27.503429           
27.503429           
27.503429           
27.503429           
30.451558           
39.552951           
27.503429           
27.503429           
27.503429           
27.547208           
55.009763           
38.917567           
27.503429           
27.503429           
27.503429           
27.503429           
27.503429           
27.503429           
27.503429           
55.009763           
15.912597           
27.503429           
27.503429           
27.503429           
27.503429           
27.503429           
27.503429           
27.503429           
27.503429           
30.321857           
30.201968           
31.551179           
27.503429           
27.503429           
27.503429           
27.503429           
27.503429           
27.968425           
33.933448           
27.503429           
27.503429           
27.503429           
13.952288           
28.220321           
27.503429           
27.503429           
26.327638           
27.503429           
27.503429           
27.503429           
16.256445           
27.503429           
38.917567           
27.503429           
27.503429           
28.008306           
27.503429           
27.503429           
27.503429           
27.503429           
22.517386           
27.503429           
27.503429           
15.709091           
27.503429           
27.503429           
27.503429           
27.503429           
55.009763           
27.503429           
50.735569           
27.503429           
27.503429           
27.503429           
27.503429           
28.195502           
27.503429           
27.503429           
27.503429           
27.503429           
27.503429           
27.503429           
27.503429           
27.503429           
27.503429           
24.614557           
27.503429           
27.503429           
42.112498           
27.503429           
27.503429           
30.201968           
19.056981           
27.503429           
18.638591           
14.310589           
27.503429           
27.503429           
27.503429           
13.411656           
27.503429           
27.503429           
27.503429           
27.503429           
27.503429           
27.503429           
27.503429           
27.503429           
38.917567           
