1                   1                   1                   9299                13.23               3.12                12.24               3.50                
2                   1                   1                   7594                12.86               3.17                12.75               3.57                
3                   1                   1                   5126                11.60               3.23                13.53               3.68                
4                   1                   1                   2443                15.35               3.26                13.53               3.68                
5                   1                   1                   5277                10.11               3.25                13.77               3.71                
6                   1                   1                   2973                11.64               3.27                13.86               3.72                
7                   1                   1                   857                 16.33               3.30                13.99               3.74                
8                   1                   1                   1783                10.28               3.30                14.13               3.76                
9                   1                   1                   1864                10.11               3.30                14.13               3.76                
10                  1                   1                   1025                11.37               3.31                14.17               3.76                
11                  1                   1                   3463                6.75                3.30                14.23               3.77                
12                  1                   1                   1966                6.21                3.32                14.28               3.78                
13                  1                   1                   3078                5.15                3.32                14.30               3.78                
14                  1                   1                   3750                4.95                3.32                14.30               3.78                
15                  1                   1                   2096                5.36                3.32                14.30               3.78                
16                  1                   1                   1522                5.42                3.32                14.30               3.78                
17                  1                   1                   4874                3.98                3.32                14.31               3.78                
18                  1                   1                   478                 5.27                3.33                14.31               3.78                
19                  1                   1                   1256                4.31                3.33                14.32               3.78                
