1                   110110                          -9.170210           -63.044941          0                   2004/1/1          2004/6/30         1                   60609.816967        0.00100             3599                39.84               4.18                32.66               5.71                F 
2                   110033                          -10.382167          -64.629100          83.70               2004/6/1          2004/11/30        2                   40907.822420        0.00100             7466                24.98               4.12                35.62               5.97                F 
3                   130110                          -3.770484           -60.183273          57.00               2004/7/1          2004/12/31        2                   17855.312569        0.00100             9103                17.03               4.21                39.43               6.28                F 
4                   140030                          2.510971            -61.996789          163.64              2004/7/1          2004/12/31        6                   3894.026443         0.00100             7336                11.11               4.36                41.94               6.48                F 
5                   130170                          -7.361218           -62.486435          201.31              2004/3/1          2004/8/31         5                   3620.297328         0.00100             10949               9.69                4.34                41.99               6.48                F 
6                   160040                          -0.0668366          -51.951193          0                   2004/9/1          2004/12/31        1                   3483.517208         0.00100             2524                15.25               4.41                42.01               6.48                F 
7                   130430                          -0.894390           -59.029588          193.91              2004/7/1          2004/12/31        8                   2627.969560         0.00100             8631                9.50                4.37                42.17               6.49                F 
8                   120042                          -7.843835           -73.223448          0                   2004/11/1         2004/12/31        1                   2598.483077         0.00100             934                 19.81               4.44                42.18               6.49                F 
9                   110140                          -10.210832          -63.372393          62.45               2004/3/1          2004/8/31         5                   2013.075738         0.00100             8273                8.97                4.38                42.29               6.50                F 
10                  130185                          -3.095219           -60.479687          0                   2004/1/1          2004/3/31         1                   1121.240115         0.00100             3010                10.08               4.43                42.45               6.52                F 
11                  130002                          -3.694685           -65.324447          0                   2004/8/1          2004/12/31        1                   364.463357          0.00100             1431                9.12                4.45                42.59               6.53                F 
12                  150085                          -3.997185           -51.301278          0                   2004/1/1          2004/6/30         1                   352.480742          0.00100             1541                8.88                4.45                42.60               6.53                F 
13                  150470                          -2.683911           -49.074042          85.24               2004/7/1          2004/9/30         6                   159.932792          0.00100             2285                6.90                4.45                42.63               6.53                F 
14                  130320                          -2.048246           -61.703420          116.50              2004/10/1         2004/12/31        2                   115.746092          0.00100             1143                7.40                4.46                42.64               6.53                F 
15                  110009                          -11.351342          -60.784831          0                   2004/3/1          2004/5/31         1                   38.720123           0.00600             502                 7.03                4.46                42.66               6.53                F 
