130002                          1                   0.00100             2519                13.61               2.08                2519                13.61               -3.694685           -65.324447          F 
150070                          2                   0.00100             6059                6.93                2.08                6059                6.93                -0.827133           -49.961391          F 
110080                          3                   0.00100             2578                8.50                2.12                2578                8.50                -8.886994           -63.325621          F 
130110                          4                   0.00100             3686                6.58                2.12                2098                6.82                -3.770484           -60.183273          F 
130255                          4                   0.00100             3686                6.58                2.12                72                  1.55                -3.779051           -60.697266          F 
130030                          4                   0.00100             3686                6.58                2.12                1516                6.49                -3.787231           -59.525534          F 
120033                          5                   0.00100             3390                6.69                2.13                1879                4.93                -7.504430           -73.439094          F 
120042                          5                   0.00100             3390                6.69                2.13                1511                8.87                -7.843835           -73.223448          F 
140030                          6                   0.00100             1798                8.16                2.14                169                 6.13                2.510971            -61.996789          F 
140028                          6                   0.00100             1798                8.16                2.14                359                 11.91               2.181808            -62.401659          F 
140005                          6                   0.00100             1798                8.16                2.14                115                 0.85                3.072100            -62.742368          F 
140002                          6                   0.00100             1798                8.16                2.14                110                 1.16                3.732902            -62.437022          F 
140010                          6                   0.00100             1798                8.16                2.14                179                 0.90                3.117915            -60.717953          F 
140017                          6                   0.00100             1798                8.16                2.14                866                 10.37               2.272837            -60.542285          F 
150345                          7                   0.00100             2027                7.58                2.14                2027                7.58                -2.805778           -47.921546          F 
150120                          8                   0.00100             3216                5.94                2.14                133                 2.25                -3.129827           -49.698980          F 
150460                          8                   0.00100             3216                5.94                2.14                0                   n/a                 -2.576689           -49.466382          F 
150178                          8                   0.00100             3216                5.94                2.14                177                 1.26                -3.733484           -49.371220          F 
150810                          8                   0.00100             3216                5.94                2.14                319                 2.31                -3.856279           -49.821134          F 
150470                          8                   0.00100             3216                5.94                2.14                109                 0.86                -2.683911           -49.074042          F 
150520                          8                   0.00100             3216                5.94                2.14                1                   0                   -2.278919           -49.902330          F 
150210                          8                   0.00100             3216                5.94                2.14                0                   n/a                 -2.253062           -49.513572          F 
150110                          8                   0.00100             3216                5.94                2.14                1                   0.051               -2.373143           -50.181767          F 
150795                          8                   0.00100             3216                5.94                2.14                23                  0.86                -2.907819           -48.736701          F 
150548                          8                   0.00100             3216                5.94                2.14                1549                6.93                -3.684126           -50.631681          F 
150309                          8                   0.00100             3216                5.94                2.14                904                 7.73                -4.027193           -49.005718          F 
160015                          9                   0.00100             2656                6.25                2.14                555                 5.20                1.157614            -52.519564          F 
160005                          9                   0.00100             2656                6.25                2.14                216                 5.91                1.651748            -52.268139          F 
160027                          9                   0.00100             2656                6.25                2.14                93                  0.21                1.101364            -53.310546          F 
160053                          9                   0.00100             2656                6.25                2.14                1379                6.47                0.585628            -51.669983          F 
160023                          9                   0.00100             2656                6.25                2.14                413                 8.44                0.957104            -51.417351          F 
130020                          10                  0.00100             3532                4.88                2.14                1331                6.33                -5.711904           -71.741371          F 
130060                          10                  0.00100             3532                4.88                2.14                117                 2.32                -5.426669           -70.276117          F 
130180                          10                  0.00100             3532                4.88                2.14                1211                3.92                -7.180512           -71.412867          F 
130165                          10                  0.00100             3532                4.88                2.14                873                 4.36                -7.229781           -72.844588          F 
130353                          11                  0.00100             903                 6.20                2.16                903                 6.20                -1.370920           -59.989553          F 
110070                          12                  0.00100             866                 6.01                2.16                866                 6.01                -10.484934          -63.799716          F 
130200                          13                  0.00100             854                 5.88                2.17                137                 2.83                -2.497237           -58.613268          F 
130400                          13                  0.00100             854                 5.88                2.17                366                 7.32                -2.820549           -58.537087          F 
130395                          13                  0.00100             854                 5.88                2.17                351                 5.57                -1.941762           -58.705261          F 
130100                          14                  0.00100             4255                3.47                2.16                171                 0.35                -5.118516           -67.337472          F 
130230                          14                  0.00100             4255                3.47                2.16                375                 0.79                -4.715291           -68.406304          F 
130195                          14                  0.00100             4255                3.47                2.16                7                   0.19                -6.682822           -68.112841          F 
130220                          14                  0.00100             4255                3.47                2.16                273                 1.88                -3.524464           -66.307799          F 
130420                          14                  0.00100             4255                3.47                2.16                3429                4.05                -4.470111           -65.531536          F 
130320                          15                  0.00100             614                 5.40                2.17                258                 4.47                -2.048246           -61.703420          F 
130083                          15                  0.00100             614                 5.40                2.17                356                 6.07                -3.082019           -61.877758          F 
110026                          16                  0.00100             166                 7.07                2.17                166                 7.07                -9.645212           -62.790074          F 
120020                          17                  0.00100             4980                2.88                2.16                4980                2.88                -7.971860           -72.754808          F 
120043                          18                  0.00100             942                 3.53                2.17                0                   n/a                 -9.410638           -70.395784          F 
120034                          18                  0.00100             942                 3.53                2.17                1                   0.14                -9.381104           -69.853779          F 
120030                          18                  0.00100             942                 3.53                2.17                1                   0.031               -8.924432           -70.744771          F 
120050                          18                  0.00100             942                 3.53                2.17                5                   0.017               -9.771422           -69.381795          F 
120005                          18                  0.00100             942                 3.53                2.17                0                   n/a                 -10.779759          -70.005684          F 
120032                          18                  0.00100             942                 3.53                2.17                13                  0.12                -9.242653           -71.906112          F 
120060                          18                  0.00100             942                 3.53                2.17                922                 3.61                -8.239466           -71.444992          F 
130356                          19                  0.00100             413                 4.01                2.17                413                 4.01                -2.529823           -59.638380          F 
130185                          20                  0.00100             1061                3.16                2.17                1061                3.16                -3.095219           -60.479687          F 
150503                          21                  0.00100             330                 3.49                2.17                330                 3.49                -8.062277           -55.612026          F 
110009                          22                  0.0200              351                 3.14                2.17                351                 3.14                -11.351342          -60.784831          F 
130014                          23                  0.182               265                 3.11                2.17                265                 3.11                -7.759951           -59.432108          F 
