120042                          1                   0.00100             4514                45.59               5.24                4514                45.59               -7.843835           -73.223448          F 
130115                          2                   0.00100             12710               15.00               5.35                611                 8.02                -3.286012           -59.598677          F 
130030                          2                   0.00100             12710               15.00               5.35                2804                11.29               -3.787231           -59.525534          F 
130356                          2                   0.00100             12710               15.00               5.35                4762                15.33               -2.529823           -59.638380          F 
130110                          2                   0.00100             12710               15.00               5.35                4533                17.87               -3.770484           -60.183273          F 
120033                          3                   0.00100             6293                17.94               5.43                6293                17.94               -7.504430           -73.439094          F 
150548                          4                   0.00100             5850                16.28               5.46                5091                15.88               -3.684126           -50.631681          F 
150085                          4                   0.00100             5850                16.28               5.46                759                 18.97               -3.997185           -51.301278          F 
110080                          5                   0.00100             7270                14.52               5.46                4562                13.65               -8.886994           -63.325621          F 
110110                          5                   0.00100             7270                14.52               5.46                2708                15.99               -9.170210           -63.044941          F 
160005                          6                   0.00100             2932                17.81               5.51                532                 16.59               1.651748            -52.268139          F 
160015                          6                   0.00100             2932                17.81               5.51                1932                18.94               1.157614            -52.519564          F 
160055                          6                   0.00100             2932                17.81               5.51                51                  1.62                1.625815            -51.278530          F 
160023                          6                   0.00100             2932                17.81               5.51                417                 16.08               0.957104            -51.417351          F 
110033                          7                   0.00100             5351                13.99               5.50                3694                14.12               -10.382167          -64.629100          F 
110045                          7                   0.00100             5351                13.99               5.50                1657                13.69               -10.052115          -63.941163          F 
140017                          8                   0.00100             1084                22.43               5.55                1084                22.43               2.272837            -60.542285          F 
130240                          9                   0.00100             3481                13.69               5.53                3481                13.69               -8.375601           -65.811663          F 
130320                          10                  0.00100             2524                14.96               5.54                1189                18.41               -2.048246           -61.703420          F 
130083                          10                  0.00100             2524                14.96               5.54                1335                11.88               -3.082019           -61.877758          F 
150300                          11                  0.00100             6621                10.20               5.52                132                 0.065               -1.159150           -57.805908          F 
130300                          11                  0.00100             6621                10.20               5.52                96                  0.21                -1.680586           -57.656245          F 
130395                          11                  0.00100             6621                10.20               5.52                1002                14.32               -1.941762           -58.705261          F 
130430                          11                  0.00100             6621                10.20               5.52                388                 3.23                -0.894390           -59.029588          F 
150530                          11                  0.00100             6621                10.20               5.52                205                 0.12                0.254980            -57.149825          F 
130200                          11                  0.00100             6621                10.20               5.52                361                 5.87                -2.497237           -58.613268          F 
150797                          11                  0.00100             6621                10.20               5.52                0                   n/a                 -1.951503           -56.458424          F 
130440                          11                  0.00100             6621                10.20               5.52                4                   0.54                -2.813757           -57.771310          F 
130340                          11                  0.00100             6621                10.20               5.52                9                   0.10                -2.688098           -56.854645          F 
130400                          11                  0.00100             6621                10.20               5.52                905                 11.63               -2.820549           -58.537087          F 
130068                          11                  0.00100             6621                10.20               5.52                10                  0.26                -3.137811           -57.670110          F 
130050                          11                  0.00100             6621                10.20               5.52                5                   0.066               -3.129025           -57.172383          F 
150390                          11                  0.00100             6621                10.20               5.52                1                   0.054               -2.622889           -56.221390          F 
130353                          11                  0.00100             6621                10.20               5.52                3503                11.19               -1.370920           -59.989553          F 
150070                          12                  0.00100             3211                10.45               5.55                3211                10.45               -0.827133           -49.961391          F 
130002                          13                  0.00100             895                 10.05               5.57                895                 10.05               -3.694685           -65.324447          F 
120034                          14                  0.00100             1293                9.07                5.57                0                   n/a                 -9.381104           -69.853779          F 
120043                          14                  0.00100             1293                9.07                5.57                0                   n/a                 -9.410638           -70.395784          F 
120050                          14                  0.00100             1293                9.07                5.57                13                  0.053               -9.771422           -69.381795          F 
120030                          14                  0.00100             1293                9.07                5.57                104                 0.24                -8.924432           -70.744771          F 
120005                          14                  0.00100             1293                9.07                5.57                1                   0.19                -10.779759          -70.005684          F 
120010                          14                  0.00100             1293                9.07                5.57                1                   0                   -10.747374          -69.207478          F 
120040                          14                  0.00100             1293                9.07                5.57                202                 0.38                -10.066135          -68.371062          F 
120013                          14                  0.00100             1293                9.07                5.57                69                  2.01                -9.614095           -68.173711          F 
120070                          14                  0.00100             1293                9.07                5.57                50                  0.63                -10.575599          -68.504733          F 
130150                          14                  0.00100             1293                9.07                5.57                3                   0.073               -7.573304           -70.055086          F 
130070                          14                  0.00100             1293                9.07                5.57                850                 13.47               -8.773155           -68.047634          F 
110160                          15                  0.00100             6004                7.06                5.56                242                 3.53                -10.121769          -62.342505          F 
110180                          15                  0.00100             6004                7.06                5.56                36                  1.34                -10.384257          -62.094047          F 
110015                          15                  0.00100             6004                7.06                5.56                35                  1.65                -10.610553          -62.172532          F 
110011                          15                  0.00100             6004                7.06                5.56                22                  2.50                -10.592448          -62.584866          F 
110175                          15                  0.00100             6004                7.06                5.56                439                 6.14                -9.732434           -61.939101          F 
110002                          15                  0.00100             6004                7.06                5.56                562                 4.60                -9.951890           -62.957255          F 
110026                          15                  0.00100             6004                7.06                5.56                124                 10.73               -9.645212           -62.790074          F 
110060                          15                  0.00100             6004                7.06                5.56                9                   1.89                -10.331603          -62.987261          F 
110012                          15                  0.00100             6004                7.06                5.56                27                  1.04                -10.462221          -61.757253          F 
110143                          15                  0.00100             6004                7.06                5.56                2                   1.15                -10.889344          -62.532357          F 
110155                          15                  0.00100             6004                7.06                5.56                0                   n/a                 -10.943453          -62.279772          F 
110013                          15                  0.00100             6004                7.06                5.56                2136                6.18                -9.204091           -62.010380          F 
110094                          15                  0.00100             6004                7.06                5.56                1193                10.27               -9.171094           -62.565336          F 
110170                          15                  0.00100             6004                7.06                5.56                25                  1.53                -11.103953          -62.424410          F 
110140                          15                  0.00100             6004                7.06                5.56                269                 4.57                -10.210832          -63.372393          F 
110100                          15                  0.00100             6004                7.06                5.56                7                   0.57                -10.748029          -63.184012          F 
110130                          15                  0.00100             6004                7.06                5.56                18                  1.94                -11.076838          -62.847979          F 
110040                          15                  0.00100             6004                7.06                5.56                858                 9.29                -9.649310           -63.394322          F 
120039                          16                  0.0210              215                 10.42               5.58                215                 10.42               -8.491909           -72.733551          F 
160080                          17                  0.0820              4791                6.40                5.57                60                  0.68                -0.996442           -52.061178          F 
150310                          17                  0.0820              4791                6.40                5.57                12                  0.025               -1.149438           -51.553921          F 
160040                          17                  0.0820              4791                6.40                5.57                903                 6.23                -0.0668366          -51.951193          F 
150450                          17                  0.0820              4791                6.40                5.57                6                   0.090               -1.607632           -51.103864          F 
150590                          17                  0.0820              4791                6.40                5.57                387                 0.18                -2.184593           -52.547751          F 
160060                          17                  0.0820              4791                6.40                5.57                1543                1.74                0.129806            -51.378365          F 
150180                          17                  0.0820              4791                6.40                5.57                180                 0.62                -1.120905           -50.628146          F 
150030                          17                  0.0820              4791                6.40                5.57                209                 1.01                -0.262841           -50.725905          F 
160053                          17                  0.0820              4791                6.40                5.57                1491                14.71               0.585628            -51.669983          F 
