1                   1                   1                   3599                39.84               4.18                32.66               5.71                
2                   1                   1                   7466                24.98               4.12                35.62               5.97                
3                   1                   1                   9103                17.03               4.21                39.43               6.28                
4                   1                   1                   7336                11.11               4.36                41.94               6.48                
5                   1                   1                   10949               9.69                4.34                41.99               6.48                
6                   1                   1                   2524                15.25               4.41                42.01               6.48                
7                   1                   1                   8631                9.50                4.37                42.17               6.49                
8                   1                   1                   934                 19.81               4.44                42.18               6.49                
9                   1                   1                   8273                8.97                4.38                42.29               6.50                
10                  1                   1                   3010                10.08               4.43                42.45               6.52                
11                  1                   1                   1431                9.12                4.45                42.59               6.53                
12                  1                   1                   1541                8.88                4.45                42.60               6.53                
13                  1                   1                   2285                6.90                4.45                42.63               6.53                
14                  1                   1                   1143                7.40                4.46                42.64               6.53                
15                  1                   1                   502                 7.03                4.46                42.66               6.53                
