120042                          1                   0.00100             5236                78.41               5.66                5236                78.41               -7.843835           -73.223448          F 
130110                          2                   0.00100             6826                32.56               5.99                6826                32.56               -3.770484           -60.183273          F 
110080                          3                   0.00100             7472                20.65               6.12                4027                15.04               -8.886994           -63.325621          F 
110110                          3                   0.00100             7472                20.65               6.12                3445                27.21               -9.170210           -63.044941          F 
130430                          4                   0.00100             17313               15.22               6.03                557                 4.33                -0.894390           -59.029588          F 
130353                          4                   0.00100             17313               15.22               6.03                6110                12.61               -1.370920           -59.989553          F 
130395                          4                   0.00100             17313               15.22               6.03                1289                23.78               -1.941762           -58.705261          F 
150300                          4                   0.00100             17313               15.22               6.03                95                  0.043               -1.159150           -57.805908          F 
130300                          4                   0.00100             17313               15.22               6.03                90                  0.14                -1.680586           -57.656245          F 
130200                          4                   0.00100             17313               15.22               6.03                754                 10.72               -2.497237           -58.613268          F 
140050                          4                   0.00100             17313               15.22               6.03                108                 3.56                0.635780            -59.845020          F 
130356                          4                   0.00100             17313               15.22               6.03                6453                18.98               -2.529823           -59.638380          F 
140023                          4                   0.00100             17313               15.22               6.03                473                 1.48                0.914690            -59.338144          F 
130400                          4                   0.00100             17313               15.22               6.03                1384                15.64               -2.820549           -58.537087          F 
130020                          5                   0.00100             8326                15.40               6.17                221                 1.15                -5.711904           -71.741371          F 
130060                          5                   0.00100             8326                15.40               6.17                75                  0.49                -5.426669           -70.276117          F 
130180                          5                   0.00100             8326                15.40               6.17                246                 0.76                -7.180512           -71.412867          F 
130165                          5                   0.00100             8326                15.40               6.17                2094                1.11                -7.229781           -72.844588          F 
130140                          5                   0.00100             8326                15.40               6.17                9                   0.041               -7.021998           -70.218248          F 
120033                          5                   0.00100             8326                15.40               6.17                5681                22.08               -7.504430           -73.439094          F 
150548                          6                   0.00100             6427                16.47               6.19                6427                16.47               -3.684126           -50.631681          F 
110033                          7                   0.00100             7291                14.96               6.19                4122                17.11               -10.382167          -64.629100          F 
110045                          7                   0.00100             7291                14.96               6.19                3169                12.15               -10.052115          -63.941163          F 
160040                          8                   0.00100             2422                20.60               6.24                2422                20.60               -0.0668366          -51.951193          F 
140017                          9                   0.00100             2945                19.24               6.23                2945                19.24               2.272837            -60.542285          F 
120020                          10                  0.00100             13280               11.90               6.17                13280               11.90               -7.971860           -72.754808          F 
130080                          11                  0.00100             4577                12.67               6.25                1956                3.41                -4.957617           -59.534694          F 
130030                          11                  0.00100             4577                12.67               6.25                2621                19.58               -3.787231           -59.525534          F 
130320                          12                  0.00100             2015                14.10               6.27                1346                15.59               -2.048246           -61.703420          F 
130083                          12                  0.00100             2015                14.10               6.27                669                 11.11               -3.082019           -61.877758          F 
130240                          13                  0.00100             1411                14.89               6.28                1411                14.89               -8.375601           -65.811663          F 
130185                          14                  0.00100             1974                11.28               6.28                1974                11.28               -3.095219           -60.479687          F 
150520                          15                  0.00100             1039                12.82               6.29                3                   0.026               -2.278919           -49.902330          F 
150110                          15                  0.00100             1039                12.82               6.29                24                  0.20                -2.373143           -50.181767          F 
150210                          15                  0.00100             1039                12.82               6.29                2                   0.10                -2.253062           -49.513572          F 
150460                          15                  0.00100             1039                12.82               6.29                3                   0.076               -2.576689           -49.466382          F 
150400                          15                  0.00100             1039                12.82               6.29                0                   n/a                 -1.864269           -49.469137          F 
150280                          15                  0.00100             1039                12.82               6.29                157                 1.89                -1.583462           -49.988034          F 
150330                          15                  0.00100             1039                12.82               6.29                2                   0.051               -2.062706           -49.130745          F 
150770                          15                  0.00100             1039                12.82               6.29                2                   0.026               -1.434118           -49.680283          F 
150120                          15                  0.00100             1039                12.82               6.29                846                 15.39               -3.129827           -49.698980          F 
130002                          16                  0.00100             1220                12.08               6.29                1220                12.08               -3.694685           -65.324447          F 
110011                          17                  0.00100             7403                7.99                6.28                32                  2.80                -10.592448          -62.584866          F 
110143                          17                  0.00100             7403                7.99                6.28                0                   n/a                 -10.889344          -62.532357          F 
110015                          17                  0.00100             7403                7.99                6.28                14                  1.18                -10.610553          -62.172532          F 
110155                          17                  0.00100             7403                7.99                6.28                1                   1.54                -10.943453          -62.279772          F 
110060                          17                  0.00100             7403                7.99                6.28                23                  2.11                -10.331603          -62.987261          F 
110180                          17                  0.00100             7403                7.99                6.28                48                  3.07                -10.384257          -62.094047          F 
110160                          17                  0.00100             7403                7.99                6.28                141                 2.59                -10.121769          -62.342505          F 
110170                          17                  0.00100             7403                7.99                6.28                18                  0.65                -11.103953          -62.424410          F 
110130                          17                  0.00100             7403                7.99                6.28                6                   1.75                -11.076838          -62.847979          F 
110100                          17                  0.00100             7403                7.99                6.28                5                   0.83                -10.748029          -63.184012          F 
110034                          17                  0.00100             7403                7.99                6.28                22                  0.44                -11.311421          -62.544992          F 
110002                          17                  0.00100             7403                7.99                6.28                1374                5.55                -9.951890           -62.957255          F 
110012                          17                  0.00100             7403                7.99                6.28                114                 1.25                -10.462221          -61.757253          F 
110140                          17                  0.00100             7403                7.99                6.28                573                 6.59                -10.210832          -63.372393          F 
110025                          17                  0.00100             7403                7.99                6.28                3                   0.63                -11.166274          -61.877953          F 
110026                          17                  0.00100             7403                7.99                6.28                205                 12.03               -9.645212           -62.790074          F 
110175                          17                  0.00100             7403                7.99                6.28                568                 5.41                -9.732434           -61.939101          F 
110014                          17                  0.00100             7403                7.99                6.28                18                  0.52                -11.643119          -62.280238          F 
110032                          17                  0.00100             7403                7.99                6.28                24                  0.065               -11.614969          -62.983248          F 
110090                          17                  0.00100             7403                7.99                6.28                13                  0.54                -11.470802          -61.880070          F 
110120                          17                  0.00100             7403                7.99                6.28                0                   n/a                 -11.160294          -61.568969          F 
110050                          17                  0.00100             7403                7.99                6.28                3                   0.60                -11.681094          -62.083202          F 
110070                          17                  0.00100             7403                7.99                6.28                1069                11.35               -10.484934          -63.799716          F 
110040                          17                  0.00100             7403                7.99                6.28                1448                9.52                -9.649310           -63.394322          F 
110150                          17                  0.00100             7403                7.99                6.28                42                  0.21                -11.807218          -63.230699          F 
110028                          17                  0.00100             7403                7.99                6.28                3                   0.48                -11.732558          -61.771556          F 
110094                          17                  0.00100             7403                7.99                6.28                1636                9.45                -9.171094           -62.565336          F 
120050                          18                  0.867               811                 8.83                6.30                3                   0.091               -9.771422           -69.381795          F 
120034                          18                  0.867               811                 8.83                6.30                0                   n/a                 -9.381104           -69.853779          F 
120010                          18                  0.867               811                 8.83                6.30                20                  0.099               -10.747374          -69.207478          F 
120040                          18                  0.867               811                 8.83                6.30                178                 0.25                -10.066135          -68.371062          F 
120043                          18                  0.867               811                 8.83                6.30                0                   n/a                 -9.410638           -70.395784          F 
120070                          18                  0.867               811                 8.83                6.30                71                  0.44                -10.575599          -68.504733          F 
120005                          18                  0.867               811                 8.83                6.30                0                   n/a                 -10.779759          -70.005684          F 
120013                          18                  0.867               811                 8.83                6.30                9                   0.46                -9.614095           -68.173711          F 
120025                          18                  0.867               811                 8.83                6.30                0                   n/a                 -10.889196          -68.618222          F 
120030                          18                  0.867               811                 8.83                6.30                43                  0.16                -8.924432           -70.744771          F 
130070                          18                  0.867               811                 8.83                6.30                487                 14.53               -8.773155           -68.047634          F 
