1                   120042                          -7.843835           -73.223448          0                   2006/1/1          2006/3/31         1                   86704.291927        0.00100             4514                45.59               5.24                35.63               5.97                F 
2                   130115                          -3.286012           -59.598677          84.28               2006/7/1          2006/11/30        4                   12007.624673        0.00100             12710               15.00               5.35                46.99               6.86                F 
3                   120033                          -7.504430           -73.439094          0                   2006/5/1          2006/10/31        1                   10089.821371        0.00100             6293                17.94               5.43                47.33               6.88                F 
4                   150548                          -3.684126           -50.631681          81.99               2006/7/1          2006/10/31        2                   6979.721541         0.00100             5850                16.28               5.46                47.88               6.92                F 
5                   110080                          -8.886994           -63.325621          44.04               2006/6/1          2006/11/30        2                   6065.518951         0.00100             7270                14.52               5.46                48.04               6.93                F 
6                   160005                          1.651748            -52.268139          122.03              2006/7/1          2006/12/31        4                   4522.547150         0.00100             2932                17.81               5.51                48.31               6.95                F 
7                   110033                          -10.382167          -64.629100          83.70               2006/1/1          2006/6/30         2                   3916.250427         0.00100             5351                13.99               5.50                48.42               6.96                F 
8                   140017                          2.272837            -60.542285          0                   2006/1/1          2006/2/28         1                   3158.914899         0.00100             1084                22.43               5.55                48.56               6.97                F 
9                   130240                          -8.375601           -65.811663          0                   2006/6/1          2006/9/30         1                   2353.318244         0.00100             3481                13.69               5.53                48.70               6.98                F 
10                  130320                          -2.048246           -61.703420          116.50              2006/7/1          2006/9/30         2                   2278.749831         0.00100             2524                14.96               5.54                48.72               6.98                F 
11                  150300                          -1.159150           -57.805908          243.74              2006/7/1          2006/10/31        14                  1457.874367         0.00100             6621                10.20               5.52                48.87               6.99                F 
12                  150070                          -0.827133           -49.961391          0                   2006/7/1          2006/9/30         1                   782.381112          0.00100             3211                10.45               5.55                48.99               7.00                F 
13                  130002                          -3.694685           -65.324447          0                   2006/7/1          2006/9/30         1                   182.710213          0.00100             895                 10.05               5.57                49.10               7.01                F 
14                  120034                          -9.381104           -69.853779          209.39              2006/6/1          2006/8/31         11                  160.431704          0.00100             1293                9.07                5.57                49.10               7.01                F 
15                  110160                          -10.121769          -62.342505          126.55              2006/7/1          2006/8/31         18                  135.692368          0.00100             6004                7.06                5.56                49.11               7.01                F 
16                  120039                          -8.491909           -72.733551          0                   2006/1/1          2006/2/28         1                   51.284430           0.0210              215                 10.42               5.58                49.12               7.01                F 
17                  160080                          -0.996442           -52.061178          181.10              2006/8/1          2006/10/31        9                   33.424834           0.0820              4791                6.40                5.57                49.12               7.01                F 
