1                   130110                          -3.770484           -60.183273          72.96               2007/6/1          2007/9/30         3                   35136.026266        0.00100             9299                13.23               3.12                12.24               3.50                F 
2                   120033                          -7.504430           -73.439094          44.57               2007/1/1          2007/5/31         2                   25945.162944        0.00100             7594                12.86               3.17                12.75               3.57                F 
3                   110033                          -10.382167          -64.629100          83.70               2007/3/1          2007/8/31         2                   12755.979963        0.00100             5126                11.60               3.23                13.53               3.68                F 
4                   130002                          -3.694685           -65.324447          0                   2007/4/1          2007/9/30         1                   12745.175096        0.00100             2443                15.35               3.26                13.53               3.68                F 
5                   110080                          -8.886994           -63.325621          44.04               2007/6/1          2007/11/30        2                   8728.524478         0.00100             5277                10.11               3.25                13.77               3.71                F 
6                   130083                          -3.082019           -61.877758          0                   2007/4/1          2007/9/30         1                   7329.879305         0.00100             2973                11.64               3.27                13.86               3.72                F 
7                   140017                          2.272837            -60.542285          0                   2007/1/1          2007/2/28         1                   5123.935363         0.00100             857                 16.33               3.30                13.99               3.74                F 
8                   130356                          -2.529823           -59.638380          0                   2007/1/1          2007/3/31         1                   3041.713711         0.00100             1783                10.28               3.30                14.13               3.76                F 
9                   160015                          1.157614            -52.519564          124.47              2007/1/1          2007/3/31         5                   3027.654007         0.00100             1864                10.11               3.30                14.13               3.76                F 
10                  130395                          -1.941762           -58.705261          0                   2007/6/1          2007/10/31        1                   2332.851414         0.00100             1025                11.37               3.31                14.17               3.76                F 
11                  150548                          -3.684126           -50.631681          0                   2007/7/1          2007/11/30        1                   1433.625680         0.00100             3463                6.75                3.30                14.23               3.77                F 
12                  150309                          -4.027193           -49.005718          0                   2007/7/1          2007/12/31        1                   572.514032          0.00100             1966                6.21                3.32                14.28               3.78                F 
13                  130185                          -3.095219           -60.479687          57.46               2007/7/1          2007/8/31         2                   358.935328          0.00100             3078                5.15                3.32                14.30               3.78                F 
14                  130014                          -7.759951           -59.432108          155.20              2007/3/1          2007/8/31         2                   346.480113          0.00100             3750                4.95                3.32                14.30               3.78                F 
15                  110155                          -10.943453          -62.279772          173.60              2007/1/1          2007/2/28         32                  303.074250          0.00100             2096                5.36                3.32                14.30               3.78                F 
16                  150070                          -0.827133           -49.961391          0                   2007/6/1          2007/7/31         1                   234.213764          0.00100             1522                5.42                3.32                14.30               3.78                F 
17                  130410                          -6.093702           -64.955796          191.34              2007/7/1          2007/8/31         3                   73.693504           0.00100             4874                3.98                3.32                14.31               3.78                F 
18                  150503                          -8.062277           -55.612026          0                   2007/9/1          2007/10/31        1                   63.145024           0.00100             478                 5.27                3.33                14.31               3.78                F 
19                  130060                          -5.426669           -70.276117          165.13              2007/5/1          2007/6/30         3                   42.456454           0.00100             1256                4.31                3.33                14.32               3.78                F 
