110110                          1                   0.00100             3599                39.84               4.18                3599                39.84               -9.170210           -63.044941          F 
110033                          2                   0.00100             7466                24.98               4.12                4121                28.21               -10.382167          -64.629100          F 
110045                          2                   0.00100             7466                24.98               4.12                3345                21.00               -10.052115          -63.941163          F 
130110                          3                   0.00100             9103                17.03               4.21                7636                18.20               -3.770484           -60.183273          F 
130255                          3                   0.00100             9103                17.03               4.21                1467                10.92               -3.779051           -60.697266          F 
140030                          4                   0.00100             7336                11.11               4.36                1550                12.18               2.510971            -61.996789          F 
140028                          4                   0.00100             7336                11.11               4.36                1068                14.36               2.181808            -62.401659          F 
140005                          4                   0.00100             7336                11.11               4.36                1022                3.44                3.072100            -62.742368          F 
140002                          4                   0.00100             7336                11.11               4.36                484                 6.93                3.732902            -62.437022          F 
140010                          4                   0.00100             7336                11.11               4.36                569                 1.97                3.117915            -60.717953          F 
140017                          4                   0.00100             7336                11.11               4.36                2643                14.88               2.272837            -60.542285          F 
130170                          5                   0.00100             10949               9.69                4.34                1635                1.64                -7.361218           -62.486435          F 
130270                          5                   0.00100             10949               9.69                4.34                1173                1.50                -6.459960           -61.446773          F 
130090                          5                   0.00100             10949               9.69                4.34                1021                1.93                -7.300758           -64.061903          F 
110080                          5                   0.00100             10949               9.69                4.34                4105                14.60               -8.886994           -63.325621          F 
110094                          5                   0.00100             10949               9.69                4.34                3015                13.20               -9.171094           -62.565336          F 
160040                          6                   0.00100             2524                15.25               4.41                2524                15.25               -0.0668366          -51.951193          F 
130430                          7                   0.00100             8631                9.50                4.37                617                 3.90                -0.894390           -59.029588          F 
130353                          7                   0.00100             8631                9.50                4.37                2824                7.72                -1.370920           -59.989553          F 
130395                          7                   0.00100             8631                9.50                4.37                1033                17.62               -1.941762           -58.705261          F 
150300                          7                   0.00100             8631                9.50                4.37                31                  0                   -1.159150           -57.805908          F 
130300                          7                   0.00100             8631                9.50                4.37                24                  0.097               -1.680586           -57.656245          F 
130200                          7                   0.00100             8631                9.50                4.37                831                 7.78                -2.497237           -58.613268          F 
140050                          7                   0.00100             8631                9.50                4.37                196                 3.81                0.635780            -59.845020          F 
130356                          7                   0.00100             8631                9.50                4.37                3075                10.53               -2.529823           -59.638380          F 
120042                          8                   0.00100             934                 19.81               4.44                934                 19.81               -7.843835           -73.223448          F 
110140                          9                   0.00100             8273                8.97                4.38                482                 4.31                -10.210832          -63.372393          F 
110060                          9                   0.00100             8273                8.97                4.38                103                 3.08                -10.331603          -62.987261          F 
110002                          9                   0.00100             8273                8.97                4.38                2053                5.77                -9.951890           -62.957255          F 
110070                          9                   0.00100             8273                8.97                4.38                2502                13.07               -10.484934          -63.799716          F 
110040                          9                   0.00100             8273                8.97                4.38                3133                8.71                -9.649310           -63.394322          F 
130185                          10                  0.00100             3010                10.08               4.43                3010                10.08               -3.095219           -60.479687          F 
130002                          11                  0.00100             1431                9.12                4.45                1431                9.12                -3.694685           -65.324447          F 
150085                          12                  0.00100             1541                8.88                4.45                1541                8.88                -3.997185           -51.301278          F 
150470                          13                  0.00100             2285                6.90                4.45                1211                6.47                -2.683911           -49.074042          F 
150795                          13                  0.00100             2285                6.90                4.45                334                 8.26                -2.907819           -48.736701          F 
150460                          13                  0.00100             2285                6.90                4.45                3                   0.14                -2.576689           -49.466382          F 
150210                          13                  0.00100             2285                6.90                4.45                5                   0.052               -2.253062           -49.513572          F 
150330                          13                  0.00100             2285                6.90                4.45                6                   0.15                -2.062706           -49.130745          F 
150120                          13                  0.00100             2285                6.90                4.45                726                 7.13                -3.129827           -49.698980          F 
130320                          14                  0.00100             1143                7.40                4.46                733                 7.64                -2.048246           -61.703420          F 
130083                          14                  0.00100             1143                7.40                4.46                410                 6.98                -3.082019           -61.877758          F 
110009                          15                  0.00600             502                 7.03                4.46                502                 7.03                -11.351342          -60.784831          F 
