130110                          1                   0.00100             9299                13.23               3.12                5173                14.50               -3.770484           -60.183273          F 
130255                          1                   0.00100             9299                13.23               3.12                355                 3.02                -3.779051           -60.697266          F 
130030                          1                   0.00100             9299                13.23               3.12                3771                12.45               -3.787231           -59.525534          F 
120033                          2                   0.00100             7594                12.86               3.17                3436                8.89                -7.504430           -73.439094          F 
120042                          2                   0.00100             7594                12.86               3.17                4158                16.14               -7.843835           -73.223448          F 
110033                          3                   0.00100             5126                11.60               3.23                3755                9.92                -10.382167          -64.629100          F 
110045                          3                   0.00100             5126                11.60               3.23                1371                16.21               -10.052115          -63.941163          F 
130002                          4                   0.00100             2443                15.35               3.26                2443                15.35               -3.694685           -65.324447          F 
110080                          5                   0.00100             5277                10.11               3.25                3614                11.39               -8.886994           -63.325621          F 
110110                          5                   0.00100             5277                10.11               3.25                1663                7.31                -9.170210           -63.044941          F 
130083                          6                   0.00100             2973                11.64               3.27                2973                11.64               -3.082019           -61.877758          F 
140017                          7                   0.00100             857                 16.33               3.30                857                 16.33               2.272837            -60.542285          F 
130356                          8                   0.00100             1783                10.28               3.30                1783                10.28               -2.529823           -59.638380          F 
160015                          9                   0.00100             1864                10.11               3.30                496                 10.22               1.157614            -52.519564          F 
160005                          9                   0.00100             1864                10.11               3.30                165                 17.75               1.651748            -52.268139          F 
160027                          9                   0.00100             1864                10.11               3.30                80                  0.26                1.101364            -53.310546          F 
160053                          9                   0.00100             1864                10.11               3.30                948                 9.55                0.585628            -51.669983          F 
160023                          9                   0.00100             1864                10.11               3.30                175                 10.17               0.957104            -51.417351          F 
130395                          10                  0.00100             1025                11.37               3.31                1025                11.37               -1.941762           -58.705261          F 
150548                          11                  0.00100             3463                6.75                3.30                3463                6.75                -3.684126           -50.631681          F 
150309                          12                  0.00100             1966                6.21                3.32                1966                6.21                -4.027193           -49.005718          F 
130185                          13                  0.00100             3078                5.15                3.32                958                 6.27                -3.095219           -60.479687          F 
130250                          13                  0.00100             3078                5.15                3.32                2120                4.64                -3.291538           -60.958758          F 
130014                          14                  0.00100             3750                4.95                3.32                717                 5.47                -7.759951           -59.432108          F 
130330                          14                  0.00100             3750                4.95                3.32                3033                4.83                -6.824013           -60.477155          F 
110155                          15                  0.00100             2096                5.36                3.32                0                   n/a                 -10.943453          -62.279772          F 
110170                          15                  0.00100             2096                5.36                3.32                10                  0.51                -11.103953          -62.424410          F 
110143                          15                  0.00100             2096                5.36                3.32                1                   1.03                -10.889344          -62.532357          F 
110015                          15                  0.00100             2096                5.36                3.32                5                   1.45                -10.610553          -62.172532          F 
110034                          15                  0.00100             2096                5.36                3.32                74                  2.12                -11.311421          -62.544992          F 
110025                          15                  0.00100             2096                5.36                3.32                8                   2.07                -11.166274          -61.877953          F 
110011                          15                  0.00100             2096                5.36                3.32                37                  1.27                -10.592448          -62.584866          F 
110130                          15                  0.00100             2096                5.36                3.32                40                  1.46                -11.076838          -62.847979          F 
110180                          15                  0.00100             2096                5.36                3.32                14                  1.03                -10.384257          -62.094047          F 
110090                          15                  0.00100             2096                5.36                3.32                10                  1.43                -11.470802          -61.880070          F 
110014                          15                  0.00100             2096                5.36                3.32                17                  1.14                -11.643119          -62.280238          F 
110012                          15                  0.00100             2096                5.36                3.32                19                  0.51                -10.462221          -61.757253          F 
110120                          15                  0.00100             2096                5.36                3.32                2                   0.15                -11.160294          -61.568969          F 
110050                          15                  0.00100             2096                5.36                3.32                5                   0.52                -11.681094          -62.083202          F 
110160                          15                  0.00100             2096                5.36                3.32                165                 2.61                -10.121769          -62.342505          F 
110100                          15                  0.00100             2096                5.36                3.32                9                   1.10                -10.748029          -63.184012          F 
110060                          15                  0.00100             2096                5.36                3.32                19                  1.95                -10.331603          -62.987261          F 
110028                          15                  0.00100             2096                5.36                3.32                0                   n/a                 -11.732558          -61.771556          F 
110032                          15                  0.00100             2096                5.36                3.32                19                  0.44                -11.614969          -62.983248          F 
110004                          15                  0.00100             2096                5.36                3.32                11                  0.36                -11.301287          -61.324729          F 
110002                          15                  0.00100             2096                5.36                3.32                425                 3.51                -9.951890           -62.957255          F 
110029                          15                  0.00100             2096                5.36                3.32                2                   0.22                -12.026968          -61.701091          F 
110148                          15                  0.00100             2096                5.36                3.32                0                   n/a                 -11.904968          -61.467070          F 
110175                          15                  0.00100             2096                5.36                3.32                152                 2.81                -9.732434           -61.939101          F 
110150                          15                  0.00100             2096                5.36                3.32                4                   0.17                -11.807218          -63.230699          F 
110140                          15                  0.00100             2096                5.36                3.32                269                 6.21                -10.210832          -63.372393          F 
110147                          15                  0.00100             2096                5.36                3.32                0                   n/a                 -11.878686          -61.315335          F 
510757                          15                  0.00100             2096                5.36                3.32                78                  0.13                -10.463060          -61.009966          F 
110026                          15                  0.00100             2096                5.36                3.32                88                  10.35               -9.645212           -62.790074          F 
110009                          15                  0.00100             2096                5.36                3.32                12                  0.44                -11.351342          -60.784831          F 
110001                          15                  0.00100             2096                5.36                3.32                18                  0.10                -12.470132          -62.274661          F 
110070                          15                  0.00100             2096                5.36                3.32                583                 10.07               -10.484934          -63.799716          F 
150070                          16                  0.00100             1522                5.42                3.32                1522                5.42                -0.827133           -49.961391          F 
130410                          17                  0.00100             4874                3.98                3.32                1431                2.01                -6.093702           -64.955796          F 
130090                          17                  0.00100             4874                3.98                3.32                875                 4.24                -7.300758           -64.061903          F 
130420                          17                  0.00100             4874                3.98                3.32                2568                4.99                -4.470111           -65.531536          F 
150503                          18                  0.00100             478                 5.27                3.33                478                 5.27                -8.062277           -55.612026          F 
130060                          19                  0.00100             1256                4.31                3.33                29                  2.39                -5.426669           -70.276117          F 
130390                          19                  0.00100             1256                4.31                3.33                265                 0.11                -4.501436           -69.451119          F 
130020                          19                  0.00100             1256                4.31                3.33                962                 5.53                -5.711904           -71.741371          F 
