1                   1                   1                   2519                13.61               2.08                5.00                2.24                
2                   1                   1                   6059                6.93                2.08                5.62                2.37                
3                   1                   1                   2578                8.50                2.12                5.74                2.40                
4                   1                   1                   3686                6.58                2.12                5.84                2.42                
5                   1                   1                   3390                6.69                2.13                5.85                2.42                
6                   1                   1                   1798                8.16                2.14                5.86                2.42                
7                   1                   1                   2027                7.58                2.14                5.88                2.43                
8                   1                   1                   3216                5.94                2.14                5.92                2.43                
9                   1                   1                   2656                6.25                2.14                5.93                2.44                
10                  1                   1                   3532                4.88                2.14                5.99                2.45                
11                  1                   1                   903                 6.20                2.16                6.03                2.45                
12                  1                   1                   866                 6.01                2.16                6.03                2.46                
13                  1                   1                   854                 5.88                2.17                6.04                2.46                
14                  1                   1                   4255                3.47                2.16                6.05                2.46                
15                  1                   1                   614                 5.40                2.17                6.05                2.46                
16                  1                   1                   166                 7.07                2.17                6.06                2.46                
17                  1                   1                   4980                2.88                2.16                6.07                2.46                
18                  1                   1                   942                 3.53                2.17                6.07                2.46                
19                  1                   1                   413                 4.01                2.17                6.07                2.46                
20                  1                   1                   1061                3.16                2.17                6.07                2.46                
21                  1                   1                   330                 3.49                2.17                6.07                2.46                
22                  1                   1                   351                 3.14                2.17                6.07                2.46                
23                  1                   1                   265                 3.11                2.17                6.07                2.46                
