13.529469           
13.186054           
13.529469           
11.844357           
15.811347           
13.969130           
13.529469           
13.969130           
16.415465           
15.314239           
18.341184           
13.686534           
13.529469           
25.487789           
19.981406           
13.685178           
10.885619           
15.034944           
9.665088            
13.518909           
13.529469           
15.052008           
17.832514           
13.529469           
9.721647            
13.969130           
13.529469           
20.496300           
19.442447           
14.007938           
14.009298           
14.325797           
13.529469           
13.529469           
13.529469           
18.951967           
13.529469           
14.047127           
20.559703           
15.425211           
13.529469           
14.781434           
13.529469           
17.304433           
15.311535           
19.643194           
13.529469           
15.052008           
15.151583           
12.995604           
15.987754           
17.483817           
14.267688           
15.488983           
24.929212           
15.048649           
13.529469           
16.834450           
12.553393           
17.306186           
18.390090           
21.616956           
14.100048           
19.470550           
14.811686           
13.529469           
21.353278           
14.994348           
14.218967           
18.960562           
14.740839           
13.529469           
12.772721           
21.483065           
15.113880           
13.969130           
27.059815           
13.287006           
31.261774           
14.225248           
14.618578           
13.529469           
13.529469           
9.697616            
17.304433           
16.900960           
13.529469           
14.479030           
23.598163           
14.206736           
13.529469           
13.529469           
12.999475           
13.529469           
13.529469           
13.529469           
22.131275           
13.529469           
27.059815           
13.529469           
13.969130           
21.087129           
12.428712           
9.665088            
13.529469           
13.529469           
13.795638           
19.643194           
11.658196           
28.279025           
15.441599           
13.529469           
13.529469           
17.577866           
13.529469           
34.966304           
12.481708           
14.342627           
18.529984           
23.033097           
10.847760           
11.845747           
13.529469           
24.612700           
14.350130           
13.529469           
13.284190           
13.529469           
22.904441           
13.529469           
17.416334           
17.916696           
13.529469           
16.224694           
13.165244           
13.529469           
13.529469           
11.339396           
13.529469           
27.059815           
10.847760           
20.375698           
15.019192           
13.969130           
15.620160           
15.500603           
19.643194           
27.497745           
18.277302           
15.029052           
18.197611           
19.643194           
11.244757           
10.873640           
13.529469           
13.529469           
13.969130           
11.835250           
23.479027           
16.517424           
13.529469           
11.171921           
13.969130           
21.613512           
14.750513           
15.983623           
15.376534           
18.019375           
13.969130           
13.969130           
13.529469           
17.419155           
17.227811           
13.529469           
15.483854           
13.529469           
13.969130           
21.616956           
19.643194           
21.616956           
17.485746           
13.529469           
13.529469           
13.898384           
14.056317           
13.529469           
13.529469           
14.484964           
24.303959           
13.529469           
17.659512           
13.969130           
13.969130           
13.863105           
16.266275           
15.272326           
14.260653           
13.529469           
13.679544           
14.579655           
15.113880           
15.425211           
11.815673           
12.315135           
15.327652           
13.529469           
14.029382           
16.587522           
10.921772           
13.529469           
15.052008           
13.529469           
23.226375           
10.847760           
13.772746           
13.684262           
17.233146           
16.864163           
14.693621           
13.529469           
13.529469           
16.561121           
17.304433           
16.400903           
14.042305           
13.529469           
13.529469           
14.825131           
14.863869           
10.296615           
18.194272           
18.385002           
13.529469           
18.035197           
10.852726           
14.286747           
13.529469           
13.529469           
14.327042           
24.139237           
19.892077           
13.529469           
13.529469           
13.529469           
14.150546           
11.053302           
21.734703           
13.969130           
13.529469           
10.788812           
13.529469           
18.055656           
14.022249           
19.947422           
17.650929           
13.529469           
17.146832           
21.567751           
16.932053           
17.039406           
15.804761           
13.914775           
17.290069           
23.013287           
14.191571           
13.529469           
13.529469           
18.645213           
14.177528           
15.941826           
16.391726           
13.795563           
19.308876           
17.259486           
23.447604           
17.591814           
22.225540           
14.652782           
13.412010           
13.529469           
13.529469           
10.996839           
12.288206           
10.296615           
15.705861           
13.634099           
14.606967           
13.529469           
16.590973           
13.529469           
10.025227           
13.529469           
13.529469           
13.662823           
13.771563           
13.529469           
20.042233           
15.351325           
13.786968           
13.529469           
13.529469           
13.529469           
13.529469           
15.053651           
15.618597           
14.055598           
13.529469           
15.310632           
13.939922           
13.529469           
14.670333           
20.634329           
19.643194           
18.640566           
13.529469           
14.025397           
17.867345           
13.988003           
16.171621           
18.019375           
15.459015           
16.380261           
21.304859           
16.517424           
13.529469           
29.236888           
23.716583           
17.306186           
10.720913           
15.506682           
13.529469           
13.529469           
23.182866           
13.529469           
13.529469           
19.369533           
13.529469           
16.236465           
14.225248           
14.728130           
13.529469           
13.969130           
14.540292           
13.988003           
18.019375           
19.369533           
15.045198           
14.047717           
10.286999           
11.760410           
13.529469           
15.685711           
13.529469           
21.141329           
13.629593           
13.529469           
17.524731           
13.529469           
19.003815           
13.529469           
19.369533           
9.665088            
15.113880           
18.642706           
16.426535           
11.903148           
13.529469           
13.910660           
20.225782           
12.891545           
19.369533           
15.368158           
13.529469           
13.529469           
10.623745           
16.122238           
13.529469           
15.784181           
13.013159           
15.652051           
17.787382           
13.529469           
16.464113           
13.529469           
15.317556           
15.369925           
12.299261           
16.076024           
14.331772           
13.529469           
16.811105           
13.529469           
16.517424           
15.846829           
13.406969           
17.497997           
15.536532           
13.529469           
13.529469           
10.847760           
16.517424           
16.513160           
15.466804           
21.569496           
16.182726           
16.391726           
14.477821           
11.149199           
15.089887           
12.145564           
12.549944           
13.552350           
13.529469           
14.137123           
16.236465           
15.595665           
13.529469           
16.482498           
13.463142           
16.254293           
10.847760           
20.880362           
16.498876           
13.529469           
10.847760           
17.575569           
18.280961           
16.827382           
14.475675           
14.894428           
13.634099           
13.547611           
13.969130           
10.296615           
15.533230           
25.311298           
15.095374           
16.517424           
15.252646           
18.019375           
11.760956           
11.657579           
15.784181           
15.350550           
15.319390           
13.992857           
27.059815           
13.529469           
24.303959           
13.529469           
13.529469           
27.059815           
13.799685           
15.652227           
14.955367           
15.351325           
17.092634           
15.804151           
15.246494           
15.264600           
13.529469           
13.529469           
14.284098           
23.437262           
17.930154           
13.529469           
21.299242           
13.223437           
13.529469           
13.529469           
13.529469           
12.601910           
17.092634           
13.529469           
13.529469           
13.529469           
13.648569           
12.718162           
10.211036           
13.529469           
22.371914           
13.529469           
14.542309           
14.734342           
14.938811           
13.657409           
15.294294           
21.722344           
12.663531           
13.529469           
15.113880           
13.969130           
13.529469           
27.059815           
18.756594           
16.835915           
13.529469           
13.529469           
14.433222           
16.485857           
14.225248           
15.527251           
13.529469           
13.843839           
15.623663           
13.529469           
22.708723           
15.408049           
19.325557           
13.529469           
23.844296           
20.186860           
17.227811           
15.113880           
22.494899           
14.380571           
13.445309           
13.849877           
13.969130           
16.690732           
14.179478           
13.529469           
13.912070           
16.978901           
14.059577           
11.450480           
17.121410           
13.529469           
13.529469           
13.529469           
13.529469           
10.296615           
10.847760           
14.987589           
13.969130           
17.923605           
13.529469           
13.969130           
14.394797           
14.911476           
15.113880           
17.587809           
15.016026           
10.847760           
16.502775           
13.969130           
14.946709           
15.425211           
15.275590           
13.529469           
13.529469           
23.390926           
13.529469           
15.216295           
12.935615           
13.529469           
12.152724           
17.413262           
13.529469           
13.529469           
13.529469           
17.356477           
14.225248           
15.356313           
15.022315           
15.652227           
9.505717            
13.529469           
13.529469           
13.529469           
16.482780           
10.149290           
14.501601           
14.146296           
15.408049           
16.015959           
13.529469           
20.632721           
22.073219           
23.825959           
13.529469           
14.638875           
16.517424           
13.969130           
13.529469           
24.973601           
17.004672           
13.529469           
13.969130           
21.616956           
14.070634           
13.969130           
13.529469           
13.529469           
16.076024           
14.229737           
13.529469           
18.932124           
22.328445           
13.529469           
19.643194           
15.749838           
12.985624           
16.789413           
23.792659           
13.786968           
15.014390           
12.774632           
13.529469           
13.529469           
17.304433           
12.481708           
10.877561           
15.115518           
14.177528           
14.206501           
18.092307           
13.529469           
13.235569           
14.606967           
16.236465           
20.400298           
17.227811           
15.981391           
15.825822           
12.487194           
12.419981           
13.856156           
13.529469           
10.291571           
15.863682           
19.947422           
11.861989           
13.529469           
13.529469           
13.529469           
18.019375           
15.987754           
16.076024           
17.654978           
12.308151           
14.177528           
15.959457           
13.529469           
15.870352           
18.687221           
24.752862           
18.597104           
10.507343           
14.699243           
17.304433           
12.301281           
18.692661           
13.529469           
22.108174           
14.685857           
10.847760           
9.909881            
10.847760           
13.529469           
13.529469           
13.529469           
13.529469           
15.113880           
16.529858           
23.716583           
18.269940           
13.018653           
19.550109           
14.389223           
12.204511           
13.529469           
16.266275           
13.529469           
12.392431           
18.045475           
13.529469           
19.772576           
18.181691           
20.745648           
14.412715           
27.059815           
19.957195           
17.227811           
13.529469           
15.113880           
15.987754           
14.144588           
18.485759           
15.246830           
17.460364           
9.665088            
10.847760           
11.948725           
17.654081           
12.331900           
13.529469           
13.529469           
16.089798           
19.302790           
13.529469           
15.052008           
13.412010           
21.985903           
19.031484           
18.919076           
19.369533           
19.643194           
16.690732           
14.154931           
20.729482           
15.043911           
15.700685           
22.030146           
15.226153           
11.369665           
11.055856           
13.529469           
19.394485           
16.650199           
13.529469           
19.643194           
17.126883           
16.422090           
17.092634           
15.323504           
13.529469           
16.606194           
13.529469           
13.529469           
14.225248           
19.525636           
13.819919           
11.724287           
14.420885           
14.695479           
23.240690           
13.529469           
15.410636           
13.529469           
17.227811           
11.162287           
13.529469           
12.145175           
13.563152           
17.063419           
13.529469           
13.652142           
17.917565           
13.529469           
15.808118           
30.243326           
13.529469           
13.529469           
13.529469           
23.935665           
13.529469           
14.957421           
16.766906           
15.311535           
15.371002           
12.091650           
17.009790           
13.547738           
15.617197           
15.051110           
13.563152           
21.616956           
16.220450           
20.427252           
15.327277           
13.625782           
14.736907           
13.529469           
18.793689           
10.743157           
26.152200           
13.969130           
16.784689           
15.941826           
13.733766           
17.271591           
12.321447           
23.033097           
19.710825           
13.529469           
13.481102           
13.866560           
17.964531           
18.971290           
18.692661           
11.236657           
12.190387           
13.969130           
19.947422           
15.691220           
17.141913           
13.529469           
13.529469           
20.496300           
19.643194           
8.880269            
17.727175           
10.847760           
31.783761           
15.051110           
13.529469           
18.377053           
13.917515           
21.616956           
15.975315           
17.082299           
13.529469           
16.021082           
13.529469           
15.510113           
16.845520           
13.529469           
13.929595           
15.827051           
11.221442           
13.529469           
14.130135           
17.227811           
13.529469           
22.336201           
17.897133           
14.151834           
15.605934           
14.190006           
11.713536           
15.885219           
20.210495           
12.441496           
18.577491           
13.550430           
10.296615           
11.262681           
9.665088            
13.529469           
15.238009           
12.862326           
13.711449           
13.529469           
15.544164           
13.969130           
14.811686           
14.124908           
13.529469           
14.251648           
16.278355           
13.982076           
13.564282           
13.529469           
19.643194           
16.517424           
14.225248           
16.517424           
24.102348           
13.969130           
25.348642           
14.106819           
21.616956           
11.183760           
13.858127           
16.215638           
13.157065           
17.749998           
14.121851           
19.892077           
16.046910           
16.558014           
13.812751           
14.241503           
20.722038           
14.361907           
16.027433           
13.529469           
18.047324           
18.641541           
14.606967           
11.070336           
20.821848           
11.283296           
16.236465           
23.033097           
14.892796           
14.745605           
10.720818           
14.606967           
24.303959           
15.987754           
13.529469           
13.529469           
23.716583           
17.419155           
10.847760           
20.323660           
14.689886           
14.811686           
19.947422           
16.060444           
14.433976           
19.002991           
13.529469           
10.824061           
13.529469           
16.933631           
14.104242           
18.779844           
13.969130           
13.969130           
13.529469           
13.529469           
15.052008           
14.380227           
13.529469           
13.529469           
12.059144           
11.161861           
11.070336           
14.763354           
23.702383           
13.529469           
19.424148           
14.337392           
13.969130           
16.410843           
27.059815           
15.515574           
13.977126           
13.969130           
18.624970           
17.591814           
13.969130           
21.272523           
13.529469           
19.140876           
22.229419           
16.690732           
14.047127           
15.157411           
13.529469           
19.224224           
13.814064           
14.225248           
13.529469           
10.849473           
23.033097           
13.529469           
18.008283           
13.951125           
17.575569           
18.938989           
13.925838           
19.369533           
13.539881           
15.051110           
23.716583           
10.669201           
15.115518           
22.648777           
21.616956           
17.100077           
12.602284           
15.987754           
14.196669           
18.640566           
24.303959           
16.636312           
11.009139           
17.916503           
22.336201           
14.116914           
20.255391           
13.578526           
17.306186           
15.501314           
14.682607           
10.359815           
11.228826           
14.488948           
22.927138           
13.529469           
16.690732           
16.236465           
10.847760           
19.947422           
13.969130           
14.053190           
15.751872           
13.529469           
13.799264           
17.942864           
13.529469           
18.019375           
15.635895           
12.066272           
16.690732           
