13.206528           
25.783283           
18.596939           
17.271972           
14.544493           
17.324979           
12.111460           
17.271972           
17.271972           
17.271972           
17.271972           
9.409932            
9.558763            
17.271972           
22.331414           
20.082744           
17.271972           
27.016203           
17.271972           
21.082585           
17.271972           
17.271972           
17.271972           
16.436884           
19.589941           
17.334442           
19.335833           
17.271972           
14.192917           
17.271972           
17.271972           
19.641038           
17.271972           
15.404221           
17.271972           
17.271972           
13.227302           
13.176212           
17.271972           
13.879738           
18.087082           
17.271972           
17.271972           
17.271972           
14.845733           
21.847189           
11.563617           
13.846086           
12.543308           
17.271972           
34.545988           
13.390726           
21.342353           
17.271972           
18.267534           
17.944198           
17.271972           
19.534050           
17.271972           
17.271972           
17.271972           
14.631970           
17.271972           
21.932750           
17.271972           
21.648819           
18.172680           
34.545988           
11.620616           
22.292345           
10.149465           
17.271972           
25.783283           
17.271972           
17.271972           
17.271972           
17.271972           
13.756229           
26.090713           
17.271972           
17.271972           
17.324979           
21.021546           
17.271972           
11.773685           
19.514439           
17.271972           
17.271972           
11.781415           
21.003134           
17.271972           
17.271972           
17.271972           
14.980344           
18.326803           
17.324979           
14.554496           
22.170830           
17.271972           
17.271972           
17.271972           
17.271972           
22.934580           
17.271972           
17.271972           
18.045818           
25.783283           
17.271972           
17.915106           
17.379646           
18.300398           
20.113047           
17.617752           
11.663014           
14.839093           
11.517786           
17.271972           
17.271972           
25.783283           
11.620616           
17.271972           
17.271972           
17.271972           
23.361108           
17.271972           
18.178683           
15.739209           
26.038332           
17.271972           
25.325554           
17.271972           
11.679866           
17.271972           
21.662495           
17.271972           
18.250764           
20.113047           
17.271972           
20.346968           
17.271972           
17.271972           
21.847189           
17.271972           
17.271972           
17.271972           
17.271972           
21.847189           
17.271972           
17.271972           
17.271972           
10.701792           
13.663791           
17.271972           
17.271972           
17.271972           
17.271972           
14.498877           
17.271972           
9.149898            
17.271972           
19.209677           
8.968169            
12.533737           
17.271972           
12.397769           
17.271972           
17.271972           
12.630127           
17.271972           
17.374710           
17.852289           
17.271972           
10.925240           
17.271972           
20.959712           
16.377266           
17.271972           
11.107338           
11.694738           
13.656936           
17.271972           
14.734226           
16.685489           
18.123203           
15.214904           
12.782579           
12.088597           
17.271972           
17.812710           
12.391934           
17.271972           
17.271972           
14.047290           
18.785945           
17.271972           
19.464041           
29.530409           
17.271972           
17.271972           
21.847189           
20.973065           
20.583923           
12.323138           
17.271972           
17.271972           
18.988671           
17.271972           
17.324979           
17.271972           
18.959577           
21.847189           
12.352143           
17.271972           
11.620616           
18.596939           
14.661334           
11.755414           
17.271972           
17.271972           
12.707516           
17.271972           
17.271972           
14.377494           
19.233481           
17.271972           
12.999087           
14.567560           
18.264418           
17.271972           
17.271972           
17.271972           
12.676608           
17.271972           
15.387530           
13.356221           
23.361108           
17.271972           
15.906074           
12.583966           
17.271972           
17.271972           
27.071934           
15.134318           
17.271972           
17.271972           
10.141930           
12.037905           
21.847189           
17.271972           
17.324979           
17.271972           
17.271972           
18.987592           
18.264418           
12.148711           
18.470747           
11.620616           
21.847189           
11.127436           
17.727400           
17.271972           
17.271972           
13.305089           
23.882073           
18.264418           
21.468659           
17.271972           
17.271972           
20.138139           
18.264418           
21.456447           
13.399665           
12.362840           
12.356349           
9.765813            
17.271972           
17.454345           
16.297129           
17.271972           
14.069662           
17.271972           
22.428185           
17.271972           
13.422454           
17.271972           
10.686561           
17.271972           
17.271972           
17.271972           
17.271972           
20.697530           
17.271972           
17.271972           
17.711818           
18.608670           
21.847189           
21.841155           
17.271972           
17.271972           
17.271972           
11.620616           
17.271972           
12.778175           
18.264418           
17.015072           
13.622943           
17.271972           
26.193357           
14.639993           
11.225133           
17.271972           
20.328803           
11.898430           
17.271972           
17.271972           
17.271972           
17.271972           
17.271972           
17.271972           
17.271972           
17.271972           
21.847189           
17.271972           
21.117968           
20.509309           
17.271972           
17.271972           
17.271972           
17.271972           
14.761402           
15.006117           
12.688284           
17.271972           
17.271972           
17.271972           
21.043492           
20.532550           
17.271972           
10.886391           
17.271972           
17.271972           
13.971102           
17.271972           
10.002907           
18.559537           
19.534050           
21.847189           
17.271972           
17.271972           
17.271972           
16.612777           
17.271972           
17.271972           
20.366438           
12.362459           
21.210446           
19.481139           
18.109163           
17.271972           
24.460118           
15.244848           
17.271972           
17.271972           
17.271972           
17.271972           
14.265319           
17.271972           
17.271972           
17.271972           
17.271972           
12.574898           
10.589527           
17.271972           
20.328803           
12.623268           
13.071183           
21.456447           
13.123253           
17.271972           
17.271972           
17.271972           
17.271972           
17.271972           
24.383246           
17.271972           
18.507921           
17.271972           
12.673792           
18.630442           
17.271972           
10.925240           
17.271972           
17.271972           
28.614923           
11.620616           
17.271972           
14.220350           
10.825986           
17.271972           
17.271972           
12.903718           
17.271972           
13.409561           
17.868756           
17.271972           
22.431396           
15.383766           
17.271972           
20.328803           
17.826112           
17.324979           
11.413279           
19.396020           
34.545988           
17.570672           
17.271972           
19.534050           
17.271972           
12.771349           
21.811339           
11.083960           
15.707655           
17.271972           
10.586756           
12.932845           
12.568252           
17.271972           
17.271972           
17.271972           
17.271972           
17.271972           
17.271972           
13.946538           
16.062828           
18.820498           
25.783283           
17.271972           
11.994884           
15.476691           
14.304440           
15.312449           
18.264418           
17.271972           
12.681868           
25.325554           
17.271972           
17.271972           
18.785808           
17.271972           
13.559039           
17.271972           
17.271972           
24.453436           
17.271972           
13.833290           
12.835460           
13.176212           
17.324979           
15.676998           
14.358228           
17.271972           
17.271972           
13.176212           
9.324700            
9.652857            
17.271972           
21.847189           
17.271972           
14.152301           
24.383246           
19.168606           
17.271972           
11.620616           
17.271972           
17.271972           
17.271972           
16.962900           
17.271972           
17.271972           
21.283338           
17.271972           
17.337577           
17.324979           
13.728702           
17.271972           
17.271972           
17.271972           
19.151856           
17.548131           
17.271972           
17.271972           
17.271972           
27.040779           
11.581753           
17.882992           
17.156167           
17.271972           
17.271972           
17.271972           
21.456447           
9.559946            
18.316370           
15.008581           
24.383246           
17.271972           
17.271972           
9.149898            
34.545988           
17.271972           
18.264418           
13.809733           
18.171511           
19.874558           
17.271972           
18.250764           
12.460781           
17.271972           
17.271972           
17.271972           
17.271972           
17.271972           
19.001407           
19.534050           
17.637890           
17.271972           
17.271972           
17.271972           
10.380626           
14.980364           
17.629229           
17.271972           
17.271972           
17.271972           
17.271972           
10.746768           
11.747933           
13.981019           
17.271972           
14.298397           
13.362428           
13.618777           
17.271972           
17.271972           
18.102203           
17.271972           
12.554449           
13.971837           
17.271972           
17.733286           
17.271972           
19.965285           
13.745896           
19.534050           
17.271972           
17.296663           
19.996324           
17.271972           
19.534050           
17.271972           
15.217031           
20.328803           
17.271972           
18.136130           
11.058082           
18.269129           
21.847189           
17.271972           
17.271972           
17.271972           
17.271972           
17.271972           
10.134357           
23.361108           
20.113047           
15.058476           
15.010076           
17.271972           
17.915106           
17.271972           
26.090713           
17.271972           
20.517213           
20.641855           
17.271972           
17.271972           
17.271972           
17.271972           
20.281707           
17.022114           
25.325554           
17.271972           
15.411883           
17.280451           
18.450678           
20.328803           
21.413514           
10.773872           
17.271972           
17.271972           
16.991785           
18.578758           
17.271972           
25.325554           
12.945966           
13.438819           
17.271972           
17.271972           
17.271972           
15.340010           
22.778758           
24.469832           
17.309111           
10.735326           
17.271972           
17.271972           
26.645931           
17.271972           
13.206528           
23.249706           
17.271972           
17.271972           
22.425387           
17.271972           
18.507921           
17.416483           
17.271972           
17.271972           
17.271972           
17.271972           
25.325554           
19.700211           
17.271972           
24.913880           
12.726037           
17.187963           
17.271972           
15.340487           
20.328803           
12.148693           
17.271972           
17.324979           
17.271972           
17.271972           
24.973763           
17.271972           
17.271972           
11.028666           
11.758525           
36.740803           
13.411565           
17.271972           
17.271972           
17.271972           
16.513619           
13.138862           
18.686504           
17.271972           
10.972909           
17.271972           
21.847189           
34.545988           
17.271972           
13.519159           
17.271972           
17.271972           
17.271972           
11.145886           
17.271972           
17.271972           
17.271972           
19.700211           
10.708573           
20.113047           
17.271972           
17.271972           
17.271972           
17.271972           
19.924276           
42.845079           
17.271972           
20.697530           
15.711324           
17.271972           
17.271972           
17.271972           
17.271972           
19.631960           
9.006175            
11.359063           
17.271972           
17.271972           
17.271972           
13.166040           
17.271972           
22.312065           
18.220814           
17.187963           
15.556885           
17.271972           
17.271972           
17.271972           
23.361108           
17.271972           
20.912805           
11.927160           
19.534050           
13.281269           
18.968207           
12.873168           
17.271972           
9.177782            
17.271972           
11.795207           
17.271972           
17.271972           
17.271972           
17.271972           
21.118070           
10.925240           
17.271972           
17.271972           
12.028787           
17.843843           
17.271972           
15.010076           
15.161177           
12.547997           
18.355731           
14.275780           
17.271972           
17.271972           
17.271972           
17.271972           
17.271972           
23.671533           
17.271972           
17.271972           
17.271972           
19.960897           
17.271972           
14.562446           
23.361108           
40.760467           
14.114221           
17.271972           
11.782417           
12.532050           
17.271972           
17.571487           
17.271972           
12.389144           
17.271972           
17.271972           
15.649764           
17.271972           
17.271972           
17.271972           
20.328803           
17.271972           
17.271972           
18.197361           
21.847189           
25.325554           
17.271972           
13.217060           
17.271972           
11.107942           
25.325554           
15.448061           
16.305973           
12.076898           
17.271972           
17.271972           
14.205553           
17.271972           
17.369057           
17.664722           
11.620616           
18.264418           
21.082585           
17.164185           
17.271972           
21.847189           
18.578758           
22.331414           
23.004322           
14.109597           
12.325014           
17.271972           
12.637201           
17.271972           
17.271972           
22.331414           
17.324979           
17.271972           
11.064962           
10.841020           
15.663501           
14.106629           
11.810932           
24.781196           
20.800430           
9.963933            
17.271972           
13.037612           
9.243349            
17.271972           
18.507921           
15.058476           
17.271972           
16.373391           
17.271972           
13.245676           
17.598906           
15.649764           
17.271972           
17.271972           
17.324979           
17.271972           
17.224714           
30.501650           
17.271972           
17.271972           
17.271972           
21.756809           
15.764085           
17.271972           
12.347144           
13.098724           
13.422460           
13.176212           
17.271972           
12.530737           
17.271972           
17.271972           
17.271972           
22.110353           
21.455334           
17.271972           
17.271972           
27.684485           
19.773832           
17.271972           
18.250764           
11.763207           
16.453854           
31.220988           
17.271972           
17.271972           
18.067437           
13.833290           
32.156701           
17.271972           
11.970064           
17.271972           
14.652186           
14.787390           
17.271972           
10.999936           
19.741006           
17.271972           
26.169003           
17.271972           
19.534050           
18.171511           
20.328803           
22.041137           
18.750515           
17.271972           
14.728714           
21.404248           
11.620616           
17.271972           
18.382926           
13.151870           
17.271972           
17.271972           
11.620616           
20.465137           
17.271972           
20.728925           
19.098332           
12.334235           
11.972196           
16.513619           
17.271972           
12.669014           
17.271972           
11.620616           
17.494729           
21.847189           
19.534050           
19.642886           
17.271972           
17.271972           
18.074207           
11.620616           
16.366945           
17.271972           
17.634945           
29.062328           
18.735017           
21.231839           
21.809730           
14.361937           
17.271972           
11.330136           
17.374710           
25.783283           
19.093619           
14.631970           
25.783283           
9.409932            
23.444670           
26.090713           
18.250764           
18.559537           
20.932847           
17.271972           
17.271972           
14.496827           
17.271972           
17.271972           
12.514723           
17.271972           
21.297819           
17.271972           
17.271972           
22.331414           
17.271972           
17.271972           
17.271972           
17.271972           
17.026247           
11.982427           
17.271972           
17.864211           
9.409932            
17.271972           
17.271972           
20.113047           
17.271972           
14.874729           
17.271972           
17.271972           
22.005655           
17.271972           
17.271972           
17.271972           
17.915106           
17.271972           
14.653711           
13.475171           
17.271972           
18.578758           
16.751450           
12.778175           
17.271972           
9.285303            
17.271972           
17.271972           
17.271972           
29.796120           
14.607284           
11.897211           
17.271972           
17.271972           
17.915106           
20.113047           
12.409496           
17.271972           
17.271972           
17.271972           
17.271972           
17.271972           
9.308507            
9.409932            
17.271972           
17.271972           
16.632753           
10.439186           
11.837730           
17.271972           
9.591352            
17.271972           
13.265345           
17.271972           
16.178305           
17.374710           
17.271972           
14.768751           
21.847189           
20.328803           
17.271972           
26.090713           
17.054234           
17.271972           
17.271972           
12.510347           
