130140                          1                   0.0001000           10734               498.06              21.55               42.29               7439628.00          8                   2.39                3.35                3.35                35700.00            -7.022778           -70.222033          F 
130150                          1                   0.0001000           10734               498.06              21.55               42.29               7439628.00          32                  1.37                23.44               23.47               20393.00            -7.573750           -70.054927          F 
130180                          1                   0.0001000           10734               498.06              21.55               42.29               7439628.00          3                   2.04                1.47                1.47                30436.00            -7.181162           -71.415929          F 
130060                          1                   0.0001000           10734               498.06              21.55               42.29               7439628.00          1                   2.94                0.34                0.34                43935.00            -5.429327           -70.278296          F 
120060                          1                   0.0001000           10734               498.06              21.55               42.29               7439628.00          53                  2.89                18.35               18.39               43151.00            -8.238234           -71.446466          F 
120030                          1                   0.0001000           10734               498.06              21.55               42.29               7439628.00          0                   2.34                0                   0                   34884.00            -8.926430           -70.747840          F 
130020                          1                   0.0001000           10734               498.06              21.55               42.29               7439628.00          22                  1.37                16.11               16.13               20398.00            -5.711940           -71.742673          F 
130195                          1                   0.0001000           10734               498.06              21.55               42.29               7439628.00          3                   0.52                5.73                5.74                7814.00             -6.682874           -68.114036          F 
130350                          1                   0.0001000           10734               498.06              21.55               42.29               7439628.00          177                 1.31                135.43              136.55              19522.00            -7.757795           -68.197229          F 
120034                          1                   0.0001000           10734               498.06              21.55               42.29               7439628.00          0                   0.64                0                   0                   9581.00             -9.380351           -69.854989          F 
120043                          1                   0.0001000           10734               498.06              21.55               42.29               7439628.00          0                   0.45                0                   0                   6717.00             -9.412364           -70.398018          F 
130165                          1                   0.0001000           10734               498.06              21.55               42.29               7439628.00          1                   1.13                0.88                0.88                16937.00            -7.229841           -72.844424          F 
130390                          1                   0.0001000           10734               498.06              21.55               42.29               7439628.00          1                   2.68                0.37                0.37                40073.00            -4.497836           -69.450565          F 
120020                          1                   0.0001000           10734               498.06              21.55               42.29               7439628.00          260                 5.96                43.60               44.13               89072.00            -7.974126           -72.761548          F 
130070                          1                   0.0001000           10734               498.06              21.55               42.29               7439628.00          5                   2.32                2.16                2.16                34635.00            -8.772979           -68.047540          F 
120032                          1                   0.0001000           10734               498.06              21.55               42.29               7439628.00          0                   0.57                0                   0                   8473.00             -9.243211           -71.907488          F 
120050                          1                   0.0001000           10734               498.06              21.55               42.29               7439628.00          2                   3.11                0.64                0.64                46511.00            -9.771845           -69.382700          F 
120039                          1                   0.0001000           10734               498.06              21.55               42.29               7439628.00          9                   0.82                10.98               10.99               12241.00            -8.489533           -72.721389          F 
130230                          1                   0.0001000           10734               498.06              21.55               42.29               7439628.00          20                  0.93                21.51               21.53               13886.00            -4.713108           -68.403854          F 
130406                          1                   0.0001000           10734               498.06              21.55               42.29               7439628.00          0                   4.50                0                   0                   67182.00            -4.027765           -69.681346          F 
120042                          1                   0.0001000           10734               498.06              21.55               42.29               7439628.00          246                 1.30                189.89              192.09              19351.00            -7.841819           -73.222514          F 
120035                          1                   0.0001000           10734               498.06              21.55               42.29               7439628.00          2                   1.29                1.55                1.55                19299.00            -9.099817           -72.558104          F 
120033                          1                   0.0001000           10734               498.06              21.55               42.29               7439628.00          157                 1.29                121.44              122.33              19311.00            -7.503753           -73.439585          F 
120013                          1                   0.0001000           10734               498.06              21.55               42.29               7439628.00          29                  0.70                41.57               41.63               10420.00            -9.613848           -68.175429          F 
130100                          1                   0.0001000           10734               498.06              21.55               42.29               7439628.00          10                  1.91                5.24                5.24                28508.00            -5.118832           -67.337382          F 
120040                          1                   0.0001000           10734               498.06              21.55               42.29               7439628.00          1                   27.68               0.036               0.036               413418.00           -10.066358          -68.371440          F 
120080                          1                   0.0001000           10734               498.06              21.55               42.29               7439628.00          6                   1.26                4.76                4.76                18824.00            -9.629475           -67.701064          F 
120005                          1                   0.0001000           10734               498.06              21.55               42.29               7439628.00          0                   0.50                0                   0                   7534.00             -10.779491          -70.006358          F 
120010                          1                   0.0001000           10734               498.06              21.55               42.29               7439628.00          0                   1.79                0                   0                   26702.00            -10.747736          -69.207484          F 
120070                          1                   0.0001000           10734               498.06              21.55               42.29               7439628.00          1                   1.31                0.76                0.76                19596.00            -10.575880          -68.505122          F 
120045                          1                   0.0001000           10734               498.06              21.55               42.29               7439628.00          118                 1.56                75.86               76.27               23236.00            -9.996928           -67.427266          F 
130006                          1                   0.0001000           10734               498.06              21.55               42.29               7439628.00          0                   0.79                0                   0                   11736.00            -3.418321           -68.287308          F 
130370                          1                   0.0001000           10734               498.06              21.55               42.29               7439628.00          3                   1.42                2.11                2.11                21243.00            -3.051175           -69.087897          F 
120025                          1                   0.0001000           10734               498.06              21.55               42.29               7439628.00          1                   1.25                0.80                0.80                18696.00            -10.889162          -68.618498          F 
120017                          1                   0.0001000           10734               498.06              21.55               42.29               7439628.00          0                   0.80                0                   0                   12008.00            -10.474157          -67.835782          F 
120038                          1                   0.0001000           10734               498.06              21.55               42.29               7439628.00          4                   1.34                2.99                2.99                19955.00            -10.248624          -67.339671          F 
120001                          1                   0.0001000           10734               498.06              21.55               42.29               7439628.00          3                   1.04                2.89                2.89                15490.00            -9.934392           -66.948427          F 
130240                          1                   0.0001000           10734               498.06              21.55               42.29               7439628.00          41                  3.14                13.06               13.09               46882.00            -8.375880           -65.812244          F 
130423                          1                   0.0001000           10734               498.06              21.55               42.29               7439628.00          0                   1.27                0                   0                   18897.00            -2.691643           -67.827923          F 
130220                          1                   0.0001000           10734               498.06              21.55               42.29               7439628.00          0                   1.01                0                   0                   15106.00            -3.524623           -66.306825          F 
130420                          1                   0.0001000           10734               498.06              21.55               42.29               7439628.00          26                  3.99                6.52                6.53                59547.00            -4.468383           -65.529278          F 
130410                          1                   0.0001000           10734               498.06              21.55               42.29               7439628.00          125                 1.14                109.74              110.38              17015.00            -6.104509           -64.893865          F 
130210                          1                   0.0001000           10734               498.06              21.55               42.29               7439628.00          10                  0.15                66.36               66.39               2251.00             -1.698117           -68.320288          F 
130002                          1                   0.0001000           10734               498.06              21.55               42.29               7439628.00          318                 1.09                292.85              297.26              16220.00            -3.701122           -65.330652          F 
130160                          1                   0.0001000           10734               498.06              21.55               42.29               7439628.00          0                   1.14                0                   0                   17005.00            -2.492180           -66.358452          F 
130090                          1                   0.0001000           10734               498.06              21.55               42.29               7439628.00          395                 1.06                373.27              380.28              15807.00            -7.403346           -64.096665          F 
130426                          1                   0.0001000           10734               498.06              21.55               42.29               7439628.00          12                  0.92                13.09               13.10               13690.00            -3.167038           -65.411879          F 
110020                          1                   0.0001000           10734               498.06              21.55               42.29               7439628.00          357                 36.11               9.89                10.04               539354.00           -9.153039           -64.305489          F 
110033                          1                   0.0001000           10734               498.06              21.55               42.29               7439628.00          50                  2.10                23.79               23.85               31392.00            -10.382239          -64.629270          F 
130120                          1                   0.0001000           10734               498.06              21.55               42.29               7439628.00          22                  5.75                3.83                3.83                85910.00            -4.437162           -64.124619          F 
110045                          1                   0.0001000           10734               498.06              21.55               42.29               7439628.00          2                   2.70                0.74                0.74                40356.00            -10.052159          -63.941154          F 
130280                          1                   0.0001000           10734               498.06              21.55               42.29               7439628.00          11                  1.22                9.00                9.00                18261.00            -2.428415           -65.038109          F 
110010                          1                   0.0001000           10734               498.06              21.55               42.29               7439628.00          11                  3.12                3.53                3.53                46556.00            -11.305773          -64.537463          F 
110080                          1                   0.0001000           10734               498.06              21.55               42.29               7439628.00          603                 1.83                328.87              338.39              27388.00            -8.887011           -63.325581          F 
110070                          1                   0.0001000           10734               498.06              21.55               42.29               7439628.00          6                   0.96                6.28                6.28                14266.00            -10.485091          -63.799446          F 
110040                          1                   0.0001000           10734               498.06              21.55               42.29               7439628.00          30                  1.46                20.51               20.54               21847.00            -9.649274           -63.394283          F 
110110                          1                   0.0001000           10734               498.06              21.55               42.29               7439628.00          32                  0.71                44.92               44.99               10641.00            -9.170195           -63.044988          F 
110140                          1                   0.0001000           10734               498.06              21.55               42.29               7439628.00          7                   1.07                6.53                6.53                16007.00            -10.210793          -63.372281          F 
130170                          1                   0.0001000           10734               498.06              21.55               42.29               7439628.00          19                  3.76                5.06                5.06                56144.00            -7.362897           -62.485394          F 
130380                          1                   0.0001000           10734               498.06              21.55               42.29               7439628.00          42                  3.10                13.55               13.57               46303.00            0.374453            -67.997697          F 
110002                          1                   0.0001000           10734               498.06              21.55               42.29               7439628.00          17                  7.33                2.32                2.32                109523.00           -9.951979           -62.957373          F 
110026                          1                   0.0001000           10734               498.06              21.55               42.29               7439628.00          6                   0.25                23.56               23.57               3804.00             -9.645106           -62.790311          F 
110094                          1                   0.0001000           10734               498.06              21.55               42.29               7439628.00          93                  1.75                53.06               53.28               26183.00            -9.170974           -62.565037          F 
110060                          1                   0.0001000           10734               498.06              21.55               42.29               7439628.00          2                   0.42                4.77                4.77                6269.00             -10.331685          -62.987180          F 
110100                          1                   0.0001000           10734               498.06              21.55               42.29               7439628.00          2                   0.50                4.01                4.01                7445.00             -10.748055          -63.183884          F 
110008                          1                   0.0001000           10734               498.06              21.55               42.29               7439628.00          7                   1.26                5.56                5.56                18798.00            -12.147321          -64.058780          F 
130130                          1                   0.0001000           10734               498.06              21.55               42.29               7439628.00          1                   1.95                0.51                0.51                29168.00            -3.289026           -62.972665          F 
130360                          1                   0.0001000           10734               498.06              21.55               42.29               7439628.00          51                  1.73                29.45               29.52               25865.00            -0.318566           -65.522058          F 
110130                          1                   0.0001000           10734               498.06              21.55               42.29               7439628.00          26                  0.72                35.90               35.94               10818.00            -11.076985          -62.848279          F 
110011                          1                   0.0001000           10734               498.06              21.55               42.29               7439628.00          2                   3.46                0.58                0.58                51620.00            -10.592446          -62.584788          F 
110160                          1                   0.0001000           10734               498.06              21.55               42.29               7439628.00          6                   0.70                8.62                8.62                10395.00            -10.121814          -62.342289          F 
110150                          1                   0.0001000           10734               498.06              21.55               42.29               7439628.00          3                   0.79                3.78                3.78                11851.00            -11.807291          -63.230667          F 
110013                          1                   0.0001000           10734               498.06              21.55               42.29               7439628.00          59                  2.74                21.57               21.62               40867.00            -9.204070           -62.010294          F 
110143                          1                   0.0001000           10734               498.06              21.55               42.29               7439628.00          5                   0.46                10.83               10.83               6895.00             -10.889526          -62.532438          F 
110032                          1                   0.0001000           10734               498.06              21.55               42.29               7439628.00          1                   1.54                0.65                0.65                23077.00            -11.628169          -62.941940          F 
130010                          1                   0.0001000           10734               498.06              21.55               42.29               7439628.00          0                   1.44                0                   0                   21477.00            -4.186645           -62.073001          F 
110175                          1                   0.0001000           10734               498.06              21.55               42.29               7439628.00          1                   0.76                1.31                1.31                11377.00            -9.732685           -61.939355          F 
110034                          1                   0.0001000           10734               498.06              21.55               42.29               7439628.00          0                   0.94                0                   0                   14106.00            -11.311455          -62.544783          F 
110180                          1                   0.0001000           10734               498.06              21.55               42.29               7439628.00          1                   0.45                2.24                2.24                6656.00             -10.384134          -62.093876          F 
110170                          1                   0.0001000           10734               498.06              21.55               42.29               7439628.00          15                  0.75                19.88               19.89               11272.00            -11.103908          -62.424021          F 
110015                          1                   0.0001000           10734               498.06              21.55               42.29               7439628.00          2                   2.39                0.84                0.84                35737.00            -10.610539          -62.172424          F 
130063                          1                   0.0001000           10734               498.06              21.55               42.29               7439628.00          5                   1.35                3.72                3.72                20093.00            -4.603475           -61.787364          F 
130270                          1                   0.0001000           10734               498.06              21.55               42.29               7439628.00          358                 3.79                94.51               96.10               56583.00            -6.459804           -61.446481          F 
110155                          1                   0.0001000           10734               498.06              21.55               42.29               7439628.00          0                   0.28                0                   0                   4233.00             -10.943464          -62.279708          F 
110149                          1                   0.0001000           10734               498.06              21.55               42.29               7439628.00          2                   1.38                1.44                1.44                20681.00            -12.368674          -63.122203          F 
110012                          1                   0.0001000           10734               498.06              21.55               42.29               7439628.00          0                   8.70                0                   0                   130009.00           -10.462197          -61.757091          F 
110014                          1                   0.0001000           10734               498.06              21.55               42.29               7439628.00          0                   1.37                0                   0                   20489.00            -11.564334          -62.233031          F 
130008                          1                   0.0001000           10734               498.06              21.55               42.29               7439628.00          1                   0.93                1.07                1.07                13956.00            -3.502503           -61.716696          F 
130083                          1                   0.0001000           10734               498.06              21.55               42.29               7439628.00          32                  0.89                35.99               36.04               13283.00            -3.081969           -61.877491          F 
110025                          1                   0.0001000           10734               498.06              21.55               42.29               7439628.00          0                   1.24                0                   0                   18571.00            -11.166190          -61.877898          F 
110050                          1                   0.0001000           10734               498.06              21.55               42.29               7439628.00          0                   0.56                0                   0                   8329.00             -11.681047          -62.083187          F 
110090                          1                   0.0001000           10734               498.06              21.55               42.29               7439628.00          0                   0.20                0                   0                   2987.00             -11.470879          -61.879911          F 
130040                          1                   0.0001000           10734               498.06              21.55               42.29               7439628.00          105                 1.85                56.75               57.02               27638.00            -0.465180           -63.434588          F 
110120                          1                   0.0001000           10734               498.06              21.55               42.29               7439628.00          0                   0.64                0                   0                   9559.00             -11.160345          -61.568926          F 
110001                          1                   0.0001000           10734               498.06              21.55               42.29               7439628.00          2                   1.52                1.31                1.31                22728.00            -12.470071          -62.274560          F 
110028                          1                   0.0001000           10734               498.06              21.55               42.29               7439628.00          1                   3.71                0.27                0.27                55407.00            -11.732560          -61.771453          F 
130330                          1                   0.0001000           10734               498.06              21.55               42.29               7439628.00          89                  1.74                51.04               51.25               26046.00            -6.825051           -60.477192          F 
510757                          1                   0.0001000           10734               498.06              21.55               42.29               7439628.00          0                   0.27                0                   0                   4036.00             -10.463060          -61.010088          F 
110004                          1                   0.0001000           10734               498.06              21.55               42.29               7439628.00          0                   5.75                0                   0                   85893.00            -11.301237          -61.324689          F 
110029                          1                   0.0001000           10734               498.06              21.55               42.29               7439628.00          0                   0.42                0                   0                   6216.00             -12.027061          -61.700877          F 
130320                          1                   0.0001000           10734               498.06              21.55               42.29               7439628.00          14                  1.33                10.49               10.50               19928.00            -2.046996           -61.701836          F 
110148                          1                   0.0001000           10734               498.06              21.55               42.29               7439628.00          0                   0.34                0                   0                   5066.00             -11.904682          -61.467066          F 
110037                          1                   0.0001000           10734               498.06              21.55               42.29               7439628.00          0                   0.89                0                   0                   13255.00            -12.593622          -61.880777          F 
130250                          1                   0.0001000           10734               498.06              21.55               42.29               7439628.00          18                  6.59                2.73                2.73                98502.00            -3.291606           -60.958222          F 
130255                          1                   0.0001000           10734               498.06              21.55               42.29               7439628.00          3                   2.21                1.36                1.36                33049.00            -3.779354           -60.697327          F 
110147                          1                   0.0001000           10734               498.06              21.55               42.29               7439628.00          0                   0.19                0                   0                   2776.00             -11.878589          -61.315189          F 
510325                          1                   0.0001000           10734               498.06              21.55               42.29               7439628.00          8                   2.67                3.00                3.00                39861.00            -9.292283           -60.305531          F 
110145                          1                   0.0001000           10734               498.06              21.55               42.29               7439628.00          0                   0.41                0                   0                   6198.00             -12.262291          -61.415241          F 
110009                          1                   0.0001000           10734               498.06              21.55               42.29               7439628.00          35                  2.19                15.99               16.01               32695.00            -11.351368          -60.784721          F 
110018                          1                   0.0001000           10734               498.06              21.55               42.29               7439628.00          2                   2.47                0.81                0.81                36881.00            -11.894543          -60.830315          F 
130185                          1                   0.0001000           10734               498.06              21.55               42.29               7439628.00          60                  3.28                18.29               18.34               49011.00            -3.095148           -60.480667          F 
130110                          1                   0.0001000           10734               498.06              21.55               42.29               7439628.00          19                  2.57                7.40                7.41                38348.00            -3.770658           -60.183093          F 
110146                          1                   0.0001000           10734               498.06              21.55               42.29               7439628.00          2                   0.14                13.91               13.91               2148.00             -13.173850          -61.545322          F 
110092                          1                   0.0001000           10734               498.06              21.55               42.29               7439628.00          0                   0.77                0                   0                   11472.00            -12.537404          -60.898400          F 
130014                          1                   0.0001000           10734               498.06              21.55               42.29               7439628.00          3                   1.50                2.00                2.00                22359.00            -7.759871           -59.431439          F 
510140                          1                   0.0001000           10734               498.06              21.55               42.29               7439628.00          136                 1.52                89.44               90.00               22714.00            -10.187963          -59.839297          F 
110007                          1                   0.0001000           10734               498.06              21.55               42.29               7439628.00          0                   0.48                0                   0                   7220.00             -12.926666          -61.091715          F 
110005                          1                   0.0001000           10734               498.06              21.55               42.29               7439628.00          0                   1.08                0                   0                   16204.00            -13.203669          -61.260843          F 
130080                          1                   0.0001000           10734               498.06              21.55               42.29               7439628.00          60                  2.79                21.47               21.53               41748.00            -4.957034           -59.534428          F 
130260                          1                   0.0001000           10734               498.06              21.55               42.29               7439628.00          57                  148.59              0.38                0.38                2219580.00          -2.626021           -60.259483          F 
110030                          1                   0.0001000           10734               498.06              21.55               42.29               7439628.00          1                   6.84                0.15                0.15                102211.00           -12.087986          -60.252451          F 
130030                          1                   0.0001000           10734               498.06              21.55               42.29               7439628.00          12                  2.70                4.45                4.45                40290.00            -3.788879           -59.528635          F 
130115                          1                   0.0001000           10734               498.06              21.55               42.29               7439628.00          4                   2.07                1.94                1.94                30846.00            -3.286228           -59.599493          F 
110006                          1                   0.0001000           10734               498.06              21.55               42.29               7439628.00          1                   1.04                0.96                0.96                15544.00            -13.159213          -60.550197          F 
110003                          1                   0.0001000           10734               498.06              21.55               42.29               7439628.00          0                   0.35                0                   0                   5188.00             -13.474873          -60.639653          F 
130356                          1                   0.0001000           10734               498.06              21.55               42.29               7439628.00          87                  2.28                38.10               38.25               34106.00            -2.529891           -59.638156          F 
140047                          1                   0.0001000           10734               498.06              21.55               42.29               7439628.00          87                  2.06                42.22               42.39               30782.00            0.0378310           -61.010414          F 
510515                          1                   0.0001000           10734               498.06              21.55               42.29               7439628.00          0                   2.75                0                   0                   41101.00            -11.533422          -59.327120          F 
130353                          1                   0.0001000           10734               498.06              21.55               42.29               7439628.00          125                 2.49                50.20               50.49               37193.00            -1.372564           -59.988741          F 
510337                          1                   0.0001000           10734               498.06              21.55               42.29               7439628.00          5                   1.35                3.69                3.69                20238.00            -9.536841           -58.677801          F 
140020                          1                   0.0001000           10734               498.06              21.55               42.29               7439628.00          88                  1.49                58.99               59.23               22283.00            0.990862            -61.471950          F 
130310                          1                   0.0001000           10734               498.06              21.55               42.29               7439628.00          1                   2.55                0.39                0.39                38026.00            -3.988364           -58.601783          F 
510517                          1                   0.0001000           10734               498.06              21.55               42.29               7439628.00          0                   1.09                0                   0                   16335.00            -10.359620          -58.592177          F 
510330                          1                   0.0001000           10734               498.06              21.55               42.29               7439628.00          4                   1.41                2.84                2.84                21008.00            -13.189673          -59.752227          F 
140028                          1                   0.0001000           10734               498.06              21.55               42.29               7439628.00          106                 0.82                128.77              129.41              12296.00            2.186649            -62.468913          F 
130190                          1                   0.0001000           10734               498.06              21.55               42.29               7439628.00          43                  6.88                6.25                6.26                102701.00           -3.174662           -58.777136          F 
510285                          1                   0.0001000           10734               498.06              21.55               42.29               7439628.00          1                   0.59                1.71                1.71                8749.00             -10.955815          -58.604328          F 
130290                          1                   0.0001000           10734               498.06              21.55               42.29               7439628.00          126                 4.35                28.94               29.10               65040.00            -4.984990           -58.060916          F 
510615                          1                   0.0001000           10734               498.06              21.55               42.29               7439628.00          1                   1.05                0.95                0.95                15685.00            -9.768714           -58.076318          F 
130400                          1                   0.0001000           10734               498.06              21.55               42.29               7439628.00          8                   0.62                12.95               12.95               9230.00             -2.822093           -58.536128          F 
510080                          1                   0.0001000           10734               498.06              21.55               42.29               7439628.00          10                  0.69                14.53               14.53               10283.00            -8.753341           -57.827599          F 
130200                          1                   0.0001000           10734               498.06              21.55               42.29               7439628.00          48                  0.62                77.68               77.85               9230.00             -2.498704           -58.619577          F 
140005                          1                   0.0001000           10734               498.06              21.55               42.29               7439628.00          2152                1.03                2090.06             2324.00             15380.00            3.078187            -62.755259          F 
130395                          1                   0.0001000           10734               498.06              21.55               42.29               7439628.00          51                  0.96                53.08               53.20               14352.00            -1.946118           -58.702338          F 
510618                          1                   0.0001000           10734               498.06              21.55               42.29               7439628.00          2                   0.45                4.43                4.43                6751.00             -14.301166          -59.771479          F 
140030                          1                   0.0001000           10734               498.06              21.55               42.29               7439628.00          921                 1.22                757.06              791.11              18172.00            2.510145            -61.983632          F 
510268                          1                   0.0001000           10734               498.06              21.55               42.29               7439628.00          0                   0.47                0                   0                   7070.00             -13.578425          -59.192168          F 
130430                          1                   0.0001000           10734               498.06              21.55               42.29               7439628.00          3                   1.08                2.78                2.78                16130.00            -0.893871           -59.029898          F 
140060                          1                   0.0001000           10734               498.06              21.55               42.29               7439628.00          114                 0.54                209.97              211.09              8110.00             0.884349            -60.151701          F 
150375                          1                   0.0001000           10734               498.06              21.55               42.29               7439628.00          487                 0.51                958.43              980.76              7590.00             -7.445178           -57.302829          F 
140050                          1                   0.0001000           10734               498.06              21.55               42.29               7439628.00          41                  0.56                73.36               73.50               8348.00             0.635650            -59.844809          F 
510787                          1                   0.0001000           10734               498.06              21.55               42.29               7439628.00          0                   1.79                0                   0                   26688.00            -13.152251          -58.653484          F 
510550                          1                   0.0001000           10734               498.06              21.55               42.29               7439628.00          312                 1.09                286.43              290.66              16271.00            -15.190336          -59.990041          F 
510510                          1                   0.0001000           10734               498.06              21.55               42.29               7439628.00          0                   2.35                0                   0                   35121.00            -11.021025          -57.612138          F 
130068                          1                   0.0001000           10734               498.06              21.55               42.29               7439628.00          1                   1.31                0.76                0.76                19626.00            -3.138082           -57.669942          F 
130440                          1                   0.0001000           10734               498.06              21.55               42.29               7439628.00          0                   1.58                0                   0                   23585.00            -2.812240           -57.770143          F 
510336                          1                   0.0001000           10734               498.06              21.55               42.29               7439628.00          50                  0.27                182.12              182.54              4101.00             -14.635124          -59.331826          F 
510895                          1                   0.0001000           10734               498.06              21.55               42.29               7439628.00          0                   0.62                0                   0                   9277.00             -9.964637           -57.251389          F 
510190                          1                   0.0001000           10734               498.06              21.55               42.29               7439628.00          0                   1.35                0                   0                   20140.00            -12.425468          -57.995502          F 
140002                          1                   0.0001000           10734               498.06              21.55               42.29               7439628.00          439                 0.88                497.34              507.75              13185.00            3.732874            -62.436863          F 
140017                          1                   0.0001000           10734               498.06              21.55               42.29               7439628.00          398                 1.26                316.24              322.23              18799.00            2.272838            -60.542067          F 
140023                          1                   0.0001000           10734               498.06              21.55               42.29               7439628.00          72                  0.70                103.58              103.93              10383.00            0.914772            -59.338066          F 
510627                          1                   0.0001000           10734               498.06              21.55               42.29               7439628.00          0                   0.27                0                   0                   4051.00             -11.386567          -57.308941          F 
510675                          1                   0.0001000           10734               498.06              21.55               42.29               7439628.00          18                  3.06                5.87                5.88                45774.00            -15.515107          -59.455385          F 
130050                          1                   0.0001000           10734               498.06              21.55               42.29               7439628.00          0                   2.17                0                   0                   32483.00            -3.129157           -57.172390          F 
510835                          1                   0.0001000           10734               498.06              21.55               42.29               7439628.00          0                   0.21                0                   0                   3126.00             -14.962496          -58.954452          F 
130300                          1                   0.0001000           10734               498.06              21.55               42.29               7439628.00          42                  1.44                29.26               29.31               21443.00            -1.680483           -57.656536          F 
510629                          1                   0.0001000           10734               498.06              21.55               42.29               7439628.00          1                   0.75                1.33                1.33                11244.00            -9.593078           -56.684722          F 
150360                          1                   0.0001000           10734               498.06              21.55               42.29               7439628.00          263                 6.79                38.74               39.21               101395.00           -5.871333           -56.496545          F 
150310                          2                   0.0001000           948                 39.02               24.29               25.37               589317.00           1                   2.24                0.45                0.45                33755.00            -1.151921           -51.555276          F 
160080                          2                   0.0001000           948                 39.02               24.29               25.37               589317.00           2                   1.08                1.86                1.86                16254.00            -0.997903           -52.061167          F 
150450                          2                   0.0001000           948                 39.02               24.29               25.37               589317.00           3                   1.85                1.62                1.62                27890.00            -1.607856           -51.104066          F 
150180                          2                   0.0001000           948                 39.02               24.29               25.37               589317.00           37                  6.85                5.40                5.41                103497.00           -1.121333           -50.628584          F 
160040                          2                   0.0001000           948                 39.02               24.29               25.37               589317.00           74                  1.46                50.67               50.85               22053.00            -0.0730322          -51.943908          F 
150030                          2                   0.0001000           948                 39.02               24.29               25.37               589317.00           49                  2.62                18.70               18.74               39567.00            -0.263841           -50.727746          F 
160060                          2                   0.0001000           948                 39.02               24.29               25.37               589317.00           74                  8.15                9.08                9.11                123096.00           0.128476            -51.379449          F 
150590                          2                   0.0001000           948                 39.02               24.29               25.37               589317.00           0                   2.77                0                   0                   41801.00            -2.184494           -52.547960          F 
150580                          2                   0.0001000           948                 39.02               24.29               25.37               589317.00           52                  4.17                12.48               12.50               62945.00            -2.565541           -50.955536          F 
150280                          2                   0.0001000           948                 39.02               24.29               25.37               589317.00           94                  2.32                40.57               40.74               34994.00            -1.583580           -49.988115          F 
150070                          2                   0.0001000           948                 39.02               24.29               25.37               589317.00           352                 1.97                179.05              182.03              29688.00            -0.827103           -49.962044          F 
160053                          2                   0.0001000           948                 39.02               24.29               25.37               589317.00           116                 1.49                78.02               78.44               22452.00            0.587711            -51.673569          F 
150110                          2                   0.0001000           948                 39.02               24.29               25.37               589317.00           94                  2.07                45.32               45.51               31325.00            -2.372794           -50.181886          F 
210547                          3                   0.0001000           29                  0.95                30.57               30.61               17040.00            29                  0.95                30.57               30.61               17040.00            -5.390799           -45.575691          F 
