140005                          1                   0.0001000           29244               1618.77             18.07               31.60               6710991.00          81                  3.47                23.34               23.37               14386.00            3.078187            -62.755259          F 
140002                          1                   0.0001000           29244               1618.77             18.07               31.60               6710991.00          25                  1.83                13.66               13.67               7586.00             3.732874            -62.436863          F 
140028                          1                   0.0001000           29244               1618.77             18.07               31.60               6710991.00          178                 1.41                125.86              126.20              5863.00             2.186649            -62.468913          F 
140030                          1                   0.0001000           29244               1618.77             18.07               31.60               6710991.00          210                 3.03                69.39               69.61               12546.00            2.510145            -61.983632          F 
140010                          1                   0.0001000           29244               1618.77             18.07               31.60               6710991.00          22                  60.27               0.37                0.36                249853.00           3.117964            -60.717850          F 
140045                          1                   0.0001000           29244               1618.77             18.07               31.60               6710991.00          13                  2.08                6.24                6.24                8640.00             4.168751            -60.839425          F 
140017                          1                   0.0001000           29244               1618.77             18.07               31.60               6710991.00          441                 2.68                164.43              165.52              11119.00            2.272838            -60.542067          F 
140020                          1                   0.0001000           29244               1618.77             18.07               31.60               6710991.00          149                 4.34                34.35               34.43               17981.00            0.990862            -61.471950          F 
140015                          1                   0.0001000           29244               1618.77             18.07               31.60               6710991.00          28                  2.47                11.35               11.35               10231.00            2.787148            -60.100125          F 
140040                          1                   0.0001000           29244               1618.77             18.07               31.60               6710991.00          10                  1.72                5.82                5.83                7118.00             3.878942            -60.064912          F 
140070                          1                   0.0001000           29244               1618.77             18.07               31.60               6710991.00          4                   1.79                2.24                2.24                7403.00             4.683843            -60.280731          F 
140060                          1                   0.0001000           29244               1618.77             18.07               31.60               6710991.00          80                  1.38                57.98               58.05               5720.00             0.884349            -60.151701          F 
140047                          1                   0.0001000           29244               1618.77             18.07               31.60               6710991.00          92                  5.90                15.59               15.61               24466.00            0.0378310           -61.010414          F 
130040                          1                   0.0001000           29244               1618.77             18.07               31.60               6710991.00          130                 5.93                21.94               21.98               24567.00            -0.465180           -63.434588          F 
140050                          1                   0.0001000           29244               1618.77             18.07               31.60               6710991.00          7                   1.38                5.07                5.07                5727.00             0.635650            -59.844809          F 
140023                          1                   0.0001000           29244               1618.77             18.07               31.60               6710991.00          31                  1.71                18.14               18.14               7086.00             0.914772            -59.338066          F 
130360                          1                   0.0001000           29244               1618.77             18.07               31.60               6710991.00          33                  4.08                8.09                8.09                16921.00            -0.318566           -65.522058          F 
130320                          1                   0.0001000           29244               1618.77             18.07               31.60               6710991.00          243                 3.53                68.86               69.11               14630.00            -2.046996           -61.701836          F 
130353                          1                   0.0001000           29244               1618.77             18.07               31.60               6710991.00          600                 5.88                102.11              103.04              24360.00            -1.372564           -59.988741          F 
130430                          1                   0.0001000           29244               1618.77             18.07               31.60               6710991.00          116                 3.79                30.60               30.65               15716.00            -0.893871           -59.029898          F 
130380                          1                   0.0001000           29244               1618.77             18.07               31.60               6710991.00          47                  9.44                4.98                4.98                39130.00            0.374453            -67.997697          F 
130280                          1                   0.0001000           29244               1618.77             18.07               31.60               6710991.00          136                 4.22                32.21               32.27               17507.00            -2.428415           -65.038109          F 
130083                          1                   0.0001000           29244               1618.77             18.07               31.60               6710991.00          544                 2.54                213.83              215.60              10547.00            -3.081969           -61.877491          F 
130260                          1                   0.0001000           29244               1618.77             18.07               31.60               6710991.00          678                 397.18              1.71                1.71                1646602.00          -2.626021           -60.259483          F 
150530                          1                   0.0001000           29244               1618.77             18.07               31.60               6710991.00          14                  13.31               1.05                1.05                55175.00            0.255032            -57.149736          F 
130130                          1                   0.0001000           29244               1618.77             18.07               31.60               6710991.00          45                  3.87                11.64               11.65               16025.00            -3.289026           -62.972665          F 
130356                          1                   0.0001000           29244               1618.77             18.07               31.60               6710991.00          683                 6.00                113.91              115.09              24858.00            -2.529891           -59.638156          F 
130395                          1                   0.0001000           29244               1618.77             18.07               31.60               6710991.00          403                 2.11                191.36              192.52              8731.00             -1.946118           -58.702338          F 
150300                          1                   0.0001000           29244               1618.77             18.07               31.60               6710991.00          0                   4.16                0                   0                   17253.00            -1.158833           -57.806300          F 
130185                          1                   0.0001000           29244               1618.77             18.07               31.60               6710991.00          680                 7.93                85.77               86.65               32869.00            -3.095148           -60.480667          F 
130250                          1                   0.0001000           29244               1618.77             18.07               31.60               6710991.00          730                 19.85               36.77               37.17               82309.00            -3.291606           -60.958222          F 
130160                          1                   0.0001000           29244               1618.77             18.07               31.60               6710991.00          11                  4.76                2.31                2.31                19726.00            -2.492180           -66.358452          F 
130008                          1                   0.0001000           29244               1618.77             18.07               31.60               6710991.00          87                  1.97                44.24               44.30               8152.00             -3.502503           -61.716696          F 
130426                          1                   0.0001000           29244               1618.77             18.07               31.60               6710991.00          111                 2.38                46.68               46.75               9859.00             -3.167038           -65.411879          F 
130200                          1                   0.0001000           29244               1618.77             18.07               31.60               6710991.00          92                  2.20                41.72               41.78               9141.00             -2.498704           -58.619577          F 
130300                          1                   0.0001000           29244               1618.77             18.07               31.60               6710991.00          5                   4.23                1.18                1.18                17553.00            -1.680483           -57.656536          F 
130115                          1                   0.0001000           29244               1618.77             18.07               31.60               6710991.00          383                 5.55                68.97               69.36               23023.00            -3.286228           -59.599493          F 
130255                          1                   0.0001000           29244               1618.77             18.07               31.60               6710991.00          246                 4.62                53.22               53.41               19164.00            -3.779354           -60.697327          F 
130002                          1                   0.0001000           29244               1618.77             18.07               31.60               6710991.00          995                 3.14                317.06              321.89              13010.00            -3.701122           -65.330652          F 
130400                          1                   0.0001000           29244               1618.77             18.07               31.60               6710991.00          180                 1.98                90.88               91.13               8211.00             -2.822093           -58.536128          F 
130010                          1                   0.0001000           29244               1618.77             18.07               31.60               6710991.00          243                 3.34                72.82               73.09               13834.00            -4.186645           -62.073001          F 
130110                          1                   0.0001000           29244               1618.77             18.07               31.60               6710991.00          1407                7.49                187.74              191.80              31070.00            -3.770658           -60.183093          F 
130210                          1                   0.0001000           29244               1618.77             18.07               31.60               6710991.00          11                  1.27                8.64                8.64                5281.00             -1.698117           -68.320288          F 
130190                          1                   0.0001000           29244               1618.77             18.07               31.60               6710991.00          475                 20.42               23.26               23.42               84676.00            -3.174662           -58.777136          F 
130220                          1                   0.0001000           29244               1618.77             18.07               31.60               6710991.00          89                  2.09                42.62               42.67               8658.00             -3.524623           -66.306825          F 
130030                          1                   0.0001000           29244               1618.77             18.07               31.60               6710991.00          1430                7.21                198.23              202.59              29907.00            -3.788879           -59.528635          F 
130120                          1                   0.0001000           29244               1618.77             18.07               31.60               6710991.00          191                 15.73               12.14               12.17               65222.00            -4.437162           -64.124619          F 
130423                          1                   0.0001000           29244               1618.77             18.07               31.60               6710991.00          3                   4.60                0.65                0.65                19090.00            -2.691643           -67.827923          F 
130440                          1                   0.0001000           29244               1618.77             18.07               31.60               6710991.00          5                   4.14                1.21                1.21                17184.00            -2.812240           -57.770143          F 
130063                          1                   0.0001000           29244               1618.77             18.07               31.60               6710991.00          154                 3.33                46.23               46.34               13809.00            -4.603475           -61.787364          F 
150510                          1                   0.0001000           29244               1618.77             18.07               31.60               6710991.00          25                  11.29               2.21                2.22                46793.00            -0.170427           -55.674947          F 
130068                          1                   0.0001000           29244               1618.77             18.07               31.60               6710991.00          15                  3.17                4.73                4.73                13138.00            -3.138082           -57.669942          F 
130420                          1                   0.0001000           29244               1618.77             18.07               31.60               6710991.00          188                 15.18               12.39               12.42               62920.00            -4.468383           -65.529278          F 
150797                          1                   0.0001000           29244               1618.77             18.07               31.60               6710991.00          0                   3.69                0                   0                   15316.00            -1.952134           -56.458364          F 
130310                          1                   0.0001000           29244               1618.77             18.07               31.60               6710991.00          18                  7.04                2.56                2.56                29184.00            -3.988364           -58.601783          F 
130340                          1                   0.0001000           29244               1618.77             18.07               31.60               6710991.00          9                   24.61               0.37                0.37                102044.00           -2.688407           -56.854026          F 
130050                          1                   0.0001000           29244               1618.77             18.07               31.60               6710991.00          3                   6.43                0.47                0.47                26645.00            -3.129157           -57.172390          F 
150040                          1                   0.0001000           29244               1618.77             18.07               31.60               6710991.00          19                  12.70               1.50                1.50                52661.00            -0.536230           -55.069883          F 
130006                          1                   0.0001000           29244               1618.77             18.07               31.60               6710991.00          2                   2.02                0.99                0.99                8384.00             -3.418321           -68.287308          F 
130080                          1                   0.0001000           29244               1618.77             18.07               31.60               6710991.00          331                 7.50                44.13               44.34               31098.00            -4.957034           -59.534428          F 
150390                          1                   0.0001000           29244               1618.77             18.07               31.60               6710991.00          0                   8.15                0                   0                   33775.00            -2.622585           -56.221232          F 
130370                          1                   0.0001000           29244               1618.77             18.07               31.60               6710991.00          14                  7.06                1.98                1.98                29249.00            -3.051175           -69.087897          F 
150285                          1                   0.0001000           29244               1618.77             18.07               31.60               6710991.00          5                   2.88                1.74                1.74                11928.00            -1.845743           -55.113264          F 
150050                          1                   0.0001000           29244               1618.77             18.07               31.60               6710991.00          5                   7.45                0.67                0.67                30903.00            0.284350            -53.893460          F 
130290                          1                   0.0001000           29244               1618.77             18.07               31.60               6710991.00          112                 11.34               9.87                9.89                47020.00            -4.984990           -58.060916          F 
150480                          1                   0.0001000           29244               1618.77             18.07               31.60               6710991.00          2                   14.80               0.14                0.14                61350.00            -1.119762           -54.365806          F 
130100                          1                   0.0001000           29244               1618.77             18.07               31.60               6710991.00          14                  6.06                2.31                2.31                25110.00            -5.118832           -67.337382          F 
130410                          1                   0.0001000           29244               1618.77             18.07               31.60               6710991.00          165                 4.69                35.16               35.25               19453.00            -6.104509           -64.893865          F 
150100                          1                   0.0001000           29244               1618.77             18.07               31.60               6710991.00          5                   4.54                1.10                1.10                18830.00            -3.667209           -56.016450          F 
130230                          1                   0.0001000           29244               1618.77             18.07               31.60               6710991.00          58                  4.13                14.04               14.05               17129.00            -4.713108           -68.403854          F 
130270                          1                   0.0001000           29244               1618.77             18.07               31.60               6710991.00          579                 10.69               54.15               54.62               44327.00            -6.459804           -61.446481          F 
150680                          1                   0.0001000           29244               1618.77             18.07               31.60               6710991.00          4                   66.16               0.060               0.060               274285.00           -2.764647           -55.093854          F 
160027                          1                   0.0001000           29244               1618.77             18.07               31.60               6710991.00          13                  9.04                1.44                1.44                37491.00            1.096940            -53.306000          F 
130406                          1                   0.0001000           29244               1618.77             18.07               31.60               6710991.00          16                  10.93               1.46                1.46                45293.00            -4.027765           -69.681346          F 
150145                          1                   0.0001000           29244               1618.77             18.07               31.60               6710991.00          2                   3.07                0.65                0.65                12707.00            -3.191161           -54.992826          F 
130390                          1                   0.0001000           29244               1618.77             18.07               31.60               6710991.00          10                  7.41                1.35                1.35                30727.00            -4.497836           -69.450565          F 
130330                          1                   0.0001000           29244               1618.77             18.07               31.60               6710991.00          425                 4.39                96.83               97.45               18196.00            -6.825051           -60.477192          F 
160015                          1                   0.0001000           29244               1618.77             18.07               31.60               6710991.00          246                 1.77                139.10              139.61              7332.00             1.157828            -52.523712          F 
130170                          1                   0.0001000           29244               1618.77             18.07               31.60               6710991.00          84                  9.30                9.03                9.04                38559.00            -7.362897           -62.485394          F 
150600                          1                   0.0001000           29244               1618.77             18.07               31.60               6710991.00          232                 6.38                36.38               36.51               26436.00            -2.120276           -53.660235          F 
150619                          1                   0.0001000           29244               1618.77             18.07               31.60               6710991.00          2                   7.95                0.25                0.25                32950.00            -4.241022           -55.210827          F 
130090                          1                   0.0001000           29244               1618.77             18.07               31.60               6710991.00          196                 2.77                70.89               71.09               11463.00            -7.403346           -64.096665          F 
160005                          1                   0.0001000           29244               1618.77             18.07               31.60               6710991.00          66                  0.91                72.54               72.61               3772.00             1.649528            -52.270468          F 
150805                          1                   0.0001000           29244               1618.77             18.07               31.60               6710991.00          19                  3.88                4.89                4.89                16097.00            -5.130084           -56.003417          F 
150565                          1                   0.0001000           29244               1618.77             18.07               31.60               6710991.00          1                   4.32                0.23                0.23                17898.00            -3.889977           -54.500599          F 
160050                          1                   0.0001000           29244               1618.77             18.07               31.60               6710991.00          138                 4.63                29.83               29.89               19181.00            3.088524            -51.904801          F 
150360                          1                   0.0001000           29244               1618.77             18.07               31.60               6710991.00          531                 28.51               18.63               18.77               118194.00           -5.871333           -56.496545          F 
130195                          1                   0.0001000           29244               1618.77             18.07               31.60               6710991.00          3                   1.95                1.54                1.54                8078.00             -6.682874           -68.114036          F 
150815                          1                   0.0001000           29244               1618.77             18.07               31.60               6710991.00          16                  14.44               1.11                1.11                59881.00            -3.583648           -53.807296          F 
160040                          1                   0.0001000           29244               1618.77             18.07               31.60               6710991.00          191                 3.34                57.12               57.29               13862.00            -0.0730322          -51.943908          F 
130014                          1                   0.0001000           29244               1618.77             18.07               31.60               6710991.00          44                  4.21                10.45               10.46               17451.00            -7.759871           -59.431439          F 
130060                          1                   0.0001000           29244               1618.77             18.07               31.60               6710991.00          15                  7.06                2.12                2.12                29268.00            -5.429327           -70.278296          F 
160053                          1                   0.0001000           29244               1618.77             18.07               31.60               6710991.00          359                 3.37                106.60              107.17              13962.00            0.587711            -51.673569          F 
160020                          1                   0.0001000           29244               1618.77             18.07               31.60               6710991.00          203                 2.09                97.23               97.52               8656.00             2.430849            -51.404322          F 
150445                          1                   0.0001000           29244               1618.77             18.07               31.60               6710991.00          13                  5.46                2.38                2.38                22624.00            -3.160218           -53.194916          F 
160080                          1                   0.0001000           29244               1618.77             18.07               31.60               6710991.00          7                   2.60                2.70                2.70                10765.00            -0.997903           -52.061167          F 
150590                          1                   0.0001000           29244               1618.77             18.07               31.60               6710991.00          38                  6.39                5.95                5.95                26489.00            -2.184494           -52.547960          F 
160023                          1                   0.0001000           29244               1618.77             18.07               31.60               6710991.00          229                 1.22                188.37              189.02              5040.00             0.958713            -51.419182          F 
160055                          1                   0.0001000           29244               1618.77             18.07               31.60               6710991.00          6                   0.81                7.42                7.42                3353.00             1.625299            -51.277065          F 
160060                          1                   0.0001000           29244               1618.77             18.07               31.60               6710991.00          196                 22.22               8.82                8.85                92098.00            0.128476            -51.379449          F 
150375                          1                   0.0001000           29244               1618.77             18.07               31.60               6710991.00          172                 8.94                19.23               19.28               37073.00            -7.445178           -57.302829          F 
130240                          1                   0.0001000           29244               1618.77             18.07               31.60               6710991.00          457                 8.90                51.33               51.68               36909.00            -8.375880           -65.812244          F 
160070                          1                   0.0001000           29244               1618.77             18.07               31.60               6710991.00          110                 2.99                36.79               36.85               12395.00            1.294034            -50.985687          F 
150172                          1                   0.0001000           29244               1618.77             18.07               31.60               6710991.00          33                  4.52                7.30                7.30                18749.00            -3.292151           -52.685423          F 
150310                          1                   0.0001000           29244               1618.77             18.07               31.60               6710991.00          0                   5.88                0                   0                   24384.00            -1.151921           -51.555276          F 
110080                          1                   0.0001000           29244               1618.77             18.07               31.60               6710991.00          953                 4.04                236.07              239.51              16736.00            -8.887011           -63.325581          F 
130350                          1                   0.0001000           29244               1618.77             18.07               31.60               6710991.00          125                 4.42                28.28               28.33               18325.00            -7.757795           -68.197229          F 
160010                          1                   0.0001000           29244               1618.77             18.07               31.60               6710991.00          4                   1.81                2.21                2.21                7492.00             1.764026            -50.581371          F 
110094                          1                   0.0001000           29244               1618.77             18.07               31.60               6710991.00          265                 3.34                79.28               79.60               13857.00            -9.170974           -62.565037          F 
110110                          1                   0.0001000           29244               1618.77             18.07               31.60               6710991.00          194                 1.91                101.74              102.04              7905.00             -9.170195           -63.044988          F 
110013                          1                   0.0001000           29244               1618.77             18.07               31.60               6710991.00          277                 7.59                36.49               36.63               31475.00            -9.204070           -62.010294          F 
160030                          1                   0.0001000           29244               1618.77             18.07               31.60               6710991.00          101                 83.01               1.22                1.22                344153.00           0.554818            -50.700863          F 
110020                          1                   0.0001000           29244               1618.77             18.07               31.60               6710991.00          3111                89.09               34.92               36.59               369345.00           -9.153039           -64.305489          F 
160025                          1                   0.0001000           29244               1618.77             18.07               31.60               6710991.00          7                   0.83                8.44                8.44                3439.00             0.532233            -50.651554          F 
160021                          1                   0.0001000           29244               1618.77             18.07               31.60               6710991.00          7                   1.04                6.72                6.72                4320.00             1.030315            -50.483699          F 
150835                          1                   0.0001000           29244               1618.77             18.07               31.60               6710991.00          106                 2.34                45.34               45.41               9693.00             -3.141047           -51.973342          F 
150030                          1                   0.0001000           29244               1618.77             18.07               31.60               6710991.00          3                   7.52                0.40                0.40                31183.00            -0.263841           -50.727746          F 
130140                          1                   0.0001000           29244               1618.77             18.07               31.60               6710991.00          12                  7.09                1.69                1.69                29411.00            -7.022778           -70.222033          F 
150450                          1                   0.0001000           29244               1618.77             18.07               31.60               6710991.00          25                  4.30                5.81                5.81                17845.00            -1.607856           -51.104066          F 
130020                          1                   0.0001000           29244               1618.77             18.07               31.60               6710991.00          259                 3.30                78.48               78.78               13682.00            -5.711940           -71.742673          F 
510325                          1                   0.0001000           29244               1618.77             18.07               31.60               6710991.00          58                  6.73                8.62                8.63                27882.00            -9.292283           -60.305531          F 
110026                          1                   0.0001000           29244               1618.77             18.07               31.60               6710991.00          75                  0.77                97.96               98.07               3174.00             -9.645106           -62.790311          F 
110040                          1                   0.0001000           29244               1618.77             18.07               31.60               6710991.00          309                 4.04                76.44               76.80               16758.00            -9.649274           -63.394283          F 
510080                          1                   0.0001000           29244               1618.77             18.07               31.60               6710991.00          4                   1.91                2.09                2.09                7926.00             -8.753341           -57.827599          F 
150180                          1                   0.0001000           29244               1618.77             18.07               31.60               6710991.00          32                  22.78               1.40                1.40                94458.00            -1.121333           -50.628584          F 
110175                          1                   0.0001000           29244               1618.77             18.07               31.60               6710991.00          115                 2.11                54.48               54.57               8751.00             -9.732685           -61.939355          F 
130150                          1                   0.0001000           29244               1618.77             18.07               31.60               6710991.00          1                   3.97                0.25                0.25                16438.00            -7.573750           -70.054927          F 
130070                          1                   0.0001000           29244               1618.77             18.07               31.60               6710991.00          3                   7.19                0.42                0.42                29818.00            -8.772979           -68.047540          F 
110002                          1                   0.0001000           29244               1618.77             18.07               31.60               6710991.00          245                 19.87               12.33               12.37               82388.00            -9.951979           -62.957373          F 
150060                          1                   0.0001000           29244               1618.77             18.07               31.60               6710991.00          100                 22.22               4.50                4.51                92105.00            -6.486303           -53.886671          F 
150580                          1                   0.0001000           29244               1618.77             18.07               31.60               6710991.00          102                 11.00               9.28                9.29                45586.00            -2.565541           -50.955536          F 
150780                          1                   0.0001000           29244               1618.77             18.07               31.60               6710991.00          248                 3.45                71.89               72.15               14302.00            -4.171559           -51.773388          F 
110045                          1                   0.0001000           29244               1618.77             18.07               31.60               6710991.00          247                 7.98                30.96               31.07               33072.00            -10.052159          -63.941154          F 
110160                          1                   0.0001000           29244               1618.77             18.07               31.60               6710991.00          124                 2.40                51.65               51.75               9952.00             -10.121814          -62.342289          F 
150503                          1                   0.0001000           29244               1618.77             18.07               31.60               6710991.00          93                  5.21                17.85               17.88               21598.00            -8.062463           -55.612052          F 
510337                          1                   0.0001000           29244               1618.77             18.07               31.60               6710991.00          2                   3.31                0.60                0.60                13740.00            -9.536841           -58.677801          F 
150250                          1                   0.0001000           29244               1618.77             18.07               31.60               6710991.00          120                 4.67                25.69               25.73               19368.00            -0.0296229          -49.829440          F 
110140                          1                   0.0001000           29244               1618.77             18.07               31.60               6710991.00          132                 2.98                44.29               44.37               12357.00            -10.210793          -63.372281          F 
150070                          1                   0.0001000           29244               1618.77             18.07               31.60               6710991.00          263                 6.02                43.71               43.89               24942.00            -0.827103           -49.962044          F 
110060                          1                   0.0001000           29244               1618.77             18.07               31.60               6710991.00          35                  1.34                26.13               26.14               5553.00             -10.331685          -62.987180          F 
130180                          1                   0.0001000           29244               1618.77             18.07               31.60               6710991.00          17                  4.14                4.10                4.10                17177.00            -7.181162           -71.415929          F 
150085                          1                   0.0001000           29244               1618.77             18.07               31.60               6710991.00          86                  4.29                20.04               20.07               17787.00            -3.997294           -51.301209          F 
110180                          1                   0.0001000           29244               1618.77             18.07               31.60               6710991.00          4                   2.11                1.90                1.90                8742.00             -10.384134          -62.093876          F 
110012                          1                   0.0001000           29244               1618.77             18.07               31.60               6710991.00          21                  25.97               0.81                0.81                107679.00           -10.462197          -61.757091          F 
510140                          1                   0.0001000           29244               1618.77             18.07               31.60               6710991.00          48                  4.61                10.42               10.43               19100.00            -10.187963          -59.839297          F 
150280                          1                   0.0001000           29244               1618.77             18.07               31.60               6710991.00          34                  6.12                5.55                5.55                25388.00            -1.583580           -49.988115          F 
110033                          1                   0.0001000           29244               1618.77             18.07               31.60               6710991.00          800                 5.10                156.72              158.63              21162.00            -10.382239          -64.629270          F 
110070                          1                   0.0001000           29244               1618.77             18.07               31.60               6710991.00          385                 3.00                128.15              128.89              12455.00            -10.485091          -63.799446          F 
120080                          1                   0.0001000           29244               1618.77             18.07               31.60               6710991.00          71                  3.31                21.46               21.48               13716.00            -9.629475           -67.701064          F 
510757                          1                   0.0001000           29244               1618.77             18.07               31.60               6710991.00          0                   0.81                0                   0                   3348.00             -10.463060          -61.010088          F 
510615                          1                   0.0001000           29244               1618.77             18.07               31.60               6710991.00          10                  3.07                3.25                3.25                12742.00            -9.768714           -58.076318          F 
120001                          1                   0.0001000           29244               1618.77             18.07               31.60               6710991.00          31                  2.78                11.16               11.16               11520.00            -9.934392           -66.948427          F 
110011                          1                   0.0001000           29244               1618.77             18.07               31.60               6710991.00          24                  12.65               1.90                1.90                52453.00            -10.592446          -62.584788          F 
150110                          1                   0.0001000           29244               1618.77             18.07               31.60               6710991.00          2                   4.48                0.45                0.45                18580.00            -2.372794           -50.181886          F 
110015                          1                   0.0001000           29244               1618.77             18.07               31.60               6710991.00          10                  8.69                1.15                1.15                36040.00            -10.610539          -62.172424          F 
120013                          1                   0.0001000           29244               1618.77             18.07               31.60               6710991.00          52                  1.58                32.95               32.97               6543.00             -9.613848           -68.175429          F 
150770                          1                   0.0001000           29244               1618.77             18.07               31.60               6710991.00          0                   4.94                0                   0                   20500.00            -1.434046           -49.680194          F 
110100                          1                   0.0001000           29244               1618.77             18.07               31.60               6710991.00          30                  2.76                10.88               10.88               11432.00            -10.748055          -63.183884          F 
150548                          1                   0.0001000           29244               1618.77             18.07               31.60               6710991.00          1384                9.25                149.56              152.73              38365.00            -3.684058           -50.631545          F 
120045                          1                   0.0001000           29244               1618.77             18.07               31.60               6710991.00          261                 4.55                57.36               57.59               18863.00            -9.996928           -67.427266          F 
150795                          2                   0.0001000           2844                154.90              18.36               19.14               642167.00           39                  15.51               2.52                2.52                64281.00            -2.907824           -48.736640          F 
150470                          2                   0.0001000           2844                154.90              18.36               19.14               642167.00           697                 15.39               45.28               45.75               63821.00            -2.683914           -49.073983          F 
150800                          2                   0.0001000           2844                154.90              18.36               19.14               642167.00           49                  11.36               4.31                4.32                47081.00            -2.635991           -48.267573          F 
150460                          2                   0.0001000           2844                154.90              18.36               19.14               642167.00           0                   5.61                0                   0                   23258.00            -2.576520           -49.465753          F 
150345                          2                   0.0001000           2844                154.90              18.36               19.14               642167.00           491                 9.54                51.45               51.83               39563.00            -2.805973           -47.921740          F 
150020                          2                   0.0001000           2844                154.90              18.36               19.14               642167.00           5                   11.56               0.43                0.43                47923.00            -2.035421           -48.411423          F 
150330                          2                   0.0001000           2844                154.90              18.36               19.14               642167.00           2                   13.19               0.15                0.15                54673.00            -2.062684           -49.130853          F 
150120                          2                   0.0001000           2844                154.90              18.36               19.14               642167.00           177                 6.32                28.02               28.09               26190.00            -3.129242           -49.698861          F 
150210                          2                   0.0001000           2844                154.90              18.36               19.14               642167.00           6                   26.61               0.23                0.23                110323.00           -2.253113           -49.513615          F 
150178                          2                   0.0001000           2844                154.90              18.36               19.14               642167.00           101                 11.35               8.90                8.91                47069.00            -3.733432           -49.370902          F 
150309                          2                   0.0001000           2844                154.90              18.36               19.14               642167.00           869                 6.55                132.62              134.37              27166.00            -4.027408           -49.005681          F 
150550                          2                   0.0001000           2844                154.90              18.36               19.14               642167.00           408                 21.91               18.62               18.73               90819.00            -3.203446           -47.603092          F 
210565                          3                   0.0001000           406                 38.43               10.57               10.62               161954.00           0                   0.95                0                   0                   4014.00             -1.917746           -46.115749          F 
210632                          3                   0.0001000           406                 38.43               10.57               10.62               161954.00           29                  4.16                6.97                6.97                17537.00            -1.982063           -45.992607          F 
210197                          3                   0.0001000           406                 38.43               10.57               10.62               161954.00           73                  1.75                41.66               41.70               7385.00             -1.762813           -46.178716          F 
210055                          3                   0.0001000           406                 38.43               10.57               10.62               161954.00           7                   1.46                4.78                4.78                6168.00             -1.673095           -45.948022          F 
210467                          3                   0.0001000           406                 38.43               10.57               10.62               161954.00           57                  5.70                10.00               10.01               24012.00            -2.061555           -45.818133          F 
150195                          3                   0.0001000           406                 38.43               10.57               10.62               161954.00           102                 4.19                24.36               24.39               17649.00            -1.991029           -46.439673          F 
210315                          3                   0.0001000           406                 38.43               10.57               10.62               161954.00           6                   1.68                3.56                3.56                7094.00             -2.367505           -46.128105          F 
150830                          3                   0.0001000           406                 38.43               10.57               10.62               161954.00           84                  12.63               6.65                6.66                53217.00            -1.532521           -46.455573          F 
210923                          3                   0.0001000           406                 38.43               10.57               10.62               161954.00           1                   1.44                0.70                0.70                6058.00             -2.318820           -45.773469          F 
210260                          3                   0.0001000           406                 38.43               10.57               10.62               161954.00           47                  4.47                10.52               10.53               18820.00            -1.618742           -45.675606          F 
210690                          4                   0.0001000           75                  6.61                11.34               11.36               27558.00            75                  6.61                11.34               11.36               27558.00            -3.479863           -45.320156          F 
210250                          5                   0.0001000           25                  2.05                12.17               12.18               12842.00            25                  2.05                12.17               12.18               12842.00            -3.382683           -45.030399          F 
210510                          6                   0.0001000           27                  2.95                9.16                9.17                24432.00            27                  2.95                9.16                9.17                24432.00            -2.621285           -43.870540          F 
510370                          7                   0.0001000           34                  8.20                4.15                4.15                69483.00            6                   1.21                4.95                4.95                10279.00            -11.918239          -54.167552          F 
510830                          7                   0.0001000           34                  8.20                4.15                4.15                69483.00            2                   0.47                4.24                4.24                3998.00             -11.528079          -54.315704          F 
510724                          7                   0.0001000           34                  8.20                4.15                4.15                69483.00            0                   0.51                0                   0                   4319.00             -11.935890          -54.903014          F 
510305                          7                   0.0001000           34                  8.20                4.15                4.15                69483.00            0                   1.26                0                   0                   10670.00            -11.448470          -55.048169          F 
510558                          7                   0.0001000           34                  8.20                4.15                4.15                69483.00            9                   1.66                5.42                5.42                14084.00            -10.886197          -54.053071          F 
510624                          7                   0.0001000           34                  8.20                4.15                4.15                69483.00            10                  0.92                10.89               10.89               7782.00             -12.990775          -54.766813          F 
510619                          7                   0.0001000           34                  8.20                4.15                4.15                69483.00            0                   0.39                0                   0                   3347.00             -10.920430          -54.900941          F 
510850                          7                   0.0001000           34                  8.20                4.15                4.15                69483.00            0                   1.08                0                   0                   9188.00             -12.420937          -55.345256          F 
510385                          7                   0.0001000           34                  8.20                4.15                4.15                69483.00            7                   0.69                10.20               10.20               5816.00             -12.996255          -53.455995          F 
352620                          8                   0.5938              12                  2.22                5.40                5.40                27777.00            12                  2.22                5.40                5.40                27777.00            -23.955105          -47.024508          F 
