140002                          1                   0.0001000           17180               1086.72             15.81               25.36               7007889.00          72                  1.24                58.18               58.28               7980.00             3.732874            -62.436863          F 
140005                          1                   0.0001000           17180               1086.72             15.81               25.36               7007889.00          38                  2.26                16.83               16.84               14562.00            3.078187            -62.755259          F 
140030                          1                   0.0001000           17180               1086.72             15.81               25.36               7007889.00          81                  2.02                40.13               40.20               13017.00            2.510145            -61.983632          F 
140028                          1                   0.0001000           17180               1086.72             15.81               25.36               7007889.00          102                 0.95                107.51              107.76              6118.00             2.186649            -62.468913          F 
140045                          1                   0.0001000           17180               1086.72             15.81               25.36               7007889.00          5                   1.40                3.58                3.58                9019.00             4.168751            -60.839425          F 
140010                          1                   0.0001000           17180               1086.72             15.81               25.36               7007889.00          14                  40.46               0.35                0.35                260930.00           3.117964            -60.717850          F 
140070                          1                   0.0001000           17180               1086.72             15.81               25.36               7007889.00          2                   1.20                1.67                1.67                7742.00             4.683843            -60.280731          F 
140040                          1                   0.0001000           17180               1086.72             15.81               25.36               7007889.00          13                  1.15                11.32               11.33               7403.00             3.878942            -60.064912          F 
140017                          1                   0.0001000           17180               1086.72             15.81               25.36               7007889.00          477                 1.80                264.31              267.20              11638.00            2.272838            -60.542067          F 
140015                          1                   0.0001000           17180               1086.72             15.81               25.36               7007889.00          44                  1.64                26.76               26.78               10604.00            2.787148            -60.100125          F 
140020                          1                   0.0001000           17180               1086.72             15.81               25.36               7007889.00          149                 2.91                51.14               51.31               18789.00            0.990862            -61.471950          F 
140060                          1                   0.0001000           17180               1086.72             15.81               25.36               7007889.00          16                  0.92                17.42               17.43               5922.00             0.884349            -60.151701          F 
140047                          1                   0.0001000           17180               1086.72             15.81               25.36               7007889.00          30                  3.99                7.52                7.53                25714.00            0.0378310           -61.010414          F 
140050                          1                   0.0001000           17180               1086.72             15.81               25.36               7007889.00          4                   0.92                4.34                4.34                5945.00             0.635650            -59.844809          F 
140023                          1                   0.0001000           17180               1086.72             15.81               25.36               7007889.00          9                   1.15                7.84                7.84                7400.00             0.914772            -59.338066          F 
130040                          1                   0.0001000           17180               1086.72             15.81               25.36               7007889.00          60                  3.93                15.28               15.30               25318.00            -0.465180           -63.434588          F 
130360                          1                   0.0001000           17180               1086.72             15.81               25.36               7007889.00          13                  2.76                4.71                4.72                17780.00            -0.318566           -65.522058          F 
130353                          1                   0.0001000           17180               1086.72             15.81               25.36               7007889.00          366                 3.95                92.65               93.42               25474.00            -1.372564           -59.988741          F 
130430                          1                   0.0001000           17180               1086.72             15.81               25.36               7007889.00          52                  2.49                20.91               20.94               16035.00            -0.893871           -59.029898          F 
130320                          1                   0.0001000           17180               1086.72             15.81               25.36               7007889.00          93                  2.38                39.09               39.17               15343.00            -2.046996           -61.701836          F 
150530                          1                   0.0001000           17180               1086.72             15.81               25.36               7007889.00          3                   8.96                0.33                0.33                57765.00            0.255032            -57.149736          F 
130380                          1                   0.0001000           17180               1086.72             15.81               25.36               7007889.00          45                  6.33                7.11                7.12                40806.00            0.374453            -67.997697          F 
130280                          1                   0.0001000           17180               1086.72             15.81               25.36               7007889.00          112                 2.80                40.01               40.11               18051.00            -2.428415           -65.038109          F 
130260                          1                   0.0001000           17180               1086.72             15.81               25.36               7007889.00          324                 265.02              1.22                1.22                1709010.00          -2.626021           -60.259483          F 
150300                          1                   0.0001000           17180               1086.72             15.81               25.36               7007889.00          13                  2.90                4.48                4.48                18710.00            -1.158833           -57.806300          F 
130395                          1                   0.0001000           17180               1086.72             15.81               25.36               7007889.00          117                 1.41                83.10               83.32               9079.00             -1.946118           -58.702338          F 
130083                          1                   0.0001000           17180               1086.72             15.81               25.36               7007889.00          177                 1.70                104.16              104.58              10958.00            -3.081969           -61.877491          F 
130356                          1                   0.0001000           17180               1086.72             15.81               25.36               7007889.00          303                 4.03                75.14               75.66               26004.00            -2.529891           -59.638156          F 
130130                          1                   0.0001000           17180               1086.72             15.81               25.36               7007889.00          26                  2.55                10.21               10.22               16418.00            -3.289026           -62.972665          F 
130185                          1                   0.0001000           17180               1086.72             15.81               25.36               7007889.00          345                 5.25                65.76               66.27               33834.00            -3.095148           -60.480667          F 
130250                          1                   0.0001000           17180               1086.72             15.81               25.36               7007889.00          357                 13.22               27.00               27.21               85279.00            -3.291606           -60.958222          F 
130300                          1                   0.0001000           17180               1086.72             15.81               25.36               7007889.00          12                  2.82                4.25                4.25                18198.00            -1.680483           -57.656536          F 
130008                          1                   0.0001000           17180               1086.72             15.81               25.36               7007889.00          14                  1.32                10.64               10.65               8483.00             -3.502503           -61.716696          F 
130200                          1                   0.0001000           17180               1086.72             15.81               25.36               7007889.00          42                  1.48                28.46               28.49               9515.00             -2.498704           -58.619577          F 
130160                          1                   0.0001000           17180               1086.72             15.81               25.36               7007889.00          7                   3.07                2.28                2.28                19783.00            -2.492180           -66.358452          F 
130426                          1                   0.0001000           17180               1086.72             15.81               25.36               7007889.00          49                  1.57                31.19               31.23               10130.00            -3.167038           -65.411879          F 
130115                          1                   0.0001000           17180               1086.72             15.81               25.36               7007889.00          132                 3.73                35.42               35.53               24030.00            -3.286228           -59.599493          F 
130400                          1                   0.0001000           17180               1086.72             15.81               25.36               7007889.00          217                 1.31                165.04              165.85              8479.00             -2.822093           -58.536128          F 
130255                          1                   0.0001000           17180               1086.72             15.81               25.36               7007889.00          38                  3.12                12.19               12.20               20095.00            -3.779354           -60.697327          F 
150510                          1                   0.0001000           17180               1086.72             15.81               25.36               7007889.00          1                   7.49                0.13                0.13                48287.00            -0.170427           -55.674947          F 
130190                          1                   0.0001000           17180               1086.72             15.81               25.36               7007889.00          266                 13.63               19.52               19.63               87896.00            -3.174662           -58.777136          F 
130110                          1                   0.0001000           17180               1086.72             15.81               25.36               7007889.00          743                 4.99                148.85              151.40              32190.00            -3.770658           -60.183093          F 
130010                          1                   0.0001000           17180               1086.72             15.81               25.36               7007889.00          4                   2.23                1.79                1.79                14386.00            -4.186645           -62.073001          F 
130002                          1                   0.0001000           17180               1086.72             15.81               25.36               7007889.00          705                 2.08                338.14              343.65              13445.00            -3.701122           -65.330652          F 
130210                          1                   0.0001000           17180               1086.72             15.81               25.36               7007889.00          21                  0.78                26.95               26.96               5025.00             -1.698117           -68.320288          F 
130440                          1                   0.0001000           17180               1086.72             15.81               25.36               7007889.00          1                   2.79                0.36                0.36                17971.00            -2.812240           -57.770143          F 
130030                          1                   0.0001000           17180               1086.72             15.81               25.36               7007889.00          674                 4.82                139.72              141.89              31107.00            -3.788879           -59.528635          F 
130220                          1                   0.0001000           17180               1086.72             15.81               25.36               7007889.00          36                  1.40                25.70               25.72               9032.00             -3.524623           -66.306825          F 
150797                          1                   0.0001000           17180               1086.72             15.81               25.36               7007889.00          0                   2.46                0                   0                   15885.00            -1.952134           -56.458364          F 
130120                          1                   0.0001000           17180               1086.72             15.81               25.36               7007889.00          195                 10.40               18.75               18.83               67055.00            -4.437162           -64.124619          F 
130068                          1                   0.0001000           17180               1086.72             15.81               25.36               7007889.00          9                   2.12                4.24                4.24                13677.00            -3.138082           -57.669942          F 
130063                          1                   0.0001000           17180               1086.72             15.81               25.36               7007889.00          62                  2.23                27.82               27.85               14374.00            -4.603475           -61.787364          F 
130423                          1                   0.0001000           17180               1086.72             15.81               25.36               7007889.00          0                   3.08                0                   0                   19858.00            -2.691643           -67.827923          F 
130340                          1                   0.0001000           17180               1086.72             15.81               25.36               7007889.00          4                   16.40               0.24                0.24                105742.00           -2.688407           -56.854026          F 
150040                          1                   0.0001000           17180               1086.72             15.81               25.36               7007889.00          16                  8.64                1.85                1.85                55688.00            -0.536230           -55.069883          F 
130310                          1                   0.0001000           17180               1086.72             15.81               25.36               7007889.00          11                  4.71                2.34                2.34                30357.00            -3.988364           -58.601783          F 
130050                          1                   0.0001000           17180               1086.72             15.81               25.36               7007889.00          0                   4.29                0                   0                   27664.00            -3.129157           -57.172390          F 
130420                          1                   0.0001000           17180               1086.72             15.81               25.36               7007889.00          170                 10.03               16.94               17.01               64703.00            -4.468383           -65.529278          F 
150390                          1                   0.0001000           17180               1086.72             15.81               25.36               7007889.00          0                   5.45                0                   0                   35155.00            -2.622585           -56.221232          F 
130080                          1                   0.0001000           17180               1086.72             15.81               25.36               7007889.00          257                 4.99                51.53               51.83               32160.00            -4.957034           -59.534428          F 
150285                          1                   0.0001000           17180               1086.72             15.81               25.36               7007889.00          5                   1.96                2.55                2.55                12644.00            -1.845743           -55.113264          F 
150050                          1                   0.0001000           17180               1086.72             15.81               25.36               7007889.00          8                   4.88                1.64                1.64                31475.00            0.284350            -53.893460          F 
130006                          1                   0.0001000           17180               1086.72             15.81               25.36               7007889.00          3                   1.35                2.23                2.23                8694.00             -3.418321           -68.287308          F 
150480                          1                   0.0001000           17180               1086.72             15.81               25.36               7007889.00          0                   9.85                0                   0                   63543.00            -1.119762           -54.365806          F 
160027                          1                   0.0001000           17180               1086.72             15.81               25.36               7007889.00          19                  6.09                3.12                3.12                39285.00            1.096940            -53.306000          F 
130370                          1                   0.0001000           17180               1086.72             15.81               25.36               7007889.00          11                  4.68                2.35                2.35                30176.00            -3.051175           -69.087897          F 
130290                          1                   0.0001000           17180               1086.72             15.81               25.36               7007889.00          33                  7.57                4.36                4.36                48808.00            -4.984990           -58.060916          F 
150100                          1                   0.0001000           17180               1086.72             15.81               25.36               7007889.00          1                   3.08                0.33                0.33                19839.00            -3.667209           -56.016450          F 
150680                          1                   0.0001000           17180               1086.72             15.81               25.36               7007889.00          8                   42.73               0.19                0.19                275571.00           -2.764647           -55.093854          F 
130100                          1                   0.0001000           17180               1086.72             15.81               25.36               7007889.00          10                  4.02                2.49                2.49                25950.00            -5.118832           -67.337382          F 
130410                          1                   0.0001000           17180               1086.72             15.81               25.36               7007889.00          173                 3.10                55.88               56.09               19966.00            -6.104509           -64.893865          F 
150145                          1                   0.0001000           17180               1086.72             15.81               25.36               7007889.00          2                   1.99                1.00                1.00                12861.00            -3.191161           -54.992826          F 
160015                          1                   0.0001000           17180               1086.72             15.81               25.36               7007889.00          180                 1.21                148.82              149.42              7800.00             1.157828            -52.523712          F 
130270                          1                   0.0001000           17180               1086.72             15.81               25.36               7007889.00          238                 7.13                33.37               33.54               45996.00            -6.459804           -61.446481          F 
130230                          1                   0.0001000           17180               1086.72             15.81               25.36               7007889.00          34                  2.69                12.65               12.66               17337.00            -4.713108           -68.403854          F 
160005                          1                   0.0001000           17180               1086.72             15.81               25.36               7007889.00          50                  0.61                82.23               82.33               3921.00             1.649528            -52.270468          F 
160050                          1                   0.0001000           17180               1086.72             15.81               25.36               7007889.00          106                 3.14                33.80               33.88               20226.00            3.088524            -51.904801          F 
150600                          1                   0.0001000           17180               1086.72             15.81               25.36               7007889.00          250                 4.17                60.01               60.35               26866.00            -2.120276           -53.660235          F 
130406                          1                   0.0001000           17180               1086.72             15.81               25.36               7007889.00          23                  7.30                3.15                3.15                47051.00            -4.027765           -69.681346          F 
130330                          1                   0.0001000           17180               1086.72             15.81               25.36               7007889.00          209                 2.91                71.71               72.04               18796.00            -6.825051           -60.477192          F 
150619                          1                   0.0001000           17180               1086.72             15.81               25.36               7007889.00          0                   5.43                0                   0                   35033.00            -4.241022           -55.210827          F 
130390                          1                   0.0001000           17180               1086.72             15.81               25.36               7007889.00          6                   4.97                1.21                1.21                32067.00            -4.497836           -69.450565          F 
150805                          1                   0.0001000           17180               1086.72             15.81               25.36               7007889.00          2                   2.61                0.76                0.76                16860.00            -5.130084           -56.003417          F 
150565                          1                   0.0001000           17180               1086.72             15.81               25.36               7007889.00          46                  2.95                15.59               15.60               19030.00            -3.889977           -54.500599          F 
160020                          1                   0.0001000           17180               1086.72             15.81               25.36               7007889.00          52                  1.40                37.01               37.05               9060.00             2.430849            -51.404322          F 
130170                          1                   0.0001000           17180               1086.72             15.81               25.36               7007889.00          93                  6.21                14.98               15.01               40027.00            -7.362897           -62.485394          F 
160040                          1                   0.0001000           17180               1086.72             15.81               25.36               7007889.00          182                 2.24                81.40               81.74               14418.00            -0.0730322          -51.943908          F 
160053                          1                   0.0001000           17180               1086.72             15.81               25.36               7007889.00          293                 2.26                129.43              130.30              14598.00            0.587711            -51.673569          F 
130090                          1                   0.0001000           17180               1086.72             15.81               25.36               7007889.00          116                 1.84                63.16               63.32               11844.00            -7.403346           -64.096665          F 
150360                          1                   0.0001000           17180               1086.72             15.81               25.36               7007889.00          488                 19.36               25.20               25.48               124865.00           -5.871333           -56.496545          F 
150815                          1                   0.0001000           17180               1086.72             15.81               25.36               7007889.00          12                  5.41                2.22                2.22                34875.00            -3.583648           -53.807296          F 
160055                          1                   0.0001000           17180               1086.72             15.81               25.36               7007889.00          10                  0.55                18.25               18.26               3533.00             1.625299            -51.277065          F 
160023                          1                   0.0001000           17180               1086.72             15.81               25.36               7007889.00          240                 0.82                291.96              293.56              5301.00             0.958713            -51.419182          F 
160080                          1                   0.0001000           17180               1086.72             15.81               25.36               7007889.00          8                   1.75                4.58                4.59                11253.00            -0.997903           -52.061167          F 
150590                          1                   0.0001000           17180               1086.72             15.81               25.36               7007889.00          47                  4.29                10.95               10.96               27689.00            -2.184494           -52.547960          F 
150445                          1                   0.0001000           17180               1086.72             15.81               25.36               7007889.00          14                  3.64                3.84                3.84                23487.00            -3.160218           -53.194916          F 
160060                          1                   0.0001000           17180               1086.72             15.81               25.36               7007889.00          99                  14.85               6.67                6.68                95733.00            0.128476            -51.379449          F 
160070                          1                   0.0001000           17180               1086.72             15.81               25.36               7007889.00          40                  2.04                19.60               19.62               13160.00            1.294034            -50.985687          F 
130195                          1                   0.0001000           17180               1086.72             15.81               25.36               7007889.00          1                   1.29                0.78                0.78                8300.00             -6.682874           -68.114036          F 
130014                          1                   0.0001000           17180               1086.72             15.81               25.36               7007889.00          11                  2.82                3.90                3.90                18170.00            -7.759871           -59.431439          F 
150310                          1                   0.0001000           17180               1086.72             15.81               25.36               7007889.00          1                   3.92                0.25                0.25                25306.00            -1.151921           -51.555276          F 
160010                          1                   0.0001000           17180               1086.72             15.81               25.36               7007889.00          6                   1.20                5.00                5.00                7745.00             1.764026            -50.581371          F 
150172                          1                   0.0001000           17180               1086.72             15.81               25.36               7007889.00          23                  3.03                7.59                7.60                19531.00            -3.292151           -52.685423          F 
130060                          1                   0.0001000           17180               1086.72             15.81               25.36               7007889.00          5                   4.73                1.06                1.06                30476.00            -5.429327           -70.278296          F 
160030                          1                   0.0001000           17180               1086.72             15.81               25.36               7007889.00          87                  55.67               1.56                1.56                359020.00           0.554818            -50.700863          F 
160025                          1                   0.0001000           17180               1086.72             15.81               25.36               7007889.00          3                   0.56                5.40                5.40                3583.00             0.532233            -50.651554          F 
160021                          1                   0.0001000           17180               1086.72             15.81               25.36               7007889.00          3                   0.70                4.27                4.27                4528.00             1.030315            -50.483699          F 
150375                          1                   0.0001000           17180               1086.72             15.81               25.36               7007889.00          172                 6.19                27.80               27.91               39892.00            -7.445178           -57.302829          F 
150030                          1                   0.0001000           17180               1086.72             15.81               25.36               7007889.00          22                  5.02                4.38                4.38                32368.00            -0.263841           -50.727746          F 
150835                          1                   0.0001000           17180               1086.72             15.81               25.36               7007889.00          87                  1.52                57.20               57.31               9809.00             -3.141047           -51.973342          F 
150450                          1                   0.0001000           17180               1086.72             15.81               25.36               7007889.00          0                   2.79                0                   0                   17989.00            -1.607856           -51.104066          F 
130240                          1                   0.0001000           17180               1086.72             15.81               25.36               7007889.00          21                  5.96                3.52                3.52                38451.00            -8.375880           -65.812244          F 
110080                          1                   0.0001000           17180               1086.72             15.81               25.36               7007889.00          751                 2.66                282.44              287.34              17147.00            -8.887011           -63.325581          F 
150180                          1                   0.0001000           17180               1086.72             15.81               25.36               7007889.00          100                 15.39               6.50                6.51                99223.00            -1.121333           -50.628584          F 
130350                          1                   0.0001000           17180               1086.72             15.81               25.36               7007889.00          55                  2.94                18.73               18.75               18938.00            -7.757795           -68.197229          F 
110094                          1                   0.0001000           17180               1086.72             15.81               25.36               7007889.00          171                 2.19                78.09               78.39               14122.00            -9.170974           -62.565037          F 
110110                          1                   0.0001000           17180               1086.72             15.81               25.36               7007889.00          99                  1.26                78.72               78.90               8110.00             -9.170195           -63.044988          F 
110013                          1                   0.0001000           17180               1086.72             15.81               25.36               7007889.00          171                 5.00                34.23               34.36               32214.00            -9.204070           -62.010294          F 
110020                          1                   0.0001000           17180               1086.72             15.81               25.36               7007889.00          989                 58.80               16.82               17.18               379186.00           -9.153039           -64.305489          F 
150580                          1                   0.0001000           17180               1086.72             15.81               25.36               7007889.00          37                  7.44                4.97                4.98                47967.00            -2.565541           -50.955536          F 
150250                          1                   0.0001000           17180               1086.72             15.81               25.36               7007889.00          150                 3.14                47.82               47.98               20228.00            -0.0296229          -49.829440          F 
510325                          1                   0.0001000           17180               1086.72             15.81               25.36               7007889.00          35                  4.60                7.62                7.62                29636.00            -9.292283           -60.305531          F 
130020                          1                   0.0001000           17180               1086.72             15.81               25.36               7007889.00          156                 2.22                70.39               70.64               14292.00            -5.711940           -71.742673          F 
150780                          1                   0.0001000           17180               1086.72             15.81               25.36               7007889.00          113                 2.26                50.03               50.15               14566.00            -4.171559           -51.773388          F 
130140                          1                   0.0001000           17180               1086.72             15.81               25.36               7007889.00          10                  4.73                2.12                2.12                30473.00            -7.022778           -70.222033          F 
150070                          1                   0.0001000           17180               1086.72             15.81               25.36               7007889.00          516                 4.12                125.27              126.75              26563.00            -0.827103           -49.962044          F 
510080                          1                   0.0001000           17180               1086.72             15.81               25.36               7007889.00          7                   1.28                5.49                5.49                8228.00             -8.753341           -57.827599          F 
150060                          1                   0.0001000           17180               1086.72             15.81               25.36               7007889.00          137                 15.02               9.12                9.15                96842.00            -6.486303           -53.886671          F 
110026                          1                   0.0001000           17180               1086.72             15.81               25.36               7007889.00          85                  0.51                168.14              168.46              3260.00             -9.645106           -62.790311          F 
110040                          1                   0.0001000           17180               1086.72             15.81               25.36               7007889.00          195                 2.66                73.24               73.56               17169.00            -9.649274           -63.394283          F 
110175                          1                   0.0001000           17180               1086.72             15.81               25.36               7007889.00          85                  1.39                61.03               61.15               8981.00             -9.732685           -61.939355          F 
150280                          1                   0.0001000           17180               1086.72             15.81               25.36               7007889.00          17                  4.17                4.08                4.08                26864.00            -1.583580           -49.988115          F 
150085                          1                   0.0001000           17180               1086.72             15.81               25.36               7007889.00          80                  3.01                26.58               26.63               19410.00            -3.997294           -51.301209          F 
150503                          1                   0.0001000           17180               1086.72             15.81               25.36               7007889.00          85                  3.39                25.09               25.14               21843.00            -8.062463           -55.612052          F 
130150                          1                   0.0001000           17180               1086.72             15.81               25.36               7007889.00          0                   2.66                0                   0                   17148.00            -7.573750           -70.054927          F 
150110                          1                   0.0001000           17180               1086.72             15.81               25.36               7007889.00          0                   3.07                0                   0                   19780.00            -2.372794           -50.181886          F 
110002                          1                   0.0001000           17180               1086.72             15.81               25.36               7007889.00          202                 13.12               15.40               15.47               84581.00            -9.951979           -62.957373          F 
130070                          1                   0.0001000           17180               1086.72             15.81               25.36               7007889.00          7                   4.79                1.46                1.46                30858.00            -8.772979           -68.047540          F 
150770                          1                   0.0001000           17180               1086.72             15.81               25.36               7007889.00          3                   3.33                0.90                0.90                21499.00            -1.434046           -49.680194          F 
510337                          1                   0.0001000           17180               1086.72             15.81               25.36               7007889.00          3                   2.23                1.34                1.34                14406.00            -9.536841           -58.677801          F 
150640                          1                   0.0001000           17180               1086.72             15.81               25.36               7007889.00          55                  0.96                57.30               57.37               6190.00             -0.583158           -49.314290          F 
110160                          1                   0.0001000           17180               1086.72             15.81               25.36               7007889.00          45                  1.59                28.30               28.33               10254.00            -10.121814          -62.342289          F 
110045                          1                   0.0001000           17180               1086.72             15.81               25.36               7007889.00          118                 5.25                22.46               22.52               33879.00            -10.052159          -63.941154          F 
150520                          1                   0.0001000           17180               1086.72             15.81               25.36               7007889.00          4                   4.11                0.97                0.97                26487.00            -2.278960           -49.902322          F 
150548                          1                   0.0001000           17180               1086.72             15.81               25.36               7007889.00          875                 6.32                138.41              141.21              40768.00            -3.684058           -50.631545          F 
110140                          1                   0.0001000           17180               1086.72             15.81               25.36               7007889.00          99                  1.97                50.23               50.34               12710.00            -10.210793          -63.372281          F 
150490                          1                   0.0001000           17180               1086.72             15.81               25.36               7007889.00          76                  4.67                16.27               16.30               30117.00            -1.355540           -49.309395          F 
110060                          1                   0.0001000           17180               1086.72             15.81               25.36               7007889.00          21                  0.88                23.73               23.74               5707.00             -10.331685          -62.987180          F 
150400                          1                   0.0001000           17180               1086.72             15.81               25.36               7007889.00          0                   3.80                0                   0                   24483.00            -1.864288           -49.469256          F 
110180                          1                   0.0001000           17180               1086.72             15.81               25.36               7007889.00          4                   1.40                2.86                2.86                9008.00             -10.384134          -62.093876          F 
130180                          1                   0.0001000           17180               1086.72             15.81               25.36               7007889.00          48                  2.77                17.34               17.36               17850.00            -7.181162           -71.415929          F 
510140                          1                   0.0001000           17180               1086.72             15.81               25.36               7007889.00          135                 3.09                43.68               43.81               19930.00            -10.187963          -59.839297          F 
510615                          1                   0.0001000           17180               1086.72             15.81               25.36               7007889.00          2                   2.08                0.96                0.96                13425.00            -9.768714           -58.076318          F 
150570                          1                   0.0001000           17180               1086.72             15.81               25.36               7007889.00          251                 3.99                62.88               63.23               25743.00            -1.117579           -49.077239          F 
110012                          1                   0.0001000           17180               1086.72             15.81               25.36               7007889.00          14                  17.17               0.82                0.82                110707.00           -10.462197          -61.757091          F 
150210                          1                   0.0001000           17180               1086.72             15.81               25.36               7007889.00          2                   17.89               0.11                0.11                115377.00           -2.253113           -49.513615          F 
510757                          1                   0.0001000           17180               1086.72             15.81               25.36               7007889.00          0                   0.54                0                   0                   3457.00             -10.463060          -61.010088          F 
110070                          1                   0.0001000           17180               1086.72             15.81               25.36               7007889.00          266                 1.98                134.12              134.93              12790.00            -10.485091          -63.799446          F 
110033                          1                   0.0001000           17180               1086.72             15.81               25.36               7007889.00          205                 3.36                61.06               61.34               21650.00            -10.382239          -64.629270          F 
150550                          2                   0.0001000           3632                146.94              24.72               26.86               947544.00           391                 14.81               26.41               26.64               95479.00            -3.203446           -47.603092          F 
150345                          2                   0.0001000           3632                146.94              24.72               26.86               947544.00           1254                6.61                189.67              195.22              42636.00            -2.805973           -47.921740          F 
150812                          2                   0.0001000           3632                146.94              24.72               26.86               947544.00           6                   5.35                1.12                1.12                34485.00            -3.809797           -47.493553          F 
150800                          2                   0.0001000           3632                146.94              24.72               26.86               947544.00           22                  7.52                2.92                2.92                48522.00            -2.635991           -48.267573          F 
150095                          2                   0.0001000           3632                146.94              24.72               26.86               947544.00           79                  3.43                23.06               23.10               22092.00            -2.231219           -47.726444          F 
150293                          2                   0.0001000           3632                146.94              24.72               26.86               947544.00           0                   6.07                0                   0                   39161.00            -4.186537           -47.898194          F 
210317                          2                   0.0001000           3632                146.94              24.72               26.86               947544.00           8                   2.42                3.31                3.31                15577.00            -3.086137           -46.538028          F 
150495                          2                   0.0001000           3632                146.94              24.72               26.86               947544.00           44                  3.66                12.02               12.03               23599.00            -2.392513           -46.899644          F 
210542                          2                   0.0001000           3632                146.94              24.72               26.86               947544.00           0                   4.01                0                   0                   25866.00            -4.271325           -47.260573          F 
150307                          2                   0.0001000           3632                146.94              24.72               26.86               947544.00           3                   3.94                0.76                0.76                25436.00            -2.168291           -47.075261          F 
150795                          2                   0.0001000           3632                146.94              24.72               26.86               947544.00           49                  10.79               4.54                4.55                69581.00            -2.907824           -48.736640          F 
150405                          2                   0.0001000           3632                146.94              24.72               26.86               947544.00           2                   4.46                0.45                0.45                28762.00            -1.990967           -47.512595          F 
150230                          2                   0.0001000           3632                146.94              24.72               26.86               947544.00           0                   8.15                0                   0                   52557.00            -2.043740           -47.234217          F 
211102                          2                   0.0001000           3632                146.94              24.72               26.86               947544.00           0                   1.96                0                   0                   12613.00            -3.559519           -46.392487          F 
150720                          2                   0.0001000           3632                146.94              24.72               26.86               947544.00           21                  4.33                4.85                4.86                27897.00            -1.883708           -47.771736          F 
150275                          2                   0.0001000           3632                146.94              24.72               26.86               947544.00           0                   3.43                0                   0                   22148.00            -1.883885           -47.974776          F 
210200                          2                   0.0001000           3632                146.94              24.72               26.86               947544.00           4                   6.02                0.66                0.66                38813.00            -3.900294           -46.418166          F 
150350                          2                   0.0001000           3632                146.94              24.72               26.86               947544.00           0                   4.74                0                   0                   30573.00            -1.812345           -47.399582          F 
150020                          2                   0.0001000           3632                146.94              24.72               26.86               947544.00           2                   7.58                0.26                0.26                48878.00            -2.035421           -48.411423          F 
150470                          2                   0.0001000           3632                146.94              24.72               26.86               947544.00           975                 10.42               93.57               95.68               67195.00            -2.683914           -49.073983          F 
150618                          2                   0.0001000           3632                146.94              24.72               26.86               947544.00           100                 7.30                13.70               13.73               47074.00            -4.517001           -48.459948          F 
210005                          2                   0.0001000           3632                146.94              24.72               26.86               947544.00           0                   15.51               0                   0                   100017.00           -4.785872           -47.332250          F 
150309                          2                   0.0001000           3632                146.94              24.72               26.86               947544.00           672                 4.43                151.61              153.96              28583.00            -4.027408           -49.005681          F 
