140030                          1                   0.0001000           7014                410.88              17.07               29.18               7697265.00          48                  0.87                54.90               55.06               16380.00            2.510145            -61.983632          F 
140028                          1                   0.0001000           7014                410.88              17.07               29.18               7697265.00          52                  0.55                94.39               94.69               10320.00            2.186649            -62.468913          F 
140005                          1                   0.0001000           7014                410.88              17.07               29.18               7697265.00          46                  0.86                53.27               53.42               16176.00            3.078187            -62.755259          F 
140002                          1                   0.0001000           7014                410.88              17.07               29.18               7697265.00          108                 0.59                183.83              185.05              11006.00            3.732874            -62.436863          F 
140010                          1                   0.0001000           7014                410.88              17.07               29.18               7697265.00          11                  17.12               0.64                0.64                320714.00           3.117964            -60.717850          F 
140017                          1                   0.0001000           7014                410.88              17.07               29.18               7697265.00          51                  0.86                59.16               59.35               16149.00            2.272838            -60.542067          F 
140020                          1                   0.0001000           7014                410.88              17.07               29.18               7697265.00          91                  1.08                84.14               84.61               20261.00            0.990862            -61.471950          F 
140015                          1                   0.0001000           7014                410.88              17.07               29.18               7697265.00          2                   0.63                3.19                3.19                11739.00            2.787148            -60.100125          F 
140045                          1                   0.0001000           7014                410.88              17.07               29.18               7697265.00          5                   0.64                7.87                7.87                11908.00            4.168751            -60.839425          F 
140040                          1                   0.0001000           7014                410.88              17.07               29.18               7697265.00          3                   0.54                5.54                5.54                10148.00            3.878942            -60.064912          F 
140060                          1                   0.0001000           7014                410.88              17.07               29.18               7697265.00          46                  0.40                116.34              116.67              7407.00             0.884349            -60.151701          F 
140047                          1                   0.0001000           7014                410.88              17.07               29.18               7697265.00          60                  1.46                41.19               41.34               27288.00            0.0378310           -61.010414          F 
140070                          1                   0.0001000           7014                410.88              17.07               29.18               7697265.00          6                   0.51                11.85               11.85               9488.00             4.683843            -60.280731          F 
140050                          1                   0.0001000           7014                410.88              17.07               29.18               7697265.00          27                  0.40                67.30               67.41               7516.00             0.635650            -59.844809          F 
140023                          1                   0.0001000           7014                410.88              17.07               29.18               7697265.00          13                  0.49                26.57               26.59               9165.00             0.914772            -59.338066          F 
130040                          1                   0.0001000           7014                410.88              17.07               29.18               7697265.00          70                  1.46                47.80               48.00               27433.00            -0.465180           -63.434588          F 
130353                          1                   0.0001000           7014                410.88              17.07               29.18               7697265.00          92                  1.75                52.53               52.82               32812.00            -1.372564           -59.988741          F 
130430                          1                   0.0001000           7014                410.88              17.07               29.18               7697265.00          17                  0.92                18.56               18.57               17163.00            -0.893871           -59.029898          F 
130360                          1                   0.0001000           7014                410.88              17.07               29.18               7697265.00          4                   1.20                3.34                3.35                22404.00            -0.318566           -65.522058          F 
130320                          1                   0.0001000           7014                410.88              17.07               29.18               7697265.00          31                  0.94                32.86               32.93               17671.00            -2.046996           -61.701836          F 
150530                          1                   0.0001000           7014                410.88              17.07               29.18               7697265.00          1                   3.68                0.27                0.27                69024.00            0.255032            -57.149736          F 
130260                          1                   0.0001000           7014                410.88              17.07               29.18               7697265.00          161                 109.84              1.47                1.47                2057711.00          -2.626021           -60.259483          F 
130395                          1                   0.0001000           7014                410.88              17.07               29.18               7697265.00          18                  0.68                26.38               26.41               12781.00            -1.946118           -58.702338          F 
130356                          1                   0.0001000           7014                410.88              17.07               29.18               7697265.00          54                  1.63                33.14               33.24               30530.00            -2.529891           -59.638156          F 
150300                          1                   0.0001000           7014                410.88              17.07               29.18               7697265.00          0                   0.39                0                   0                   7333.00             -1.158833           -57.806300          F 
130083                          1                   0.0001000           7014                410.88              17.07               29.18               7697265.00          2                   0.66                3.02                3.02                12420.00            -3.081969           -61.877491          F 
130185                          1                   0.0001000           7014                410.88              17.07               29.18               7697265.00          266                 2.45                108.37              110.15              45984.00            -3.095148           -60.480667          F 
130280                          1                   0.0001000           7014                410.88              17.07               29.18               7697265.00          102                 0.98                103.72              104.37              18423.00            -2.428415           -65.038109          F 
130130                          1                   0.0001000           7014                410.88              17.07               29.18               7697265.00          1                   1.43                0.70                0.70                26777.00            -3.289026           -62.972665          F 
130250                          1                   0.0001000           7014                410.88              17.07               29.18               7697265.00          36                  5.03                7.16                7.17                94175.00            -3.291606           -60.958222          F 
130008                          1                   0.0001000           7014                410.88              17.07               29.18               7697265.00          2                   0.66                3.04                3.04                12320.00            -3.502503           -61.716696          F 
130300                          1                   0.0001000           7014                410.88              17.07               29.18               7697265.00          0                   1.09                0                   0                   20358.00            -1.680483           -57.656536          F 
130200                          1                   0.0001000           7014                410.88              17.07               29.18               7697265.00          1                   0.48                2.09                2.09                8953.00             -2.498704           -58.619577          F 
130115                          1                   0.0001000           7014                410.88              17.07               29.18               7697265.00          116                 1.49                77.66               78.21               27981.00            -3.286228           -59.599493          F 
130400                          1                   0.0001000           7014                410.88              17.07               29.18               7697265.00          2                   0.48                4.13                4.13                9081.00             -2.822093           -58.536128          F 
130380                          1                   0.0001000           7014                410.88              17.07               29.18               7697265.00          73                  2.30                31.73               31.87               43094.00            0.374453            -67.997697          F 
130255                          1                   0.0001000           7014                410.88              17.07               29.18               7697265.00          6                   1.52                3.96                3.96                28413.00            -3.779354           -60.697327          F 
130190                          1                   0.0001000           7014                410.88              17.07               29.18               7697265.00          23                  5.18                4.44                4.44                97122.00            -3.174662           -58.777136          F 
130110                          1                   0.0001000           7014                410.88              17.07               29.18               7697265.00          85                  1.94                43.70               43.93               36435.00            -3.770658           -60.183093          F 
130426                          1                   0.0001000           7014                410.88              17.07               29.18               7697265.00          52                  0.70                74.24               74.48               13121.00            -3.167038           -65.411879          F 
130160                          1                   0.0001000           7014                410.88              17.07               29.18               7697265.00          15                  1.11                13.55               13.56               20742.00            -2.492180           -66.358452          F 
130010                          1                   0.0001000           7014                410.88              17.07               29.18               7697265.00          2                   1.03                1.94                1.94                19292.00            -4.186645           -62.073001          F 
130030                          1                   0.0001000           7014                410.88              17.07               29.18               7697265.00          48                  1.98                24.28               24.35               37033.00            -3.788879           -59.528635          F 
130440                          1                   0.0001000           7014                410.88              17.07               29.18               7697265.00          1                   1.13                0.89                0.89                21140.00            -2.812240           -57.770143          F 
150510                          1                   0.0001000           7014                410.88              17.07               29.18               7697265.00          0                   2.69                0                   0                   50459.00            -0.170427           -55.674947          F 
130002                          1                   0.0001000           7014                410.88              17.07               29.18               7697265.00          325                 0.83                391.67              399.60              15545.00            -3.701122           -65.330652          F 
150797                          1                   0.0001000           7014                410.88              17.07               29.18               7697265.00          0                   0.96                0                   0                   17946.00            -1.952134           -56.458364          F 
130068                          1                   0.0001000           7014                410.88              17.07               29.18               7697265.00          1                   0.94                1.06                1.06                17668.00            -3.138082           -57.669942          F 
130063                          1                   0.0001000           7014                410.88              17.07               29.18               7697265.00          0                   0.97                0                   0                   18171.00            -4.603475           -61.787364          F 
130120                          1                   0.0001000           7014                410.88              17.07               29.18               7697265.00          38                  4.43                8.57                8.59                83078.00            -4.437162           -64.124619          F 
130340                          1                   0.0001000           7014                410.88              17.07               29.18               7697265.00          2                   5.96                0.34                0.34                111575.00           -2.688407           -56.854026          F 
130310                          1                   0.0001000           7014                410.88              17.07               29.18               7697265.00          0                   1.88                0                   0                   35156.00            -3.988364           -58.601783          F 
130050                          1                   0.0001000           7014                410.88              17.07               29.18               7697265.00          1                   1.64                0.61                0.61                30658.00            -3.129157           -57.172390          F 
130220                          1                   0.0001000           7014                410.88              17.07               29.18               7697265.00          11                  0.70                15.61               15.62               13198.00            -3.524623           -66.306825          F 
150040                          1                   0.0001000           7014                410.88              17.07               29.18               7697265.00          0                   2.92                0                   0                   54662.00            -0.536230           -55.069883          F 
130210                          1                   0.0001000           7014                410.88              17.07               29.18               7697265.00          6                   0.27                21.93               21.94               5125.00             -1.698117           -68.320288          F 
150390                          1                   0.0001000           7014                410.88              17.07               29.18               7697265.00          0                   2.88                0                   0                   53989.00            -2.622585           -56.221232          F 
130423                          1                   0.0001000           7014                410.88              17.07               29.18               7697265.00          9                   0.99                9.12                9.13                18478.00            -2.691643           -67.827923          F 
130420                          1                   0.0001000           7014                410.88              17.07               29.18               7697265.00          84                  3.33                25.20               25.33               62444.00            -4.468383           -65.529278          F 
130080                          1                   0.0001000           7014                410.88              17.07               29.18               7697265.00          35                  2.10                16.69               16.72               39292.00            -4.957034           -59.534428          F 
150285                          1                   0.0001000           7014                410.88              17.07               29.18               7697265.00          0                   0.72                0                   0                   13562.00            -1.845743           -55.113264          F 
150050                          1                   0.0001000           7014                410.88              17.07               29.18               7697265.00          1                   1.78                0.56                0.56                33372.00            0.284350            -53.893460          F 
150480                          1                   0.0001000           7014                410.88              17.07               29.18               7697265.00          0                   3.01                0                   0                   56312.00            -1.119762           -54.365806          F 
130290                          1                   0.0001000           7014                410.88              17.07               29.18               7697265.00          73                  3.20                22.80               22.90               59983.00            -4.984990           -58.060916          F 
150100                          1                   0.0001000           7014                410.88              17.07               29.18               7697265.00          0                   0.85                0                   0                   15953.00            -3.667209           -56.016450          F 
130006                          1                   0.0001000           7014                410.88              17.07               29.18               7697265.00          2                   0.58                3.45                3.45                10847.00            -3.418321           -68.287308          F 
150680                          1                   0.0001000           7014                410.88              17.07               29.18               7697265.00          0                   15.61               0                   0                   292520.00           -2.764647           -55.093854          F 
160027                          1                   0.0001000           7014                410.88              17.07               29.18               7697265.00          26                  2.44                10.66               10.67               45712.00            1.096940            -53.306000          F 
130270                          1                   0.0001000           7014                410.88              17.07               29.18               7697265.00          47                  2.83                16.60               16.64               53053.00            -6.459804           -61.446481          F 
150145                          1                   0.0001000           7014                410.88              17.07               29.18               7697265.00          0                   0.91                0                   0                   17036.00            -3.191161           -54.992826          F 
130370                          1                   0.0001000           7014                410.88              17.07               29.18               7697265.00          20                  1.26                15.82               15.84               23688.00            -3.051175           -69.087897          F 
130410                          1                   0.0001000           7014                410.88              17.07               29.18               7697265.00          54                  0.97                55.73               55.91               18152.00            -6.104509           -64.893865          F 
130100                          1                   0.0001000           7014                410.88              17.07               29.18               7697265.00          12                  1.49                8.06                8.07                27880.00            -5.118832           -67.337382          F 
130330                          1                   0.0001000           7014                410.88              17.07               29.18               7697265.00          3                   1.30                2.31                2.31                24315.00            -6.825051           -60.477192          F 
150600                          1                   0.0001000           7014                410.88              17.07               29.18               7697265.00          1                   1.56                0.64                0.64                29200.00            -2.120276           -53.660235          F 
160015                          1                   0.0001000           7014                410.88              17.07               29.18               7697265.00          367                 0.75                491.51              502.80              13988.00            1.157828            -52.523712          F 
150619                          1                   0.0001000           7014                410.88              17.07               29.18               7697265.00          0                   2.50                0                   0                   46804.00            -4.241022           -55.210827          F 
130230                          1                   0.0001000           7014                410.88              17.07               29.18               7697265.00          16                  0.89                18.07               18.09               16585.00            -4.713108           -68.403854          F 
150805                          1                   0.0001000           7014                410.88              17.07               29.18               7697265.00          3                   0.97                3.11                3.11                18084.00            -5.130084           -56.003417          F 
160005                          1                   0.0001000           7014                410.88              17.07               29.18               7697265.00          149                 0.26                565.28              570.47              4938.00             1.649528            -52.270468          F 
150565                          1                   0.0001000           7014                410.88              17.07               29.18               7697265.00          0                   1.52                0                   0                   28533.00            -3.889977           -54.500599          F 
130170                          1                   0.0001000           7014                410.88              17.07               29.18               7697265.00          37                  2.74                13.51               13.54               51302.00            -7.362897           -62.485394          F 
150360                          1                   0.0001000           7014                410.88              17.07               29.18               7697265.00          288                 5.26                54.80               55.77               98446.00            -5.871333           -56.496545          F 
160050                          1                   0.0001000           7014                410.88              17.07               29.18               7697265.00          35                  1.30                27.02               27.08               24263.00            3.088524            -51.904801          F 
130406                          1                   0.0001000           7014                410.88              17.07               29.18               7697265.00          84                  3.26                25.79               25.91               61028.00            -4.027765           -69.681346          F 
130090                          1                   0.0001000           7014                410.88              17.07               29.18               7697265.00          122                 0.81                151.06              152.19              15130.00            -7.403346           -64.096665          F 
150815                          1                   0.0001000           7014                410.88              17.07               29.18               7697265.00          1                   2.37                0.42                0.42                44486.00            -3.583648           -53.807296          F 
130390                          1                   0.0001000           7014                410.88              17.07               29.18               7697265.00          139                 1.95                71.27               71.88               36536.00            -4.497836           -69.450565          F 
160040                          1                   0.0001000           7014                410.88              17.07               29.18               7697265.00          386                 1.04                369.49              378.41              19571.00            -0.0730322          -51.943908          F 
150445                          1                   0.0001000           7014                410.88              17.07               29.18               7697265.00          0                   1.60                0                   0                   29887.00            -3.160218           -53.194916          F 
160053                          1                   0.0001000           7014                410.88              17.07               29.18               7697265.00          212                 1.05                201.92              204.56              19669.00            0.587711            -51.673569          F 
160080                          1                   0.0001000           7014                410.88              17.07               29.18               7697265.00          3                   0.77                3.91                3.91                14364.00            -0.997903           -52.061167          F 
150590                          1                   0.0001000           7014                410.88              17.07               29.18               7697265.00          0                   2.05                0                   0                   38471.00            -2.184494           -52.547960          F 
160020                          1                   0.0001000           7014                410.88              17.07               29.18               7697265.00          160                 0.54                294.93              297.84              10163.00            2.430849            -51.404322          F 
130014                          1                   0.0001000           7014                410.88              17.07               29.18               7697265.00          3                   1.10                2.72                2.72                20648.00            -7.759871           -59.431439          F 
160023                          1                   0.0001000           7014                410.88              17.07               29.18               7697265.00          131                 0.37                355.62              358.49              6901.00             0.958713            -51.419182          F 
160055                          1                   0.0001000           7014                410.88              17.07               29.18               7697265.00          7                   0.24                28.94               28.95               4531.00             1.625299            -51.277065          F 
160060                          1                   0.0001000           7014                410.88              17.07               29.18               7697265.00          215                 5.99                35.89               36.36               112218.00           0.128476            -51.379449          F 
150172                          1                   0.0001000           7014                410.88              17.07               29.18               7697265.00          0                   0.80                0                   0                   14984.00            -3.292151           -52.685423          F 
150375                          1                   0.0001000           7014                410.88              17.07               29.18               7697265.00          47                  2.21                21.22               21.28               41490.00            -7.445178           -57.302829          F 
130195                          1                   0.0001000           7014                410.88              17.07               29.18               7697265.00          16                  0.44                36.65               36.68               8179.00             -6.682874           -68.114036          F 
150310                          1                   0.0001000           7014                410.88              17.07               29.18               7697265.00          0                   1.69                0                   0                   31623.00            -1.151921           -51.555276          F 
160070                          1                   0.0001000           7014                410.88              17.07               29.18               7697265.00          84                  0.81                103.45              103.98              15212.00            1.294034            -50.985687          F 
160010                          1                   0.0001000           7014                410.88              17.07               29.18               7697265.00          9                   0.46                19.56               19.57               8622.00             1.764026            -50.581371          F 
160030                          1                   0.0001000           7014                410.88              17.07               29.18               7697265.00          118                 24.35               4.85                4.87                456171.00           0.554818            -50.700863          F 
130060                          1                   0.0001000           7014                410.88              17.07               29.18               7697265.00          48                  2.11                22.77               22.84               39484.00            -5.429327           -70.278296          F 
110080                          1                   0.0001000           7014                410.88              17.07               29.18               7697265.00          132                 1.29                102.37              103.20              24155.00            -8.887011           -63.325581          F 
150835                          1                   0.0001000           7014                410.88              17.07               29.18               7697265.00          0                   0.77                0                   0                   14407.00            -3.141047           -51.973342          F 
160025                          1                   0.0001000           7014                410.88              17.07               29.18               7697265.00          4                   0.26                15.14               15.14               4949.00             0.532233            -50.651554          F 
130240                          1                   0.0001000           7014                410.88              17.07               29.18               7697265.00          38                  2.31                16.45               16.49               43263.00            -8.375880           -65.812244          F 
160021                          1                   0.0001000           7014                410.88              17.07               29.18               7697265.00          6                   0.29                20.79               20.80               5407.00             1.030315            -50.483699          F 
150030                          1                   0.0001000           7014                410.88              17.07               29.18               7697265.00          15                  2.00                7.51                7.52                37398.00            -0.263841           -50.727746          F 
150450                          1                   0.0001000           7014                410.88              17.07               29.18               7697265.00          2                   1.41                1.42                1.42                26397.00            -1.607856           -51.104066          F 
110094                          1                   0.0001000           7014                410.88              17.07               29.18               7697265.00          23                  1.12                20.54               20.57               20974.00            -9.170974           -62.565037          F 
110013                          1                   0.0001000           7014                410.88              17.07               29.18               7697265.00          153                 1.98                77.12               77.84               37167.00            -9.204070           -62.010294          F 
110110                          1                   0.0001000           7014                410.88              17.07               29.18               7697265.00          15                  0.53                28.11               28.14               9995.00             -9.170195           -63.044988          F 
110020                          1                   0.0001000           7014                410.88              17.07               29.18               7697265.00          157                 26.84               5.85                5.90                502748.00           -9.153039           -64.305489          F 
150180                          1                   0.0001000           7014                410.88              17.07               29.18               7697265.00          11                  5.24                2.10                2.10                98231.00            -1.121333           -50.628584          F 
510325                          1                   0.0001000           7014                410.88              17.07               29.18               7697265.00          8                   1.79                4.46                4.47                33575.00            -9.292283           -60.305531          F 
130350                          1                   0.0001000           7014                410.88              17.07               29.18               7697265.00          169                 1.03                163.38              165.08              19378.00            -7.757795           -68.197229          F 
510080                          1                   0.0001000           7014                410.88              17.07               29.18               7697265.00          0                   0.50                0                   0                   9400.00             -8.753341           -57.827599          F 
150060                          1                   0.0001000           7014                410.88              17.07               29.18               7697265.00          2                   5.79                0.35                0.35                108382.00           -6.486303           -53.886671          F 
150580                          1                   0.0001000           7014                410.88              17.07               29.18               7697265.00          90                  3.11                28.93               29.08               58282.00            -2.565541           -50.955536          F 
110026                          1                   0.0001000           7014                410.88              17.07               29.18               7697265.00          3                   0.20                14.99               14.99               3750.00             -9.645106           -62.790311          F 
150780                          1                   0.0001000           7014                410.88              17.07               29.18               7697265.00          2                   0.63                3.17                3.17                11827.00            -4.171559           -51.773388          F 
110040                          1                   0.0001000           7014                410.88              17.07               29.18               7697265.00          213                 1.08                197.44              200.04              20210.00            -9.649274           -63.394283          F 
110175                          1                   0.0001000           7014                410.88              17.07               29.18               7697265.00          8                   0.58                13.82               13.83               10843.00            -9.732685           -61.939355          F 
150503                          1                   0.0001000           7014                410.88              17.07               29.18               7697265.00          6                   1.34                4.47                4.47                25135.00            -8.062463           -55.612052          F 
150250                          1                   0.0001000           7014                410.88              17.07               29.18               7697265.00          28                  1.20                23.24               23.28               22566.00            -0.0296229          -49.829440          F 
150070                          1                   0.0001000           7014                410.88              17.07               29.18               7697265.00          190                 1.47                129.25              130.76              27540.00            -0.827103           -49.962044          F 
510337                          1                   0.0001000           7014                410.88              17.07               29.18               7697265.00          0                   0.95                0                   0                   17716.00            -9.536841           -58.677801          F 
110002                          1                   0.0001000           7014                410.88              17.07               29.18               7697265.00          12                  5.57                2.15                2.15                104401.00           -9.951979           -62.957373          F 
150085                          1                   0.0001000           7014                410.88              17.07               29.18               7697265.00          9                   1.36                6.63                6.64                25414.00            -3.997294           -51.301209          F 
130140                          1                   0.0001000           7014                410.88              17.07               29.18               7697265.00          47                  1.82                25.88               25.95               34025.00            -7.022778           -70.222033          F 
110160                          1                   0.0001000           7014                410.88              17.07               29.18               7697265.00          0                   0.61                0                   0                   11347.00            -10.121814          -62.342289          F 
150280                          1                   0.0001000           7014                410.88              17.07               29.18               7697265.00          81                  1.72                47.06               47.28               32248.00            -1.583580           -49.988115          F 
110045                          1                   0.0001000           7014                410.88              17.07               29.18               7697265.00          45                  2.02                22.28               22.34               37838.00            -10.052159          -63.941154          F 
130020                          1                   0.0001000           7014                410.88              17.07               29.18               7697265.00          203                 0.97                209.73              212.35              18133.00            -5.711940           -71.742673          F 
150110                          1                   0.0001000           7014                410.88              17.07               29.18               7697265.00          1                   1.51                0.66                0.66                28292.00            -2.372794           -50.181886          F 
110140                          1                   0.0001000           7014                410.88              17.07               29.18               7697265.00          25                  0.85                29.51               29.55               15873.00            -10.210793          -63.372281          F 
130070                          1                   0.0001000           7014                410.88              17.07               29.18               7697265.00          2                   1.79                1.12                1.12                33498.00            -8.772979           -68.047540          F 
510140                          1                   0.0001000           7014                410.88              17.07               29.18               7697265.00          1                   1.10                0.91                0.91                20657.00            -10.187963          -59.839297          F 
110060                          1                   0.0001000           7014                410.88              17.07               29.18               7697265.00          1                   0.34                2.94                2.94                6367.00             -10.331685          -62.987180          F 
510615                          1                   0.0001000           7014                410.88              17.07               29.18               7697265.00          12                  0.73                16.37               16.39               13729.00            -9.768714           -58.076318          F 
110180                          1                   0.0001000           7014                410.88              17.07               29.18               7697265.00          0                   0.44                0                   0                   8231.00             -10.384134          -62.093876          F 
130150                          1                   0.0001000           7014                410.88              17.07               29.18               7697265.00          19                  1.00                18.95               18.97               18786.00            -7.573750           -70.054927          F 
150555                          2                   0.0001000           161                 22.32               7.21                7.27                418202.00           0                   0.30                0                   0                   5535.00             -7.737187           -50.123353          F 
150613                          2                   0.0001000           161                 22.32               7.21                7.27                418202.00           0                   4.31                0                   0                   80797.00            -8.069353           -50.198021          F 
150616                          2                   0.0001000           161                 22.32               7.21                7.27                418202.00           0                   0.95                0                   0                   17738.00            -7.340746           -49.895407          F 
150125                          2                   0.0001000           161                 22.32               7.21                7.27                418202.00           11                  0.17                63.08               63.12               3267.00             -7.486340           -50.634226          F 
150304                          2                   0.0001000           161                 22.32               7.21                7.27                418202.00           0                   1.03                0                   0                   19261.00            -7.548373           -49.576097          F 
150270                          2                   0.0001000           161                 22.32               7.21                7.27                418202.00           0                   2.48                0                   0                   46395.00            -8.182560           -49.512625          F 
150658                          2                   0.0001000           161                 22.32               7.21                7.27                418202.00           0                   1.06                0                   0                   19925.00            -8.633727           -50.314447          F 
150840                          2                   0.0001000           161                 22.32               7.21                7.27                418202.00           0                   2.29                0                   0                   42833.00            -6.917853           -49.635135          F 
150034                          2                   0.0001000           161                 22.32               7.21                7.27                418202.00           0                   1.40                0                   0                   26305.00            -6.773035           -50.430070          F 
150775                          2                   0.0001000           161                 22.32               7.21                7.27                418202.00           0                   0.30                0                   0                   5587.00             -6.838854           -49.569799          F 
171180                          2                   0.0001000           161                 22.32               7.21                7.27                418202.00           0                   0.12                0                   0                   2245.00             -8.140277           -49.110602          F 
170230                          2                   0.0001000           161                 22.32               7.21                7.27                418202.00           0                   0.36                0                   0                   6799.00             -7.723272           -48.999890          F 
170600                          2                   0.0001000           161                 22.32               7.21                7.27                418202.00           0                   0.29                0                   0                   5424.00             -8.436865           -49.162374          F 
150276                          2                   0.0001000           161                 22.32               7.21                7.27                418202.00           5                   0.66                7.54                7.54                12423.00            -8.458321           -51.221011          F 
171886                          2                   0.0001000           161                 22.32               7.21                7.27                418202.00           0                   0.39                0                   0                   7232.00             -7.093920           -48.973845          F 
150215                          2                   0.0001000           161                 22.32               7.21                7.27                418202.00           0                   1.80                0                   0                   33632.00            -6.424110           -50.085921          F 
150543                          2                   0.0001000           161                 22.32               7.21                7.27                418202.00           60                  1.64                36.52               36.65               30776.00            -7.525492           -51.432537          F 
170190                          2                   0.0001000           161                 22.32               7.21                7.27                418202.00           0                   0.37                0                   0                   6863.00             -8.939322           -49.504685          F 
171665                          2                   0.0001000           161                 22.32               7.21                7.27                418202.00           0                   0.29                0                   0                   5381.00             -8.379551           -48.917014          F 
171110                          2                   0.0001000           161                 22.32               7.21                7.27                418202.00           0                   0.13                0                   0                   2476.00             -8.451479           -48.752157          F 
150808                          2                   0.0001000           161                 22.32               7.21                7.27                418202.00           85                  1.99                42.68               42.90               37308.00            -6.820174           -51.391396          F 
210467                          3                   0.0001000           32                  1.21                26.39               26.44               45932.00            20                  0.66                30.16               30.20               25117.00            -2.061555           -45.818133          F 
210632                          3                   0.0001000           32                  1.21                26.39               26.44               45932.00            12                  0.55                21.84               21.85               20815.00            -1.982063           -45.992607          F 
170740                          4                   0.0001000           27                  1.26                21.40               21.43               24027.00            0                   0.55                0                   0                   10506.00            -5.326535           -48.540410          F 
150750                          4                   0.0001000           27                  1.26                21.40               21.43               24027.00            27                  0.71                38.03               38.09               13521.00            -5.447389           -48.696990          F 
210825                          5                   0.0007000           9                   0.44                20.44               20.45               24475.00            9                   0.44                20.44               20.45               24475.00            -2.989105           -45.429993          F 
330290                          6                   0.9993              5                   0.43                11.76               11.76               24842.00            5                   0.43                11.76               11.76               24842.00            -22.506311          -43.468753          F 
