140017                          1                   0.0001000           13270               571.34              23.23               49.68               7275726.00          666                 1.33                502.53              516.59              16877.00            2.272838            -60.542067          F 
140015                          1                   0.0001000           13270               571.34              23.23               49.68               7275726.00          19                  0.94                20.26               20.27               11945.00            2.787148            -60.100125          F 
140010                          1                   0.0001000           13270               571.34              23.23               49.68               7275726.00          23                  26.07               0.88                0.88                332020.00           3.117964            -60.717850          F 
140060                          1                   0.0001000           13270               571.34              23.23               49.68               7275726.00          34                  0.60                56.99               57.07               7597.00             0.884349            -60.151701          F 
140030                          1                   0.0001000           13270               571.34              23.23               49.68               7275726.00          150                 1.32                113.35              114.04              16852.00            2.510145            -61.983632          F 
140020                          1                   0.0001000           13270               571.34              23.23               49.68               7275726.00          192                 1.63                117.51              118.43              20807.00            0.990862            -61.471950          F 
140040                          1                   0.0001000           13270               571.34              23.23               49.68               7275726.00          6                   0.83                7.26                7.26                10527.00            3.878942            -60.064912          F 
140050                          1                   0.0001000           13270               571.34              23.23               49.68               7275726.00          3                   0.61                4.94                4.94                7740.00             0.635650            -59.844809          F 
140023                          1                   0.0001000           13270               571.34              23.23               49.68               7275726.00          6                   0.75                8.05                8.05                9493.00             0.914772            -59.338066          F 
140045                          1                   0.0001000           13270               571.34              23.23               49.68               7275726.00          10                  0.97                10.29               10.29               12375.00            4.168751            -60.839425          F 
140028                          1                   0.0001000           13270               571.34              23.23               49.68               7275726.00          247                 0.85                289.66              292.61              10859.00            2.186649            -62.468913          F 
140047                          1                   0.0001000           13270               571.34              23.23               49.68               7275726.00          79                  2.22                35.66               35.77               28215.00            0.0378310           -61.010414          F 
140005                          1                   0.0001000           13270               571.34              23.23               49.68               7275726.00          58                  1.25                46.36               46.46               15933.00            3.078187            -62.755259          F 
140002                          1                   0.0001000           13270               571.34              23.23               49.68               7275726.00          78                  0.91                85.93               86.20               11560.00            3.732874            -62.436863          F 
140070                          1                   0.0001000           13270               571.34              23.23               49.68               7275726.00          3                   0.77                3.88                3.88                9836.00             4.683843            -60.280731          F 
130430                          1                   0.0001000           13270               571.34              23.23               49.68               7275726.00          33                  1.33                24.77               24.80               16968.00            -0.893871           -59.029898          F 
130353                          1                   0.0001000           13270               571.34              23.23               49.68               7275726.00          425                 2.71                156.54              159.29              34574.00            -1.372564           -59.988741          F 
150530                          1                   0.0001000           13270               571.34              23.23               49.68               7275726.00          0                   5.58                0                   0                   71078.00            0.255032            -57.149736          F 
130040                          1                   0.0001000           13270               571.34              23.23               49.68               7275726.00          182                 2.18                83.54               84.16               27743.00            -0.465180           -63.434588          F 
150300                          1                   0.0001000           13270               571.34              23.23               49.68               7275726.00          0                   0.55                0                   0                   7009.00             -1.158833           -57.806300          F 
130320                          1                   0.0001000           13270               571.34              23.23               49.68               7275726.00          138                 1.46                94.55               95.08               18586.00            -2.046996           -61.701836          F 
130395                          1                   0.0001000           13270               571.34              23.23               49.68               7275726.00          119                 1.05                112.91              113.46              13421.00            -1.946118           -58.702338          F 
130356                          1                   0.0001000           13270               571.34              23.23               49.68               7275726.00          428                 2.51                170.32              173.34              32001.00            -2.529891           -59.638156          F 
130300                          1                   0.0001000           13270               571.34              23.23               49.68               7275726.00          3                   1.64                1.83                1.83                20902.00            -1.680483           -57.656536          F 
130260                          1                   0.0001000           13270               571.34              23.23               49.68               7275726.00          240                 167.28              1.43                1.44                2130264.00          -2.626021           -60.259483          F 
130200                          1                   0.0001000           13270               571.34              23.23               49.68               7275726.00          14                  0.72                19.54               19.55               9125.00             -2.498704           -58.619577          F 
130185                          1                   0.0001000           13270               571.34              23.23               49.68               7275726.00          618                 3.72                166.01              170.29              47407.00            -3.095148           -60.480667          F 
150510                          1                   0.0001000           13270               571.34              23.23               49.68               7275726.00          1                   3.98                0.25                0.25                50727.00            -0.170427           -55.674947          F 
130400                          1                   0.0001000           13270               571.34              23.23               49.68               7275726.00          7                   0.72                9.68                9.68                9211.00             -2.822093           -58.536128          F 
130083                          1                   0.0001000           13270               571.34              23.23               49.68               7275726.00          42                  1.01                41.72               41.79               12820.00            -3.081969           -61.877491          F 
130250                          1                   0.0001000           13270               571.34              23.23               49.68               7275726.00          107                 7.57                14.13               14.18               96460.00            -3.291606           -60.958222          F 
130360                          1                   0.0001000           13270               571.34              23.23               49.68               7275726.00          136                 1.87                72.88               73.28               23765.00            -0.318566           -65.522058          F 
130115                          1                   0.0001000           13270               571.34              23.23               49.68               7275726.00          186                 2.29                81.15               81.76               29190.00            -3.286228           -59.599493          F 
130190                          1                   0.0001000           13270               571.34              23.23               49.68               7275726.00          378                 7.84                48.21               48.95               99854.00            -3.174662           -58.777136          F 
130440                          1                   0.0001000           13270               571.34              23.23               49.68               7275726.00          0                   1.74                0                   0                   22148.00            -2.812240           -57.770143          F 
150797                          1                   0.0001000           13270               571.34              23.23               49.68               7275726.00          0                   1.43                0                   0                   18257.00            -1.952134           -56.458364          F 
130008                          1                   0.0001000           13270               571.34              23.23               49.68               7275726.00          0                   1.02                0                   0                   12978.00            -3.502503           -61.716696          F 
130110                          1                   0.0001000           13270               571.34              23.23               49.68               7275726.00          287                 2.94                97.72               98.88               37399.00            -3.770658           -60.183093          F 
130255                          1                   0.0001000           13270               571.34              23.23               49.68               7275726.00          9                   2.37                3.79                3.79                30222.00            -3.779354           -60.697327          F 
130130                          1                   0.0001000           13270               571.34              23.23               49.68               7275726.00          6                   2.18                2.75                2.75                27817.00            -3.289026           -62.972665          F 
130068                          1                   0.0001000           13270               571.34              23.23               49.68               7275726.00          1                   1.45                0.69                0.69                18483.00            -3.138082           -57.669942          F 
130030                          1                   0.0001000           13270               571.34              23.23               49.68               7275726.00          291                 3.02                96.37               97.52               38454.00            -3.788879           -59.528635          F 
150040                          1                   0.0001000           13270               571.34              23.23               49.68               7275726.00          6                   4.34                1.38                1.38                55246.00            -0.536230           -55.069883          F 
130340                          1                   0.0001000           13270               571.34              23.23               49.68               7275726.00          5                   8.94                0.56                0.56                113832.00           -2.688407           -56.854026          F 
130050                          1                   0.0001000           13270               571.34              23.23               49.68               7275726.00          6                   2.48                2.42                2.42                31542.00            -3.129157           -57.172390          F 
130280                          1                   0.0001000           13270               571.34              23.23               49.68               7275726.00          32                  1.46                21.99               22.02               18531.00            -2.428415           -65.038109          F 
150390                          1                   0.0001000           13270               571.34              23.23               49.68               7275726.00          0                   4.42                0                   0                   56325.00            -2.622585           -56.221232          F 
130310                          1                   0.0001000           13270               571.34              23.23               49.68               7275726.00          2                   2.86                0.70                0.70                36431.00            -3.988364           -58.601783          F 
130010                          1                   0.0001000           13270               571.34              23.23               49.68               7275726.00          0                   1.59                0                   0                   20196.00            -4.186645           -62.073001          F 
150285                          1                   0.0001000           13270               571.34              23.23               49.68               7275726.00          0                   1.10                0                   0                   13996.00            -1.845743           -55.113264          F 
150050                          1                   0.0001000           13270               571.34              23.23               49.68               7275726.00          0                   2.61                0                   0                   33195.00            0.284350            -53.893460          F 
130063                          1                   0.0001000           13270               571.34              23.23               49.68               7275726.00          33                  1.49                22.14               22.17               18978.00            -4.603475           -61.787364          F 
150480                          1                   0.0001000           13270               571.34              23.23               49.68               7275726.00          0                   4.43                0                   0                   56466.00            -1.119762           -54.365806          F 
130080                          1                   0.0001000           13270               571.34              23.23               49.68               7275726.00          79                  3.18                24.86               24.94               40464.00            -4.957034           -59.534428          F 
130426                          1                   0.0001000           13270               571.34              23.23               49.68               7275726.00          9                   1.05                8.54                8.54                13428.00            -3.167038           -65.411879          F 
160027                          1                   0.0001000           13270               571.34              23.23               49.68               7275726.00          50                  3.73                13.39               13.41               47554.00            1.096940            -53.306000          F 
150680                          1                   0.0001000           13270               571.34              23.23               49.68               7275726.00          0                   23.27               0                   0                   296302.00           -2.764647           -55.093854          F 
150100                          1                   0.0001000           13270               571.34              23.23               49.68               7275726.00          1                   1.25                0.80                0.80                15947.00            -3.667209           -56.016450          F 
130160                          1                   0.0001000           13270               571.34              23.23               49.68               7275726.00          7                   1.54                4.53                4.53                19669.00            -2.492180           -66.358452          F 
130120                          1                   0.0001000           13270               571.34              23.23               49.68               7275726.00          70                  6.66                10.52               10.54               84762.00            -4.437162           -64.124619          F 
130002                          1                   0.0001000           13270               571.34              23.23               49.68               7275726.00          283                 1.25                226.54              229.19              15908.00            -3.701122           -65.330652          F 
130290                          1                   0.0001000           13270               571.34              23.23               49.68               7275726.00          84                  4.89                17.19               17.25               62212.00            -4.984990           -58.060916          F 
130380                          1                   0.0001000           13270               571.34              23.23               49.68               7275726.00          125                 3.50                35.73               35.91               44553.00            0.374453            -67.997697          F 
150145                          1                   0.0001000           13270               571.34              23.23               49.68               7275726.00          0                   1.35                0                   0                   17249.00            -3.191161           -54.992826          F 
160015                          1                   0.0001000           13270               571.34              23.23               49.68               7275726.00          264                 1.19                222.28              224.69              15125.00            1.157828            -52.523712          F 
150600                          1                   0.0001000           13270               571.34              23.23               49.68               7275726.00          0                   2.28                0                   0                   29067.00            -2.120276           -53.660235          F 
130220                          1                   0.0001000           13270               571.34              23.23               49.68               7275726.00          5                   1.10                4.56                4.56                13956.00            -3.524623           -66.306825          F 
160005                          1                   0.0001000           13270               571.34              23.23               49.68               7275726.00          54                  0.40                134.55              134.84              5111.00             1.649528            -52.270468          F 
130420                          1                   0.0001000           13270               571.34              23.23               49.68               7275726.00          106                 4.87                21.76               21.86               62021.00            -4.468383           -65.529278          F 
150619                          1                   0.0001000           13270               571.34              23.23               49.68               7275726.00          5                   3.86                1.30                1.30                49093.00            -4.241022           -55.210827          F 
150565                          1                   0.0001000           13270               571.34              23.23               49.68               7275726.00          0                   2.36                0                   0                   30109.00            -3.889977           -54.500599          F 
160050                          1                   0.0001000           13270               571.34              23.23               49.68               7275726.00          34                  2.00                16.97               16.99               25514.00            3.088524            -51.904801          F 
150805                          1                   0.0001000           13270               571.34              23.23               49.68               7275726.00          1                   1.45                0.69                0.69                18469.00            -5.130084           -56.003417          F 
130210                          1                   0.0001000           13270               571.34              23.23               49.68               7275726.00          14                  0.33                42.40               42.42               4205.00             -1.698117           -68.320288          F 
130270                          1                   0.0001000           13270               571.34              23.23               49.68               7275726.00          100                 4.30                23.28               23.37               54708.00            -6.459804           -61.446481          F 
130423                          1                   0.0001000           13270               571.34              23.23               49.68               7275726.00          0                   1.47                0                   0                   18782.00            -2.691643           -67.827923          F 
160040                          1                   0.0001000           13270               571.34              23.23               49.68               7275726.00          424                 1.60                264.85              269.51              20387.00            -0.0730322          -51.943908          F 
150815                          1                   0.0001000           13270               571.34              23.23               49.68               7275726.00          0                   3.48                0                   0                   44258.00            -3.583648           -53.807296          F 
160053                          1                   0.0001000           13270               571.34              23.23               49.68               7275726.00          414                 1.62                255.79              260.18              20611.00            0.587711            -51.673569          F 
160080                          1                   0.0001000           13270               571.34              23.23               49.68               7275726.00          68                  1.18                57.76               57.92               14991.00            -0.997903           -52.061167          F 
150360                          1                   0.0001000           13270               571.34              23.23               49.68               7275726.00          194                 7.74                25.08               25.27               98523.00            -5.871333           -56.496545          F 
130330                          1                   0.0001000           13270               571.34              23.23               49.68               7275726.00          9                   1.97                4.56                4.57                25112.00            -6.825051           -60.477192          F 
160020                          1                   0.0001000           13270               571.34              23.23               49.68               7275726.00          131                 0.83                158.50              159.35              10525.00            2.430849            -51.404322          F 
150445                          1                   0.0001000           13270               571.34              23.23               49.68               7275726.00          0                   2.41                0                   0                   30726.00            -3.160218           -53.194916          F 
150590                          1                   0.0001000           13270               571.34              23.23               49.68               7275726.00          0                   3.14                0                   0                   39991.00            -2.184494           -52.547960          F 
160023                          1                   0.0001000           13270               571.34              23.23               49.68               7275726.00          67                  0.57                117.36              117.68              7270.00             0.958713            -51.419182          F 
160055                          1                   0.0001000           13270               571.34              23.23               49.68               7275726.00          4                   0.38                10.66               10.66               4779.00             1.625299            -51.277065          F 
160060                          1                   0.0001000           13270               571.34              23.23               49.68               7275726.00          587                 9.07                64.74               66.31               115471.00           0.128476            -51.379449          F 
130410                          1                   0.0001000           13270               571.34              23.23               49.68               7275726.00          51                  1.41                36.22               36.30               17930.00            -6.104509           -64.893865          F 
160070                          1                   0.0001000           13270               571.34              23.23               49.68               7275726.00          55                  1.27                43.47               43.57               16112.00            1.294034            -50.985687          F 
130006                          1                   0.0001000           13270               571.34              23.23               49.68               7275726.00          1                   0.88                1.13                1.13                11242.00            -3.418321           -68.287308          F 
150310                          1                   0.0001000           13270               571.34              23.23               49.68               7275726.00          2                   2.55                0.78                0.78                32458.00            -1.151921           -51.555276          F 
150172                          1                   0.0001000           13270               571.34              23.23               49.68               7275726.00          0                   1.15                0                   0                   14689.00            -3.292151           -52.685423          F 
130170                          1                   0.0001000           13270               571.34              23.23               49.68               7275726.00          23                  4.19                5.49                5.49                53383.00            -7.362897           -62.485394          F 
160010                          1                   0.0001000           13270               571.34              23.23               49.68               7275726.00          7                   0.69                10.18               10.18               8757.00             1.764026            -50.581371          F 
160030                          1                   0.0001000           13270               571.34              23.23               49.68               7275726.00          156                 37.28               4.18                4.21                474706.00           0.554818            -50.700863          F 
130100                          1                   0.0001000           13270               571.34              23.23               49.68               7275726.00          19                  2.23                8.54                8.54                28337.00            -5.118832           -67.337382          F 
160025                          1                   0.0001000           13270               571.34              23.23               49.68               7275726.00          8                   0.41                19.70               19.70               5172.00             0.532233            -50.651554          F 
130370                          1                   0.0001000           13270               571.34              23.23               49.68               7275726.00          7                   1.81                3.86                3.86                23075.00            -3.051175           -69.087897          F 
130014                          1                   0.0001000           13270               571.34              23.23               49.68               7275726.00          5                   1.68                2.97                2.97                21406.00            -7.759871           -59.431439          F 
160021                          1                   0.0001000           13270               571.34              23.23               49.68               7275726.00          4                   0.44                9.04                9.04                5637.00             1.030315            -50.483699          F 
150835                          1                   0.0001000           13270               571.34              23.23               49.68               7275726.00          0                   1.16                0                   0                   14719.00            -3.141047           -51.973342          F 
150030                          1                   0.0001000           13270               571.34              23.23               49.68               7275726.00          25                  3.00                8.35                8.35                38144.00            -0.263841           -50.727746          F 
150450                          1                   0.0001000           13270               571.34              23.23               49.68               7275726.00          98                  2.11                46.40               46.58               26897.00            -1.607856           -51.104066          F 
150375                          1                   0.0001000           13270               571.34              23.23               49.68               7275726.00          50                  0.63                79.01               79.17               8059.00             -7.445178           -57.302829          F 
130090                          1                   0.0001000           13270               571.34              23.23               49.68               7275726.00          216                 1.22                177.58              179.15              15490.00            -7.403346           -64.096665          F 
150180                          1                   0.0001000           13270               571.34              23.23               49.68               7275726.00          143                 7.84                18.23               18.33               99896.00            -1.121333           -50.628584          F 
130230                          1                   0.0001000           13270               571.34              23.23               49.68               7275726.00          19                  1.24                15.29               15.30               15824.00            -4.713108           -68.403854          F 
150580                          1                   0.0001000           13270               571.34              23.23               49.68               7275726.00          141                 4.74                29.77               29.93               60322.00            -2.565541           -50.955536          F 
150780                          1                   0.0001000           13270               571.34              23.23               49.68               7275726.00          1                   0.89                1.12                1.12                11357.00            -4.171559           -51.773388          F 
150250                          1                   0.0001000           13270               571.34              23.23               49.68               7275726.00          93                  1.81                51.34               51.54               23066.00            -0.0296229          -49.829440          F 
150060                          1                   0.0001000           13270               571.34              23.23               49.68               7275726.00          12                  8.75                1.37                1.37                111435.00           -6.486303           -53.886671          F 
150070                          1                   0.0001000           13270               571.34              23.23               49.68               7275726.00          370                 2.24                165.52              168.05              28466.00            -0.827103           -49.962044          F 
130406                          1                   0.0001000           13270               571.34              23.23               49.68               7275726.00          14                  5.00                2.80                2.80                63635.00            -4.027765           -69.681346          F 
150085                          1                   0.0001000           13270               571.34              23.23               49.68               7275726.00          1                   2.13                0.47                0.47                27096.00            -3.997294           -51.301209          F 
130390                          1                   0.0001000           13270               571.34              23.23               49.68               7275726.00          6                   2.99                2.01                2.01                38047.00            -4.497836           -69.450565          F 
150280                          1                   0.0001000           13270               571.34              23.23               49.68               7275726.00          489                 2.63                185.94              189.72              33490.00            -1.583580           -49.988115          F 
150110                          1                   0.0001000           13270               571.34              23.23               49.68               7275726.00          1031                2.34                440.46              459.83              29808.00            -2.372794           -50.181886          F 
510080                          1                   0.0001000           13270               571.34              23.23               49.68               7275726.00          0                   0.76                0                   0                   9694.00             -8.753341           -57.827599          F 
150503                          1                   0.0001000           13270               571.34              23.23               49.68               7275726.00          11                  1.97                5.59                5.59                25071.00            -8.062463           -55.612052          F 
150770                          1                   0.0001000           13270               571.34              23.23               49.68               7275726.00          23                  2.03                11.31               11.32               25904.00            -1.434046           -49.680194          F 
110080                          1                   0.0001000           13270               571.34              23.23               49.68               7275726.00          235                 1.98                118.44              119.59              25266.00            -8.887011           -63.325581          F 
150548                          1                   0.0001000           13270               571.34              23.23               49.68               7275726.00          159                 3.64                43.65               43.93               46383.00            -3.684058           -50.631545          F 
510325                          1                   0.0001000           13270               571.34              23.23               49.68               7275726.00          5                   2.84                1.76                1.76                36161.00            -9.292283           -60.305531          F 
110013                          1                   0.0001000           13270               571.34              23.23               49.68               7275726.00          73                  3.03                24.08               24.15               38609.00            -9.204070           -62.010294          F 
150520                          1                   0.0001000           13270               571.34              23.23               49.68               7275726.00          453                 2.48                182.45              185.88              31619.00            -2.278960           -49.902322          F 
150640                          1                   0.0001000           13270               571.34              23.23               49.68               7275726.00          3                   0.77                3.88                3.88                9845.00             -0.583158           -49.314290          F 
110094                          1                   0.0001000           13270               571.34              23.23               49.68               7275726.00          100                 1.76                56.74               56.97               22443.00            -9.170974           -62.565037          F 
110110                          1                   0.0001000           13270               571.34              23.23               49.68               7275726.00          190                 0.81                234.68              236.51              10310.00            -9.170195           -63.044988          F 
130195                          1                   0.0001000           13270               571.34              23.23               49.68               7275726.00          18                  0.64                28.20               28.22               8128.00             -6.682874           -68.114036          F 
150490                          1                   0.0001000           13270               571.34              23.23               49.68               7275726.00          34                  3.08                11.04               11.05               39231.00            -1.355540           -49.309395          F 
150400                          1                   0.0001000           13270               571.34              23.23               49.68               7275726.00          260                 2.21                117.67              118.92              28138.00            -1.864288           -49.469256          F 
130240                          1                   0.0001000           13270               571.34              23.23               49.68               7275726.00          31                  3.52                8.80                8.81                44861.00            -8.375880           -65.812244          F 
150210                          1                   0.0001000           13270               571.34              23.23               49.68               7275726.00          70                  10.53               6.65                6.66                134100.00           -2.253113           -49.513615          F 
150570                          1                   0.0001000           13270               571.34              23.23               49.68               7275726.00          60                  2.37                25.28               25.34               30219.00            -1.117579           -49.077239          F 
210055                          2                   0.0001000           44                  2.84                15.50               15.52               36158.00            22                  0.54                40.63               40.67               6895.00             -1.673095           -45.948022          F 
210197                          2                   0.0001000           44                  2.84                15.50               15.52               36158.00            1                   0.73                1.37                1.37                9320.00             -1.762813           -46.178716          F 
210260                          2                   0.0001000           44                  2.84                15.50               15.52               36158.00            21                  1.57                13.41               13.42               19943.00            -1.618742           -45.675606          F 
150495                          3                   0.0001000           31                  1.63                18.99               19.01               20789.00            31                  1.63                18.99               19.01               20789.00            -2.392513           -46.899644          F 
312010                          4                   0.0001000           12                  0.23                52.73               52.75               4444.00             12                  0.23                52.73               52.75               4444.00             -18.084438          -43.440598          F 
510335                          5                   0.01110             41                  14.92               2.75                2.75                592623.00           0                   0.74                0                   0                   29471.00            -10.403493          -51.698039          F 
510677                          5                   0.01110             41                  14.92               2.75                2.75                592623.00           0                   0.30                0                   0                   11995.00            -10.825476          -51.712660          F 
510860                          5                   0.01110             41                  14.92               2.75                2.75                592623.00           0                   0.63                0                   0                   24835.00            -9.980623           -51.404814          F 
510269                          5                   0.01110             41                  14.92               2.75                2.75                592623.00           0                   0.12                0                   0                   4630.00             -11.201057          -51.823179          F 
510777                          5                   0.01110             41                  14.92               2.75                2.75                592623.00           0                   0.20                0                   0                   8049.00             -10.332303          -50.792279          F 
510774                          5                   0.01110             41                  14.92               2.75                2.75                592623.00           0                   0.061               0                   0                   2421.00             -10.064857          -52.541103          F 
510735                          5                   0.01110             41                  14.92               2.75                2.75                592623.00           0                   0.14                0                   0                   5416.00             -10.696430          -52.616401          F 
510530                          5                   0.01110             41                  14.92               2.75                2.75                592623.00           0                   0.051               0                   0                   2043.00             -11.007852          -50.935617          F 
510785                          5                   0.01110             41                  14.92               2.75                2.75                592623.00           0                   0.28                0                   0                   11290.00            -11.452949          -51.961623          F 
510035                          5                   0.01110             41                  14.92               2.75                2.75                592623.00           0                   0.16                0                   0                   6466.00             -11.810796          -51.749943          F 
150670                          5                   0.01110             41                  14.92               2.75                2.75                592623.00           1                   1.78                0.56                0.56                70764.00            -9.364016           -50.611231          F 
171190                          5                   0.01110             41                  14.92               2.75                2.75                592623.00           0                   0.32                0                   0                   12808.00            -11.035890          -50.160454          F 
510788                          5                   0.01110             41                  14.92               2.75                2.75                592623.00           0                   0.040               0                   0                   1575.00             -12.022095          -51.362144          F 
171750                          5                   0.01110             41                  14.92               2.75                2.75                592623.00           0                   0.19                0                   0                   7536.00             -10.210136          -49.872433          F 
510185                          5                   0.01110             41                  14.92               2.75                2.75                592623.00           0                   0.16                0                   0                   6266.00             -12.216986          -51.739360          F 
510642                          5                   0.01110             41                  14.92               2.75                2.75                592623.00           0                   0.85                0                   0                   33630.00            -10.147782          -53.587442          F 
150276                          5                   0.01110             41                  14.92               2.75                2.75                592623.00           5                   0.33                15.17               15.17               13093.00            -8.458321           -51.221011          F 
510706                          5                   0.01110             41                  14.92               2.75                2.75                592623.00           0                   0.42                0                   0                   16512.00            -12.161387          -52.742100          F 
171250                          5                   0.01110             41                  14.92               2.75                2.75                592623.00           0                   0.13                0                   0                   5054.00             -9.787699           -49.699800          F 
510631                          5                   0.01110             41                  14.92               2.75                2.75                592623.00           0                   0.063               0                   0                   2498.00             -12.316068          -50.888796          F 
170390                          5                   0.01110             41                  14.92               2.75                2.75                592623.00           0                   0.13                0                   0                   5265.00             -9.400390           -49.848105          F 
170820                          5                   0.01110             41                  14.92               2.75                2.75                592623.00           0                   0.47                0                   0                   18684.00            -11.959003          -50.097998          F 
150658                          5                   0.01110             41                  14.92               2.75                2.75                592623.00           0                   0.52                0                   0                   20849.00            -8.633727           -50.314447          F 
170610                          5                   0.01110             41                  14.92               2.75                2.75                592623.00           0                   0.19                0                   0                   7374.00             -10.637071          -49.313222          F 
510558                          5                   0.01110             41                  14.92               2.75                2.75                592623.00           0                   0.26                0                   0                   10422.00            -10.886197          -54.053071          F 
170710                          5                   0.01110             41                  14.92               2.75                2.75                592623.00           0                   0.17                0                   0                   6868.00             -9.694686           -49.354809          F 
171889                          5                   0.01110             41                  14.92               2.75                2.75                592623.00           0                   0.059               0                   0                   2343.00             -10.971089          -49.295639          F 
170460                          5                   0.01110             41                  14.92               2.75                2.75                592623.00           0                   0.035               0                   0                   1407.00             -10.165599          -49.196403          F 
510718                          5                   0.01110             41                  14.92               2.75                2.75                592623.00           0                   0.25                0                   0                   9796.00             -12.874322          -51.567902          F 
170730                          5                   0.01110             41                  14.92               2.75                2.75                592623.00           0                   0.12                0                   0                   4727.00             -11.428493          -49.390895          F 
170025                          5                   0.01110             41                  14.92               2.75                2.75                592623.00           0                   0.065               0                   0                   2571.00             -9.480412           -49.309816          F 
170190                          5                   0.01110             41                  14.92               2.75                2.75                592623.00           0                   0.18                0                   0                   7003.00             -8.939322           -49.504685          F 
510560                          5                   0.01110             41                  14.92               2.75                2.75                592623.00           0                   0.40                0                   0                   15870.00            -10.011788          -54.361207          F 
171884                          5                   0.01110             41                  14.92               2.75                2.75                592623.00           0                   0.086               0                   0                   3410.00             -12.401973          -49.876147          F 
171500                          5                   0.01110             41                  14.92               2.75                2.75                592623.00           0                   0.11                0                   0                   4203.00             -10.549682          -48.974513          F 
150613                          5                   0.01110             41                  14.92               2.75                2.75                592623.00           0                   2.08                0                   0                   82464.00            -8.069353           -50.198021          F 
171845                          5                   0.01110             41                  14.92               2.75                2.75                592623.00           0                   0.067               0                   0                   2650.00             -10.422585          -48.883228          F 
170755                          5                   0.01110             41                  14.92               2.75                2.75                592623.00           0                   0.098               0                   0                   3879.00             -10.809587          -48.874459          F 
510830                          5                   0.01110             41                  14.92               2.75                2.75                592623.00           0                   0.087               0                   0                   3468.00             -11.528079          -54.315704          F 
170720                          5                   0.01110             41                  14.92               2.75                2.75                592623.00           0                   0.18                0                   0                   7286.00             -9.271299           -49.066506          F 
171610                          5                   0.01110             41                  14.92               2.75                2.75                592623.00           0                   1.27                0                   0                   50360.00            -10.221048          -48.826153          F 
510370                          5                   0.01110             41                  14.92               2.75                2.75                592623.00           1                   0.34                2.95                2.95                13451.00            -11.918239          -54.167552          F 
150543                          5                   0.01110             41                  14.92               2.75                2.75                592623.00           34                  0.80                42.30               42.36               31921.00            -7.525492           -51.432537          F 
210087                          6                   0.4563              7                   0.60                11.63               11.63               15332.00            7                   0.60                11.63               11.63               15332.00            -3.079638           -45.787376          F 
