1                   1                   1                   34590               2064.48             16.75               28.19               6779248.00          
2                   1                   1                   3183                277.48              11.47               11.89               916168.00           
3                   1                   1                   1152                145.10              7.94                8.04                479088.00           
4                   1                   1                   339                 83.39               4.07                4.08                273832.00           
5                   1                   1                   109                 6.63                16.43               16.45               21905.00            
6                   1                   1                   73                  3.00                24.31               24.33               9861.00             
7                   1                   1                   57                  4.80                11.88               11.89               18947.00            
8                   1                   1                   53                  8.46                6.26                6.27                28098.00            
9                   1                   1                   85                  30.96               2.75                2.75                203332.00           
10                  1                   1                   18                  5.48                3.29                3.29                35982.00            
