140002                          1                   0.0001000           14874               851.99              17.46               30.07               7299303.00          98                  1.16                84.50               84.74               9936.00             3.732874            -62.436863          F 
140005                          1                   0.0001000           14874               851.99              17.46               30.07               7299303.00          36                  1.89                19.01               19.02               16228.00            3.078187            -62.755259          F 
140030                          1                   0.0001000           14874               851.99              17.46               30.07               7299303.00          135                 1.79                75.46               75.75               15328.00            2.510145            -61.983632          F 
140028                          1                   0.0001000           14874               851.99              17.46               30.07               7299303.00          73                  1.08                67.34               67.48               9288.00             2.186649            -62.468913          F 
140045                          1                   0.0001000           14874               851.99              17.46               30.07               7299303.00          20                  1.28                15.64               15.65               10953.00            4.168751            -60.839425          F 
140010                          1                   0.0001000           14874               851.99              17.46               30.07               7299303.00          4                   34.66               0.12                0.12                296959.00           3.117964            -60.717850          F 
140070                          1                   0.0001000           14874               851.99              17.46               30.07               7299303.00          4                   1.02                3.91                3.91                8764.00             4.683843            -60.280731          F 
140040                          1                   0.0001000           14874               851.99              17.46               30.07               7299303.00          9                   1.09                8.23                8.24                9364.00             3.878942            -60.064912          F 
140017                          1                   0.0001000           14874               851.99              17.46               30.07               7299303.00          485                 1.72                282.53              286.57              14707.00            2.272838            -60.542067          F 
140015                          1                   0.0001000           14874               851.99              17.46               30.07               7299303.00          42                  1.31                32.16               32.20               11188.00            2.787148            -60.100125          F 
140020                          1                   0.0001000           14874               851.99              17.46               30.07               7299303.00          78                  2.22                35.14               35.21               19019.00            0.990862            -61.471950          F 
140060                          1                   0.0001000           14874               851.99              17.46               30.07               7299303.00          7                   0.81                8.61                8.61                6968.00             0.884349            -60.151701          F 
140047                          1                   0.0001000           14874               851.99              17.46               30.07               7299303.00          36                  2.96                12.18               12.19               25319.00            0.0378310           -61.010414          F 
140050                          1                   0.0001000           14874               851.99              17.46               30.07               7299303.00          19                  0.82                23.18               23.19               7023.00             0.635650            -59.844809          F 
140023                          1                   0.0001000           14874               851.99              17.46               30.07               7299303.00          1                   0.99                1.01                1.01                8480.00             0.914772            -59.338066          F 
130040                          1                   0.0001000           14874               851.99              17.46               30.07               7299303.00          27                  3.03                8.91                8.92                25948.00            -0.465180           -63.434588          F 
130360                          1                   0.0001000           14874               851.99              17.46               30.07               7299303.00          4                   2.25                1.78                1.78                19292.00            -0.318566           -65.522058          F 
130353                          1                   0.0001000           14874               851.99              17.46               30.07               7299303.00          47                  3.34                14.05               14.07               28652.00            -1.372564           -59.988741          F 
130430                          1                   0.0001000           14874               851.99              17.46               30.07               7299303.00          1                   1.97                0.51                0.51                16902.00            -0.893871           -59.029898          F 
130320                          1                   0.0001000           14874               851.99              17.46               30.07               7299303.00          25                  1.81                13.83               13.84               15489.00            -2.046996           -61.701836          F 
150530                          1                   0.0001000           14874               851.99              17.46               30.07               7299303.00          0                   7.58                0                   0                   64978.00            0.255032            -57.149736          F 
130380                          1                   0.0001000           14874               851.99              17.46               30.07               7299303.00          57                  4.56                12.49               12.51               39097.00            0.374453            -67.997697          F 
130280                          1                   0.0001000           14874               851.99              17.46               30.07               7299303.00          23                  2.05                11.20               11.21               17596.00            -2.428415           -65.038109          F 
130260                          1                   0.0001000           14874               851.99              17.46               30.07               7299303.00          186                 217.32              0.86                0.86                1861838.00          -2.626021           -60.259483          F 
150300                          1                   0.0001000           14874               851.99              17.46               30.07               7299303.00          0                   0.92                0                   0                   7897.00             -1.158833           -57.806300          F 
130395                          1                   0.0001000           14874               851.99              17.46               30.07               7299303.00          1                   1.31                0.76                0.76                11241.00            -1.946118           -58.702338          F 
130083                          1                   0.0001000           14874               851.99              17.46               30.07               7299303.00          24                  1.32                18.19               18.20               11303.00            -3.081969           -61.877491          F 
130356                          1                   0.0001000           14874               851.99              17.46               30.07               7299303.00          106                 3.15                33.70               33.80               26948.00            -2.529891           -59.638156          F 
130130                          1                   0.0001000           14874               851.99              17.46               30.07               7299303.00          5                   2.81                1.78                1.78                24067.00            -3.289026           -62.972665          F 
130185                          1                   0.0001000           14874               851.99              17.46               30.07               7299303.00          243                 4.90                49.63               49.98               41947.00            -3.095148           -60.480667          F 
130250                          1                   0.0001000           14874               851.99              17.46               30.07               7299303.00          5                   10.15               0.49                0.49                86985.00            -3.291606           -60.958222          F 
130300                          1                   0.0001000           14874               851.99              17.46               30.07               7299303.00          0                   2.19                0                   0                   18720.00            -1.680483           -57.656536          F 
130008                          1                   0.0001000           14874               851.99              17.46               30.07               7299303.00          0                   1.26                0                   0                   10766.00            -3.502503           -61.716696          F 
130200                          1                   0.0001000           14874               851.99              17.46               30.07               7299303.00          1                   0.97                1.03                1.03                8348.00             -2.498704           -58.619577          F 
130160                          1                   0.0001000           14874               851.99              17.46               30.07               7299303.00          81                  2.71                29.91               29.98               23198.00            -2.492180           -66.358452          F 
130426                          1                   0.0001000           14874               851.99              17.46               30.07               7299303.00          19                  1.42                13.41               13.42               12139.00            -3.167038           -65.411879          F 
130115                          1                   0.0001000           14874               851.99              17.46               30.07               7299303.00          39                  2.91                13.40               13.41               24937.00            -3.286228           -59.599493          F 
130400                          1                   0.0001000           14874               851.99              17.46               30.07               7299303.00          2                   1.00                2.01                2.01                8544.00             -2.822093           -58.536128          F 
130255                          1                   0.0001000           14874               851.99              17.46               30.07               7299303.00          15                  2.84                5.28                5.28                24325.00            -3.779354           -60.697327          F 
150510                          1                   0.0001000           14874               851.99              17.46               30.07               7299303.00          4                   5.81                0.69                0.69                49763.00            -0.170427           -55.674947          F 
130190                          1                   0.0001000           14874               851.99              17.46               30.07               7299303.00          59                  10.40               5.68                5.68                89064.00            -3.174662           -58.777136          F 
130110                          1                   0.0001000           14874               851.99              17.46               30.07               7299303.00          39                  3.91                9.97                9.98                33517.00            -3.770658           -60.183093          F 
130010                          1                   0.0001000           14874               851.99              17.46               30.07               7299303.00          1                   1.99                0.50                0.50                17072.00            -4.186645           -62.073001          F 
130002                          1                   0.0001000           14874               851.99              17.46               30.07               7299303.00          93                  1.68                55.40               55.55               14381.00            -3.701122           -65.330652          F 
130210                          1                   0.0001000           14874               851.99              17.46               30.07               7299303.00          12                  0.87                13.80               13.81               7448.00             -1.698117           -68.320288          F 
130440                          1                   0.0001000           14874               851.99              17.46               30.07               7299303.00          0                   2.18                0                   0                   18679.00            -2.812240           -57.770143          F 
130030                          1                   0.0001000           14874               851.99              17.46               30.07               7299303.00          41                  3.89                10.54               10.56               33312.00            -3.788879           -59.528635          F 
130220                          1                   0.0001000           14874               851.99              17.46               30.07               7299303.00          46                  1.34                34.45               34.50               11439.00            -3.524623           -66.306825          F 
150797                          1                   0.0001000           14874               851.99              17.46               30.07               7299303.00          0                   2.02                0                   0                   17305.00            -1.952134           -56.458364          F 
130120                          1                   0.0001000           14874               851.99              17.46               30.07               7299303.00          64                  9.02                7.09                7.10                77305.00            -4.437162           -64.124619          F 
130068                          1                   0.0001000           14874               851.99              17.46               30.07               7299303.00          0                   1.83                0                   0                   15659.00            -3.138082           -57.669942          F 
130063                          1                   0.0001000           14874               851.99              17.46               30.07               7299303.00          4                   1.89                2.12                2.12                16158.00            -4.603475           -61.787364          F 
130423                          1                   0.0001000           14874               851.99              17.46               30.07               7299303.00          5                   2.02                2.47                2.47                17316.00            -2.691643           -67.827923          F 
130340                          1                   0.0001000           14874               851.99              17.46               30.07               7299303.00          1                   12.12               0.083               0.082               103828.00           -2.688407           -56.854026          F 
150040                          1                   0.0001000           14874               851.99              17.46               30.07               7299303.00          7                   6.23                1.12                1.12                53369.00            -0.536230           -55.069883          F 
130310                          1                   0.0001000           14874               851.99              17.46               30.07               7299303.00          3                   3.71                0.81                0.81                31749.00            -3.988364           -58.601783          F 
130050                          1                   0.0001000           14874               851.99              17.46               30.07               7299303.00          0                   3.28                0                   0                   28077.00            -3.129157           -57.172390          F 
130420                          1                   0.0001000           14874               851.99              17.46               30.07               7299303.00          66                  7.12                9.27                9.29                61000.00            -4.468383           -65.529278          F 
150390                          1                   0.0001000           14874               851.99              17.46               30.07               7299303.00          0                   5.78                0                   0                   49486.00            -2.622585           -56.221232          F 
130080                          1                   0.0001000           14874               851.99              17.46               30.07               7299303.00          103                 4.19                24.57               24.64               35919.00            -4.957034           -59.534428          F 
150285                          1                   0.0001000           14874               851.99              17.46               30.07               7299303.00          2                   1.48                1.35                1.35                12712.00            -1.845743           -55.113264          F 
150050                          1                   0.0001000           14874               851.99              17.46               30.07               7299303.00          5                   3.92                1.28                1.28                33563.00            0.284350            -53.893460          F 
130006                          1                   0.0001000           14874               851.99              17.46               30.07               7299303.00          9                   1.14                7.87                7.87                9794.00             -3.418321           -68.287308          F 
150480                          1                   0.0001000           14874               851.99              17.46               30.07               7299303.00          0                   6.51                0                   0                   55804.00            -1.119762           -54.365806          F 
160027                          1                   0.0001000           14874               851.99              17.46               30.07               7299303.00          41                  4.86                8.43                8.44                41668.00            1.096940            -53.306000          F 
130370                          1                   0.0001000           14874               851.99              17.46               30.07               7299303.00          49                  2.91                16.87               16.89               24890.00            -3.051175           -69.087897          F 
130290                          1                   0.0001000           14874               851.99              17.46               30.07               7299303.00          41                  6.31                6.50                6.50                54079.00            -4.984990           -58.060916          F 
150100                          1                   0.0001000           14874               851.99              17.46               30.07               7299303.00          3                   1.86                1.62                1.62                15899.00            -3.667209           -56.016450          F 
150680                          1                   0.0001000           14874               851.99              17.46               30.07               7299303.00          6                   34.95               0.17                0.17                299419.00           -2.764647           -55.093854          F 
130100                          1                   0.0001000           14874               851.99              17.46               30.07               7299303.00          17                  3.05                5.57                5.58                26130.00            -5.118832           -67.337382          F 
130410                          1                   0.0001000           14874               851.99              17.46               30.07               7299303.00          14                  2.09                6.70                6.70                17903.00            -6.104509           -64.893865          F 
150145                          1                   0.0001000           14874               851.99              17.46               30.07               7299303.00          0                   1.94                0                   0                   16579.00            -3.191161           -54.992826          F 
160015                          1                   0.0001000           14874               851.99              17.46               30.07               7299303.00          283                 1.38                205.58              207.28              11794.00            1.157828            -52.523712          F 
130270                          1                   0.0001000           14874               851.99              17.46               30.07               7299303.00          62                  5.65                10.98               11.00               48373.00            -6.459804           -61.446481          F 
130230                          1                   0.0001000           14874               851.99              17.46               30.07               7299303.00          12                  2.14                5.62                5.62                18293.00            -4.713108           -68.403854          F 
160005                          1                   0.0001000           14874               851.99              17.46               30.07               7299303.00          69                  0.53                130.07              130.33              4545.00             1.649528            -52.270468          F 
160050                          1                   0.0001000           14874               851.99              17.46               30.07               7299303.00          56                  2.53                22.15               22.18               21661.00            3.088524            -51.904801          F 
150600                          1                   0.0001000           14874               851.99              17.46               30.07               7299303.00          81                  3.42                23.66               23.72               29325.00            -2.120276           -53.660235          F 
130406                          1                   0.0001000           14874               851.99              17.46               30.07               7299303.00          686                 6.35                107.96              110.14              54440.00            -4.027765           -69.681346          F 
130330                          1                   0.0001000           14874               851.99              17.46               30.07               7299303.00          24                  2.58                9.30                9.31                22106.00            -6.825051           -60.477192          F 
150619                          1                   0.0001000           14874               851.99              17.46               30.07               7299303.00          2                   4.95                0.40                0.40                42417.00            -4.241022           -55.210827          F 
130390                          1                   0.0001000           14874               851.99              17.46               30.07               7299303.00          147                 3.81                38.54               38.70               32677.00            -4.497836           -69.450565          F 
150805                          1                   0.0001000           14874               851.99              17.46               30.07               7299303.00          7                   2.02                3.47                3.47                17303.00            -5.130084           -56.003417          F 
150565                          1                   0.0001000           14874               851.99              17.46               30.07               7299303.00          18                  2.98                6.04                6.04                25526.00            -3.889977           -54.500599          F 
160020                          1                   0.0001000           14874               851.99              17.46               30.07               7299303.00          53                  1.09                48.60               48.67               9343.00             2.430849            -51.404322          F 
130170                          1                   0.0001000           14874               851.99              17.46               30.07               7299303.00          7                   5.36                1.31                1.31                45954.00            -7.362897           -62.485394          F 
160040                          1                   0.0001000           14874               851.99              17.46               30.07               7299303.00          330                 2.08                158.89              160.42              17794.00            -0.0730322          -51.943908          F 
160053                          1                   0.0001000           14874               851.99              17.46               30.07               7299303.00          386                 2.06                187.05              189.17              17680.00            0.587711            -51.673569          F 
130090                          1                   0.0001000           14874               851.99              17.46               30.07               7299303.00          56                  1.63                34.30               34.36               13986.00            -7.403346           -64.096665          F 
150360                          1                   0.0001000           14874               851.99              17.46               30.07               7299303.00          1341                11.43               117.34              122.08              97908.00            -5.871333           -56.496545          F 
150815                          1                   0.0001000           14874               851.99              17.46               30.07               7299303.00          3                   5.22                0.57                0.57                44727.00            -3.583648           -53.807296          F 
160055                          1                   0.0001000           14874               851.99              17.46               30.07               7299303.00          5                   0.47                10.65               10.65               4021.00             1.625299            -51.277065          F 
160023                          1                   0.0001000           14874               851.99              17.46               30.07               7299303.00          123                 0.72                171.60              172.21              6141.00             0.958713            -51.419182          F 
160080                          1                   0.0001000           14874               851.99              17.46               30.07               7299303.00          8                   1.52                5.27                5.27                13013.00            -0.997903           -52.061167          F 
150590                          1                   0.0001000           14874               851.99              17.46               30.07               7299303.00          23                  4.15                5.55                5.55                35529.00            -2.184494           -52.547960          F 
150445                          1                   0.0001000           14874               851.99              17.46               30.07               7299303.00          30                  3.29                9.11                9.11                28227.00            -3.160218           -53.194916          F 
160060                          1                   0.0001000           14874               851.99              17.46               30.07               7299303.00          97                  12.19               7.96                7.98                104407.00           0.128476            -51.379449          F 
160070                          1                   0.0001000           14874               851.99              17.46               30.07               7299303.00          122                 1.56                78.09               78.36               13385.00            1.294034            -50.985687          F 
130195                          1                   0.0001000           14874               851.99              17.46               30.07               7299303.00          7                   0.93                7.51                7.51                7983.00             -6.682874           -68.114036          F 
130014                          1                   0.0001000           14874               851.99              17.46               30.07               7299303.00          4                   2.17                1.84                1.84                18633.00            -7.759871           -59.431439          F 
150310                          1                   0.0001000           14874               851.99              17.46               30.07               7299303.00          2                   3.50                0.57                0.57                29963.00            -1.151921           -51.555276          F 
160010                          1                   0.0001000           14874               851.99              17.46               30.07               7299303.00          3                   0.96                3.13                3.13                8213.00             1.764026            -50.581371          F 
150172                          1                   0.0001000           14874               851.99              17.46               30.07               7299303.00          6                   0.21                28.62               28.63               1796.00             -3.292151           -52.685423          F 
130060                          1                   0.0001000           14874               851.99              17.46               30.07               7299303.00          128                 4.08                31.38               31.49               34950.00            -5.429327           -70.278296          F 
160030                          1                   0.0001000           14874               851.99              17.46               30.07               7299303.00          52                  48.50               1.07                1.07                415554.00           0.554818            -50.700863          F 
160025                          1                   0.0001000           14874               851.99              17.46               30.07               7299303.00          4                   0.52                7.66                7.66                4473.00             0.532233            -50.651554          F 
160021                          1                   0.0001000           14874               851.99              17.46               30.07               7299303.00          8                   0.57                13.96               13.96               4910.00             1.030315            -50.483699          F 
150375                          1                   0.0001000           14874               851.99              17.46               30.07               7299303.00          102                 4.84                21.06               21.12               41487.00            -7.445178           -57.302829          F 
150030                          1                   0.0001000           14874               851.99              17.46               30.07               7299303.00          66                  4.19                15.76               15.79               35879.00            -0.263841           -50.727746          F 
150835                          1                   0.0001000           14874               851.99              17.46               30.07               7299303.00          77                  1.61                47.88               47.99               13777.00            -3.141047           -51.973342          F 
150450                          1                   0.0001000           14874               851.99              17.46               30.07               7299303.00          12                  2.96                4.05                4.05                25374.00            -1.607856           -51.104066          F 
130240                          1                   0.0001000           14874               851.99              17.46               30.07               7299303.00          28                  4.55                6.15                6.15                39022.00            -8.375880           -65.812244          F 
110080                          1                   0.0001000           14874               851.99              17.46               30.07               7299303.00          490                 2.43                201.95              204.87              20787.00            -8.887011           -63.325581          F 
150180                          1                   0.0001000           14874               851.99              17.46               30.07               7299303.00          321                 11.06               29.02               29.28               94779.00            -1.121333           -50.628584          F 
130350                          1                   0.0001000           14874               851.99              17.46               30.07               7299303.00          63                  2.14                29.45               29.50               18329.00            -7.757795           -68.197229          F 
110094                          1                   0.0001000           14874               851.99              17.46               30.07               7299303.00          93                  2.01                46.16               46.28               17262.00            -9.170974           -62.565037          F 
110110                          1                   0.0001000           14874               851.99              17.46               30.07               7299303.00          70                  1.03                67.92               68.05               8830.00             -9.170195           -63.044988          F 
110013                          1                   0.0001000           14874               851.99              17.46               30.07               7299303.00          159                 3.78                42.04               42.23               32403.00            -9.204070           -62.010294          F 
110020                          1                   0.0001000           14874               851.99              17.46               30.07               7299303.00          561                 51.67               10.86               11.02               442701.00           -9.153039           -64.305489          F 
150580                          1                   0.0001000           14874               851.99              17.46               30.07               7299303.00          102                 6.34                16.09               16.14               54306.00            -2.565541           -50.955536          F 
150250                          1                   0.0001000           14874               851.99              17.46               30.07               7299303.00          757                 2.52                300.85              307.62              21557.00            -0.0296229          -49.829440          F 
510325                          1                   0.0001000           14874               851.99              17.46               30.07               7299303.00          1                   3.36                0.30                0.30                28810.00            -9.292283           -60.305531          F 
130020                          1                   0.0001000           14874               851.99              17.46               30.07               7299303.00          340                 1.86                182.92              184.75              15924.00            -5.711940           -71.742673          F 
150780                          1                   0.0001000           14874               851.99              17.46               30.07               7299303.00          206                 1.48                139.61              140.45              12641.00            -4.171559           -51.773388          F 
130140                          1                   0.0001000           14874               851.99              17.46               30.07               7299303.00          248                 3.66                67.74               68.23               31364.00            -7.022778           -70.222033          F 
150070                          1                   0.0001000           14874               851.99              17.46               30.07               7299303.00          1039                3.00                345.94              356.72              25731.00            -0.827103           -49.962044          F 
510080                          1                   0.0001000           14874               851.99              17.46               30.07               7299303.00          27                  1.03                26.12               26.14               8855.00             -8.753341           -57.827599          F 
150060                          1                   0.0001000           14874               851.99              17.46               30.07               7299303.00          82                  11.95               6.86                6.88                102343.00           -6.486303           -53.886671          F 
110026                          1                   0.0001000           14874               851.99              17.46               30.07               7299303.00          33                  0.39                83.79               83.87               3374.00             -9.645106           -62.790311          F 
110040                          1                   0.0001000           14874               851.99              17.46               30.07               7299303.00          33                  2.07                15.94               15.95               17742.00            -9.649274           -63.394283          F 
110175                          1                   0.0001000           14874               851.99              17.46               30.07               7299303.00          12                  1.12                10.67               10.68               9633.00             -9.732685           -61.939355          F 
150280                          1                   0.0001000           14874               851.99              17.46               30.07               7299303.00          153                 3.48                43.93               44.12               29838.00            -1.583580           -49.988115          F 
150085                          1                   0.0001000           14874               851.99              17.46               30.07               7299303.00          385                 2.59                148.41              150.08              22225.00            -3.997294           -51.301209          F 
150503                          1                   0.0001000           14874               851.99              17.46               30.07               7299303.00          57                  2.94                19.42               19.45               25151.00            -8.062463           -55.612052          F 
130150                          1                   0.0001000           14874               851.99              17.46               30.07               7299303.00          21                  1.98                10.63               10.64               16923.00            -7.573750           -70.054927          F 
150110                          1                   0.0001000           14874               851.99              17.46               30.07               7299303.00          426                 2.96                143.70              145.50              25398.00            -2.372794           -50.181886          F 
110002                          1                   0.0001000           14874               851.99              17.46               30.07               7299303.00          31                  10.83               2.86                2.87                92747.00            -9.951979           -62.957373          F 
130070                          1                   0.0001000           14874               851.99              17.46               30.07               7299303.00          1                   3.64                0.27                0.27                31171.00            -8.772979           -68.047540          F 
150770                          1                   0.0001000           14874               851.99              17.46               30.07               7299303.00          16                  2.77                5.78                5.79                23696.00            -1.434046           -49.680194          F 
510337                          1                   0.0001000           14874               851.99              17.46               30.07               7299303.00          0                   1.86                0                   0                   15912.00            -9.536841           -58.677801          F 
150640                          1                   0.0001000           14874               851.99              17.46               30.07               7299303.00          34                  1.00                33.90               33.93               8593.00             -0.583158           -49.314290          F 
110160                          1                   0.0001000           14874               851.99              17.46               30.07               7299303.00          0                   1.23                0                   0                   10575.00            -10.121814          -62.342289          F 
110045                          1                   0.0001000           14874               851.99              17.46               30.07               7299303.00          29                  3.90                7.44                7.44                33397.00            -10.052159          -63.941154          F 
150520                          1                   0.0001000           14874               851.99              17.46               30.07               7299303.00          329                 3.43                95.87               96.79               29402.00            -2.278960           -49.902322          F 
150548                          1                   0.0001000           14874               851.99              17.46               30.07               7299303.00          829                 4.86                170.51              174.71              41654.00            -3.684058           -50.631545          F 
110140                          1                   0.0001000           14874               851.99              17.46               30.07               7299303.00          15                  1.67                8.98                8.98                14313.00            -10.210793          -63.372281          F 
150490                          1                   0.0001000           14874               851.99              17.46               30.07               7299303.00          101                 4.15                24.36               24.43               35524.00            -1.355540           -49.309395          F 
110060                          1                   0.0001000           14874               851.99              17.46               30.07               7299303.00          1                   0.68                1.48                1.48                5791.00             -10.331685          -62.987180          F 
150400                          1                   0.0001000           14874               851.99              17.46               30.07               7299303.00          83                  3.02                27.51               27.58               25846.00            -1.864288           -49.469256          F 
110180                          1                   0.0001000           14874               851.99              17.46               30.07               7299303.00          2                   0.93                2.15                2.15                7961.00             -10.384134          -62.093876          F 
130180                          1                   0.0001000           14874               851.99              17.46               30.07               7299303.00          142                 2.74                51.86               52.07               23460.00            -7.181162           -71.415929          F 
510140                          1                   0.0001000           14874               851.99              17.46               30.07               7299303.00          18                  2.26                7.97                7.98                19344.00            -10.187963          -59.839297          F 
510615                          1                   0.0001000           14874               851.99              17.46               30.07               7299303.00          3                   1.44                2.08                2.08                12352.00            -9.768714           -58.076318          F 
150570                          1                   0.0001000           14874               851.99              17.46               30.07               7299303.00          338                 3.16                106.84              107.90              27103.00            -1.117579           -49.077239          F 
150812                          2                   0.0001000           2303                436.47              5.28                5.58                3739410.00          3                   5.48                0.55                0.55                46979.00            -3.809797           -47.493553          F 
210542                          2                   0.0001000           2303                436.47              5.28                5.58                3739410.00          0                   2.93                0                   0                   25125.00            -4.271325           -47.260573          F 
150293                          2                   0.0001000           2303                436.47              5.28                5.58                3739410.00          0                   6.20                0                   0                   53100.00            -4.186537           -47.898194          F 
150550                          2                   0.0001000           2303                436.47              5.28                5.58                3739410.00          151                 11.79               12.80               12.85               101046.00           -3.203446           -47.603092          F 
210005                          2                   0.0001000           2303                436.47              5.28                5.58                3739410.00          0                   12.42               0                   0                   106422.00           -4.785872           -47.332250          F 
210200                          2                   0.0001000           2303                436.47              5.28                5.58                3739410.00          0                   4.64                0                   0                   39740.00            -3.900294           -46.418166          F 
150345                          2                   0.0001000           2303                436.47              5.28                5.58                3739410.00          265                 6.02                44.03               44.36               51569.00            -2.805973           -47.921740          F 
210203                          2                   0.0001000           2303                436.47              5.28                5.58                3739410.00          1                   3.53                0.28                0.28                30259.00            -4.600704           -46.688724          F 
211102                          2                   0.0001000           2303                436.47              5.28                5.58                3739410.00          0                   1.82                0                   0                   15631.00            -3.559519           -46.392487          F 
150618                          2                   0.0001000           2303                436.47              5.28                5.58                3739410.00          60                  5.61                10.70               10.72               48036.00            -4.517001           -48.459948          F 
210317                          2                   0.0001000           2303                436.47              5.28                5.58                3739410.00          1                   2.33                0.43                0.43                19947.00            -3.086137           -46.538028          F 
210325                          2                   0.0001000           2303                436.47              5.28                5.58                3739410.00          0                   1.63                0                   0                   13963.00            -5.057171           -47.829843          F 
210232                          2                   0.0001000           2303                436.47              5.28                5.58                3739410.00          4                   7.86                0.51                0.51                67378.00            -4.493661           -46.342388          F 
211085                          2                   0.0001000           2303                436.47              5.28                5.58                3739410.00          0                   1.25                0                   0                   10745.00            -5.158471           -47.353530          F 
211285                          2                   0.0001000           2303                436.47              5.28                5.58                3739410.00          0                   1.39                0                   0                   11946.00            -5.074890           -48.080618          F 
150800                          2                   0.0001000           2303                436.47              5.28                5.58                3739410.00          24                  6.76                3.55                3.55                57914.00            -2.635991           -48.267573          F 
210550                          2                   0.0001000           2303                436.47              5.28                5.58                3739410.00          0                   2.75                0                   0                   23561.00            -5.227371           -47.182857          F 
150013                          2                   0.0001000           2303                436.47              5.28                5.58                3739410.00          0                   0.81                0                   0                   6905.00             -4.957467           -48.424677          F 
210047                          2                   0.0001000           2303                436.47              5.28                5.58                3739410.00          0                   3.64                0                   0                   31190.00            -3.880456           -46.007745          F 
150309                          2                   0.0001000           2303                436.47              5.28                5.58                3739410.00          442                 4.12                107.28              108.66              35299.00            -4.027408           -49.005681          F 
210530                          2                   0.0001000           2303                436.47              5.28                5.58                3739410.00          0                   29.19               0                   0                   250063.00           -5.339671           -47.575263          F 
150795                          2                   0.0001000           2303                436.47              5.28                5.58                3739410.00          41                  9.98                4.11                4.11                85468.00            -2.907824           -48.736640          F 
150495                          2                   0.0001000           2303                436.47              5.28                5.58                3739410.00          3                   2.38                1.26                1.26                20350.00            -2.392513           -46.899644          F 
211176                          2                   0.0001000           2303                436.47              5.28                5.58                3739410.00          0                   1.69                0                   0                   14447.00            -5.325134           -47.107834          F 
171880                          2                   0.0001000           2303                436.47              5.28                5.58                3739410.00          0                   0.47                0                   0                   4025.00             -5.329724           -47.918762          F 
211153                          2                   0.0001000           2303                436.47              5.28                5.58                3739410.00          0                   1.42                0                   0                   12195.00            -5.133802           -48.369497          F 
150095                          2                   0.0001000           2303                436.47              5.28                5.58                3739410.00          1                   3.22                0.31                0.31                27576.00            -2.231219           -47.726444          F 
170389                          2                   0.0001000           2303                436.47              5.28                5.58                3739410.00          0                   0.44                0                   0                   3759.00             -5.336437           -48.010822          F 
211400                          2                   0.0001000           2303                436.47              5.28                5.58                3739410.00          0                   6.08                0                   0                   52059.00            -3.275512           -45.968477          F 
210465                          2                   0.0001000           2303                436.47              5.28                5.58                3739410.00          0                   1.19                0                   0                   10166.00            -3.421759           -45.920143          F 
172030                          2                   0.0001000           2303                436.47              5.28                5.58                3739410.00          0                   0.51                0                   0                   4376.00             -5.240695           -48.331520          F 
170380                          2                   0.0001000           2303                436.47              5.28                5.58                3739410.00          0                   1.17                0                   0                   10059.00            -5.337853           -48.137952          F 
211000                          2                   0.0001000           2303                436.47              5.28                5.58                3739410.00          1                   8.75                0.11                0.11                74943.00            -4.325910           -45.885268          F 
171830                          2                   0.0001000           2303                436.47              5.28                5.58                3739410.00          0                   0.91                0                   0                   7792.00             -5.472478           -47.783323          F 
150307                          2                   0.0001000           2303                436.47              5.28                5.58                3739410.00          2                   2.94                0.68                0.68                25157.00            -2.168291           -47.075261          F 
172020                          2                   0.0001000           2303                436.47              5.28                5.58                3739410.00          0                   1.26                0                   0                   10783.00            -5.542702           -47.595382          F 
210060                          2                   0.0001000           2303                436.47              5.28                5.58                3739410.00          0                   4.55                0                   0                   38953.00            -5.285725           -46.573078          F 
170255                          2                   0.0001000           2303                436.47              5.28                5.58                3739410.00          0                   1.91                0                   0                   16401.00            -5.497871           -47.929361          F 
210235                          2                   0.0001000           2303                436.47              5.28                5.58                3739410.00          0                   1.74                0                   0                   14930.00            -5.518122           -47.061504          F 
150157                          2                   0.0001000           2303                436.47              5.28                5.58                3739410.00          4                   1.82                2.19                2.19                15629.00            -5.054285           -48.763593          F 
150230                          2                   0.0001000           2303                436.47              5.28                5.58                3739410.00          1                   6.09                0.16                0.16                52214.00            -2.043740           -47.234217          F 
210735                          2                   0.0001000           2303                436.47              5.28                5.58                3739410.00          0                   2.29                0                   0                   19659.00            -2.896221           -45.955324          F 
210375                          2                   0.0001000           2303                436.47              5.28                5.58                3739410.00          0                   1.47                0                   0                   12625.00            -5.598304           -47.300223          F 
150405                          2                   0.0001000           2303                436.47              5.28                5.58                3739410.00          0                   3.30                0                   0                   28290.00            -1.990967           -47.512595          F 
172080                          2                   0.0001000           2303                436.47              5.28                5.58                3739410.00          0                   1.06                0                   0                   9097.00             -5.630039           -47.686391          F 
170740                          2                   0.0001000           2303                436.47              5.28                5.58                3739410.00          0                   1.14                0                   0                   9756.00             -5.326535           -48.540410          F 
210087                          2                   0.0001000           2303                436.47              5.28                5.58                3739410.00          0                   1.37                0                   0                   11703.00            -3.079638           -45.787376          F 
170290                          2                   0.0001000           2303                436.47              5.28                5.58                3739410.00          0                   1.09                0                   0                   9343.00             -5.645508           -47.766281          F 
150380                          2                   0.0001000           2303                436.47              5.28                5.58                3739410.00          73                  6.19                11.80               11.82               52993.00            -4.598468           -49.181178          F 
150178                          2                   0.0001000           2303                436.47              5.28                5.58                3739410.00          50                  6.48                7.72                7.73                55521.00            -3.733432           -49.370902          F 
211227                          2                   0.0001000           2303                436.47              5.28                5.58                3739410.00          1                   0.66                1.52                1.52                5651.00             -3.757538           -45.581194          F 
210455                          2                   0.0001000           2303                436.47              5.28                5.58                3739410.00          0                   1.94                0                   0                   16651.00            -5.718646           -47.324990          F 
150470                          2                   0.0001000           2303                436.47              5.28                5.58                3739410.00          541                 8.47                63.84               64.85               72597.00            -2.683914           -49.073983          F 
150720                          2                   0.0001000           2303                436.47              5.28                5.58                3739410.00          5                   3.53                1.42                1.42                30215.00            -1.883708           -47.771736          F 
170220                          2                   0.0001000           2303                436.47              5.28                5.58                3739410.00          0                   3.75                0                   0                   32133.00            -5.665337           -48.105949          F 
210095                          2                   0.0001000           2303                436.47              5.28                5.58                3739410.00          0                   3.70                0                   0                   31729.00            -5.060040           -45.954318          F 
210315                          2                   0.0001000           2303                436.47              5.28                5.58                3739410.00          0                   1.40                0                   0                   11979.00            -2.367505           -46.128105          F 
150275                          2                   0.0001000           2303                436.47              5.28                5.58                3739410.00          1                   3.42                0.29                0.29                29313.00            -1.883885           -47.974776          F 
171070                          2                   0.0001000           2303                436.47              5.28                5.58                3739410.00          0                   0.70                0                   0                   5976.00             -5.803729           -47.596510          F 
150020                          2                   0.0001000           2303                436.47              5.28                5.58                3739410.00          9                   6.28                1.43                1.43                53787.00            -2.035421           -48.411423          F 
150350                          2                   0.0001000           2303                436.47              5.28                5.58                3739410.00          0                   3.68                0                   0                   31492.00            -1.812345           -47.399582          F 
210040                          2                   0.0001000           2303                436.47              5.28                5.58                3739410.00          0                   1.33                0                   0                   11381.00            -4.168960           -45.503735          F 
210215                          2                   0.0001000           2303                436.47              5.28                5.58                3739410.00          12                  0.58                20.72               20.73               4962.00             -4.369485           -45.549445          F 
210637                          2                   0.0001000           2303                436.47              5.28                5.58                3739410.00          0                   1.70                0                   0                   14524.00            -2.452057           -45.988295          F 
150750                          2                   0.0001000           2303                436.47              5.28                5.58                3739410.00          7                   1.55                4.51                4.51                13293.00            -5.447389           -48.696990          F 
210850                          2                   0.0001000           2303                436.47              5.28                5.58                3739410.00          0                   3.69                0                   0                   31609.00            -3.691451           -45.437504          F 
210990                          2                   0.0001000           2303                436.47              5.28                5.58                3739410.00          0                   9.19                0                   0                   78733.00            -3.871839           -45.434294          F 
150497                          2                   0.0001000           2303                436.47              5.28                5.58                3739410.00          18                  1.76                10.24               10.24               15065.00            -4.980996           -49.230674          F 
210700                          2                   0.0001000           2303                436.47              5.28                5.58                3739410.00          0                   1.08                0                   0                   9272.00             -5.858256           -47.041181          F 
150195                          2                   0.0001000           2303                436.47              5.28                5.58                3739410.00          83                  3.29                25.26               25.32               28153.00            -1.991029           -46.439673          F 
211003                          2                   0.0001000           2303                436.47              5.28                5.58                3739410.00          0                   2.69                0                   0                   23035.00            -2.539736           -45.792268          F 
210635                          2                   0.0001000           2303                436.47              5.28                5.58                3739410.00          0                   0.90                0                   0                   7751.00             -4.736924           -45.558563          F 
150175                          2                   0.0001000           2303                436.47              5.28                5.58                3739410.00          0                   0.85                0                   0                   7295.00             -5.735954           -48.432343          F 
210955                          2                   0.0001000           2303                436.47              5.28                5.58                3739410.00          0                   0.87                0                   0                   7444.00             -5.961096           -47.313774          F 
210690                          2                   0.0001000           2303                436.47              5.28                5.58                3739410.00          0                   3.70                0                   0                   31717.00            -3.479863           -45.320156          F 
172010                          2                   0.0001000           2303                436.47              5.28                5.58                3739410.00          0                   0.55                0                   0                   4740.00             -5.974795           -47.939574          F 
171280                          2                   0.0001000           2303                436.47              5.28                5.58                3739410.00          0                   0.37                0                   0                   3200.00             -6.024203           -47.589794          F 
210825                          2                   0.0001000           2303                436.47              5.28                5.58                3739410.00          1                   2.74                0.37                0.37                23454.00            -2.989105           -45.429993          F 
211300                          2                   0.0001000           2303                436.47              5.28                5.58                3739410.00          0                   3.70                0                   0                   31709.00            -4.243861           -45.312642          F 
150715                          2                   0.0001000           2303                436.47              5.28                5.58                3739410.00          3                   2.75                1.09                1.09                23602.00            -5.657874           -48.730479          F 
210177                          2                   0.0001000           2303                436.47              5.28                5.58                3739410.00          0                   1.44                0                   0                   12335.00            -3.758452           -45.264977          F 
150655                          2                   0.0001000           2303                436.47              5.28                5.58                3739410.00          0                   2.27                0                   0                   19428.00            -1.657453           -46.927109          F 
211172                          2                   0.0001000           2303                436.47              5.28                5.58                3739410.00          1                   1.47                0.68                0.68                12600.00            -3.938769           -45.259330          F 
210810                          2                   0.0001000           2303                436.47              5.28                5.58                3739410.00          2                   2.39                0.84                0.84                20454.00            -4.519491           -45.361569          F 
150190                          2                   0.0001000           2303                436.47              5.28                5.58                3739410.00          0                   3.08                0                   0                   26400.00            -1.634175           -48.088935          F 
150760                          2                   0.0001000           2303                436.47              5.28                5.58                3739410.00          2                   6.20                0.32                0.32                53108.00            -1.552591           -47.611298          F 
210830                          2                   0.0001000           2303                436.47              5.28                5.58                3739410.00          0                   4.20                0                   0                   35996.00            -3.251174           -45.285441          F 
210923                          2                   0.0001000           2303                436.47              5.28                5.58                3739410.00          0                   0.77                0                   0                   6564.00             -2.318820           -45.773469          F 
210535                          2                   0.0001000           2303                436.47              5.28                5.58                3739410.00          0                   1.53                0                   0                   13103.00            -5.145868           -45.640663          F 
150549                          2                   0.0001000           2303                436.47              5.28                5.58                3739410.00          0                   0.87                0                   0                   7465.00             -5.926997           -48.370291          F 
150120                          2                   0.0001000           2303                436.47              5.28                5.58                3739410.00          50                  4.58                10.91               10.92               39263.00            -3.129242           -49.698861          F 
150810                          2                   0.0001000           2303                436.47              5.28                5.58                3739410.00          118                 11.75               10.04               10.08               100651.00           -3.855790           -49.820813          F 
150460                          2                   0.0001000           2303                436.47              5.28                5.58                3739410.00          4                   3.23                1.24                1.24                27666.00            -2.576520           -49.465753          F 
210565                          2                   0.0001000           2303                436.47              5.28                5.58                3739410.00          1                   0.44                2.26                2.26                3792.00             -1.917746           -46.115749          F 
150540                          2                   0.0001000           2303                436.47              5.28                5.58                3739410.00          0                   1.94                0                   0                   16601.00            -1.496053           -47.139522          F 
210598                          2                   0.0001000           2303                436.47              5.28                5.58                3739410.00          0                   0.83                0                   0                   7106.00             -6.103953           -46.924755          F 
210632                          2                   0.0001000           2303                436.47              5.28                5.58                3739410.00          2                   2.32                0.86                0.86                19887.00            -1.982063           -45.992607          F 
210596                          2                   0.0001000           2303                436.47              5.28                5.58                3739410.00          0                   1.46                0                   0                   12501.00            -4.929942           -45.400875          F 
210515                          2                   0.0001000           2303                436.47              5.28                5.58                3739410.00          0                   1.52                0                   0                   13052.00            -3.650085           -45.119947          F 
210255                          2                   0.0001000           2303                436.47              5.28                5.58                3739410.00          0                   1.59                0                   0                   13649.00            -6.176187           -47.263755          F 
150340                          2                   0.0001000           2303                436.47              5.28                5.58                3739410.00          0                   1.21                0                   0                   10393.00            -1.464844           -47.923111          F 
210740                          2                   0.0001000           2303                436.47              5.28                5.58                3739410.00          0                   2.20                0                   0                   18816.00            -4.094537           -45.120265          F 
150330                          2                   0.0001000           2303                436.47              5.28                5.58                3739410.00          6                   6.88                0.87                0.87                58904.00            -2.062684           -49.130853          F 
210870                          2                   0.0001000           2303                436.47              5.28                5.58                3739410.00          0                   2.53                0                   0                   21708.00            -3.851378           -45.093343          F 
171245                          2                   0.0001000           2303                436.47              5.28                5.58                3739410.00          0                   0.32                0                   0                   2713.00             -6.206258           -47.830401          F 
210467                          2                   0.0001000           2303                436.47              5.28                5.58                3739410.00          4                   2.96                1.35                1.35                25323.00            -2.061555           -45.818133          F 
150160                          2                   0.0001000           2303                436.47              5.28                5.58                3739410.00          0                   1.66                0                   0                   14207.00            -1.387175           -47.302176          F 
210197                          2                   0.0001000           2303                436.47              5.28                5.58                3739410.00          4                   0.98                4.09                4.09                8375.00             -1.762813           -46.178716          F 
150660                          2                   0.0001000           2303                436.47              5.28                5.58                3739410.00          0                   2.73                0                   0                   23355.00            -1.374399           -47.521540          F 
172120                          2                   0.0001000           2303                436.47              5.28                5.58                3739410.00          0                   2.64                0                   0                   22596.00            -6.256965           -47.537582          F 
210927                          2                   0.0001000           2303                436.47              5.28                5.58                3739410.00          5                   2.06                2.42                2.42                17686.00            -2.586560           -45.361129          F 
210480                          2                   0.0001000           2303                436.47              5.28                5.58                3739410.00          1                   7.53                0.13                0.13                64510.00            -5.823099           -46.054675          F 
210547                          2                   0.0001000           2303                436.47              5.28                5.58                3739410.00          0                   1.84                0                   0                   15733.00            -5.390799           -45.575691          F 
210570                          2                   0.0001000           2303                436.47              5.28                5.58                3739410.00          0                   5.52                0                   0                   47298.00            -4.753793           -45.182696          F 
210250                          2                   0.0001000           2303                436.47              5.28                5.58                3739410.00          0                   2.17                0                   0                   18603.00            -3.382683           -45.030399          F 
150010                          2                   0.0001000           2303                436.47              5.28                5.58                3739410.00          1                   16.86               0.059               0.059               144415.00           -1.730297           -48.883073          F 
150830                          2                   0.0001000           2303                436.47              5.28                5.58                3739410.00          4                   6.72                0.60                0.60                57566.00            -1.532521           -46.455573          F 
170100                          2                   0.0001000           2303                436.47              5.28                5.58                3739410.00          0                   1.14                0                   0                   9768.00             -6.232422           -48.187246          F 
210980                          2                   0.0001000           2303                436.47              5.28                5.58                3739410.00          14                  4.71                2.97                2.97                40356.00            -2.426092           -45.383311          F 
210207                          2                   0.0001000           2303                436.47              5.28                5.58                3739410.00          0                   1.79                0                   0                   15314.00            -4.346562           -45.020966          F 
150650                          2                   0.0001000           2303                436.47              5.28                5.58                3739410.00          2                   7.23                0.28                0.28                61919.00            -1.365116           -48.129247          F 
171430                          2                   0.0001000           2303                436.47              5.28                5.58                3739410.00          0                   0.50                0                   0                   4271.00             -6.330341           -47.781024          F 
150210                          2                   0.0001000           2303                436.47              5.28                5.58                3739410.00          274                 14.52               18.87               19.01               124411.00           -2.253113           -49.513615          F 
