1                   140005                          3.078187            -62.755259          1584.06             2005/7/1          2005/12/31        173                 94879.189299        0.0001000           44027               2520.31             17.47               30.42               6893483.00          F 
2                   150812                          -3.809797           -47.493553          258.09              2005/5/1          2005/10/31        92                  3842.534869         0.0001000           4630                919.90              5.03                5.23                2516074.00          F 
3                   210290                          -1.348704           -46.026931          82.54               2005/5/1          2005/10/31        12                  813.294825          0.0001000           690                 89.10               7.74                7.79                243703.00           F 
4                   510677                          -10.825476          -51.712660          287.70              2005/1/1          2005/6/30         31                  216.203440          0.0001000           373                 100.81              3.70                3.71                280291.00           F 
5                   210420                          -5.668344           -44.029543          0                   2005/4/1          2005/8/31         1                   72.605568           0.0001000           48                  4.25                11.29               11.29               13986.00            F 
6                   210355                          -3.798051           -44.838213          0                   2005/7/1          2005/11/30        1                   52.212763           0.0001000           34                  2.94                11.58               11.58               9659.00             F 
7                   210840                          -2.571722           -44.895419          56.53               2005/8/1          2005/9/30         15                  48.881562           0.0001000           114                 38.20               2.98                2.99                315124.00           F 
8                   510624                          -12.990775          -54.766813          0                   2005/11/1         2005/12/31        1                   42.911626           0.0001000           20                  0.90                22.21               22.21               7430.00             F 
9                   510385                          -12.996255          -53.455995          0                   2005/1/1          2005/3/31         1                   38.359423           0.0001000           19                  0.98                19.44               19.44               5465.00             F 
10                  320517                          -18.966407          -40.330989          0                   2005/1/1          2005/2/28         1                   31.250433           0.0001000           20                  1.68                11.92               11.93               14307.00            F 
11                  210510                          -2.621285           -43.870540          0                   2005/4/1          2005/9/30         1                   24.666420           0.0002000           35                  8.00                4.38                4.38                21996.00            F 
12                  210880                          -3.782860           -44.172777          33.77               2005/6/1          2005/7/31         3                   19.240258           0.0003000           24                  4.85                4.95                4.95                39992.00            F 
13                  353720                          -24.163782          -47.163716          0                   2005/10/1         2005/11/30        1                   10.230775           0.6803              9                   1.22                7.40                7.40                10033.00            F 
14                  211107                          -5.040153           -43.766617          0                   2005/3/1          2005/4/30         1                   8.113487            0.9980              10                  2.00                5.01                5.01                16462.00            F 
