140002                          1                   0.0001000           17303               1127.13             15.35               24.09               7002247.00          106                 1.48                71.45               71.61               9217.00             3.732874            -62.436863          F 
140005                          1                   0.0001000           17303               1127.13             15.35               24.09               7002247.00          98                  2.63                37.23               37.31               16351.00            3.078187            -62.755259          F 
140030                          1                   0.0001000           17303               1127.13             15.35               24.09               7002247.00          104                 2.36                44.12               44.22               14644.00            2.510145            -61.983632          F 
140028                          1                   0.0001000           17303               1127.13             15.35               24.09               7002247.00          110                 1.39                79.18               79.36               8631.00             2.186649            -62.468913          F 
140045                          1                   0.0001000           17303               1127.13             15.35               24.09               7002247.00          25                  1.67                14.94               14.95               10394.00            4.168751            -60.839425          F 
140010                          1                   0.0001000           17303               1127.13             15.35               24.09               7002247.00          19                  45.32               0.42                0.42                281538.00           3.117964            -60.717850          F 
140070                          1                   0.0001000           17303               1127.13             15.35               24.09               7002247.00          14                  1.35                10.39               10.39               8372.00             4.683843            -60.280731          F 
140040                          1                   0.0001000           17303               1127.13             15.35               24.09               7002247.00          21                  1.43                14.67               14.68               8891.00             3.878942            -60.064912          F 
140017                          1                   0.0001000           17303               1127.13             15.35               24.09               7002247.00          1104                2.22                497.90              510.19              13775.00            2.272838            -60.542067          F 
140015                          1                   0.0001000           17303               1127.13             15.35               24.09               7002247.00          88                  1.74                50.62               50.71               10801.00            2.787148            -60.100125          F 
140020                          1                   0.0001000           17303               1127.13             15.35               24.09               7002247.00          172                 2.93                58.71               58.93               18200.00            0.990862            -61.471950          F 
140060                          1                   0.0001000           17303               1127.13             15.35               24.09               7002247.00          11                  1.07                10.26               10.26               6660.00             0.884349            -60.151701          F 
140047                          1                   0.0001000           17303               1127.13             15.35               24.09               7002247.00          65                  3.85                16.90               16.92               23895.00            0.0378310           -61.010414          F 
140050                          1                   0.0001000           17303               1127.13             15.35               24.09               7002247.00          14                  1.07                13.11               13.11               6635.00             0.635650            -59.844809          F 
140023                          1                   0.0001000           17303               1127.13             15.35               24.09               7002247.00          9                   1.28                7.01                7.01                7977.00             0.914772            -59.338066          F 
130040                          1                   0.0001000           17303               1127.13             15.35               24.09               7002247.00          29                  3.39                8.55                8.56                21065.00            -0.465180           -63.434588          F 
130360                          1                   0.0001000           17303               1127.13             15.35               24.09               7002247.00          167                 2.88                58.04               58.25               17876.00            -0.318566           -65.522058          F 
130353                          1                   0.0001000           17303               1127.13             15.35               24.09               7002247.00          106                 4.34                24.45               24.50               26933.00            -1.372564           -59.988741          F 
130430                          1                   0.0001000           17303               1127.13             15.35               24.09               7002247.00          18                  2.73                6.59                6.60                16960.00            -0.893871           -59.029898          F 
130320                          1                   0.0001000           17303               1127.13             15.35               24.09               7002247.00          45                  2.35                19.14               19.16               14604.00            -2.046996           -61.701836          F 
150530                          1                   0.0001000           17303               1127.13             15.35               24.09               7002247.00          3                   10.08               0.30                0.30                62617.00            0.255032            -57.149736          F 
130380                          1                   0.0001000           17303               1127.13             15.35               24.09               7002247.00          87                  6.06                14.35               14.38               37663.00            0.374453            -67.997697          F 
130280                          1                   0.0001000           17303               1127.13             15.35               24.09               7002247.00          39                  2.81                13.88               13.89               17455.00            -2.428415           -65.038109          F 
130260                          1                   0.0001000           17303               1127.13             15.35               24.09               7002247.00          218                 288.69              0.76                0.75                1793443.00          -2.626021           -60.259483          F 
150300                          1                   0.0001000           17303               1127.13             15.35               24.09               7002247.00          2                   1.31                1.53                1.53                8136.00             -1.158833           -57.806300          F 
130395                          1                   0.0001000           17303               1127.13             15.35               24.09               7002247.00          31                  1.72                18.03               18.04               10680.00            -1.946118           -58.702338          F 
130083                          1                   0.0001000           17303               1127.13             15.35               24.09               7002247.00          15                  1.76                8.54                8.54                10918.00            -3.081969           -61.877491          F 
130356                          1                   0.0001000           17303               1127.13             15.35               24.09               7002247.00          172                 4.09                42.03               42.19               25421.00            -2.529891           -59.638156          F 
130130                          1                   0.0001000           17303               1127.13             15.35               24.09               7002247.00          7                   3.72                1.88                1.88                23117.00            -3.289026           -62.972665          F 
130185                          1                   0.0001000           17303               1127.13             15.35               24.09               7002247.00          199                 6.54                30.42               30.55               40642.00            -3.095148           -60.480667          F 
130250                          1                   0.0001000           17303               1127.13             15.35               24.09               7002247.00          70                  13.66               5.12                5.13                84870.00            -3.291606           -60.958222          F 
130300                          1                   0.0001000           17303               1127.13             15.35               24.09               7002247.00          2                   2.93                0.68                0.68                18233.00            -1.680483           -57.656536          F 
130008                          1                   0.0001000           17303               1127.13             15.35               24.09               7002247.00          4                   1.64                2.45                2.45                10161.00            -3.502503           -61.716696          F 
130200                          1                   0.0001000           17303               1127.13             15.35               24.09               7002247.00          7                   1.30                5.39                5.39                8067.00             -2.498704           -58.619577          F 
130160                          1                   0.0001000           17303               1127.13             15.35               24.09               7002247.00          14                  3.67                3.81                3.82                22803.00            -2.492180           -66.358452          F 
130426                          1                   0.0001000           17303               1127.13             15.35               24.09               7002247.00          26                  1.88                13.81               13.82               11693.00            -3.167038           -65.411879          F 
130115                          1                   0.0001000           17303               1127.13             15.35               24.09               7002247.00          41                  3.85                10.65               10.66               23916.00            -3.286228           -59.599493          F 
130400                          1                   0.0001000           17303               1127.13             15.35               24.09               7002247.00          27                  1.35                20.05               20.06               8366.00             -2.822093           -58.536128          F 
130255                          1                   0.0001000           17303               1127.13             15.35               24.09               7002247.00          38                  3.65                10.40               10.40               22706.00            -3.779354           -60.697327          F 
150510                          1                   0.0001000           17303               1127.13             15.35               24.09               7002247.00          1                   7.88                0.13                0.13                48957.00            -0.170427           -55.674947          F 
130190                          1                   0.0001000           17303               1127.13             15.35               24.09               7002247.00          199                 13.91               14.31               14.37               86395.00            -3.174662           -58.777136          F 
130110                          1                   0.0001000           17303               1127.13             15.35               24.09               7002247.00          192                 5.25                36.55               36.70               32634.00            -3.770658           -60.183093          F 
130010                          1                   0.0001000           17303               1127.13             15.35               24.09               7002247.00          5                   2.62                1.91                1.91                16301.00            -4.186645           -62.073001          F 
130002                          1                   0.0001000           17303               1127.13             15.35               24.09               7002247.00          144                 2.26                63.66               63.86               14053.00            -3.701122           -65.330652          F 
130210                          1                   0.0001000           17303               1127.13             15.35               24.09               7002247.00          4                   1.17                3.42                3.42                7272.00             -1.698117           -68.320288          F 
130440                          1                   0.0001000           17303               1127.13             15.35               24.09               7002247.00          1                   2.83                0.35                0.35                17597.00            -2.812240           -57.770143          F 
130030                          1                   0.0001000           17303               1127.13             15.35               24.09               7002247.00          184                 5.14                35.83               35.97               31903.00            -3.788879           -59.528635          F 
130220                          1                   0.0001000           17303               1127.13             15.35               24.09               7002247.00          14                  1.74                8.05                8.05                10802.00            -3.524623           -66.306825          F 
150797                          1                   0.0001000           17303               1127.13             15.35               24.09               7002247.00          0                   2.72                0                   0                   16877.00            -1.952134           -56.458364          F 
130120                          1                   0.0001000           17303               1127.13             15.35               24.09               7002247.00          74                  12.13               6.10                6.11                75372.00            -4.437162           -64.124619          F 
130068                          1                   0.0001000           17303               1127.13             15.35               24.09               7002247.00          1                   2.40                0.42                0.42                14887.00            -3.138082           -57.669942          F 
130063                          1                   0.0001000           17303               1127.13             15.35               24.09               7002247.00          12                  2.49                4.82                4.82                15472.00            -4.603475           -61.787364          F 
130423                          1                   0.0001000           17303               1127.13             15.35               24.09               7002247.00          3                   2.75                1.09                1.09                17054.00            -2.691643           -67.827923          F 
130340                          1                   0.0001000           17303               1127.13             15.35               24.09               7002247.00          3                   16.29               0.18                0.18                101218.00           -2.688407           -56.854026          F 
150040                          1                   0.0001000           17303               1127.13             15.35               24.09               7002247.00          9                   8.43                1.07                1.07                52393.00            -0.536230           -55.069883          F 
130310                          1                   0.0001000           17303               1127.13             15.35               24.09               7002247.00          7                   4.81                1.46                1.46                29858.00            -3.988364           -58.601783          F 
130050                          1                   0.0001000           17303               1127.13             15.35               24.09               7002247.00          3                   4.38                0.69                0.69                27196.00            -3.129157           -57.172390          F 
130420                          1                   0.0001000           17303               1127.13             15.35               24.09               7002247.00          85                  9.85                8.63                8.64                61198.00            -4.468383           -65.529278          F 
150390                          1                   0.0001000           17303               1127.13             15.35               24.09               7002247.00          0                   7.41                0                   0                   46054.00            -2.622585           -56.221232          F 
130080                          1                   0.0001000           17303               1127.13             15.35               24.09               7002247.00          104                 5.62                18.51               18.55               34896.00            -4.957034           -59.534428          F 
150285                          1                   0.0001000           17303               1127.13             15.35               24.09               7002247.00          1                   1.97                0.51                0.51                12248.00            -1.845743           -55.113264          F 
150050                          1                   0.0001000           17303               1127.13             15.35               24.09               7002247.00          1                   5.37                0.19                0.19                33374.00            0.284350            -53.893460          F 
130006                          1                   0.0001000           17303               1127.13             15.35               24.09               7002247.00          3                   1.51                1.98                1.98                9393.00             -3.418321           -68.287308          F 
150480                          1                   0.0001000           17303               1127.13             15.35               24.09               7002247.00          1                   8.90                0.11                0.11                55260.00            -1.119762           -54.365806          F 
160027                          1                   0.0001000           17303               1127.13             15.35               24.09               7002247.00          12                  6.38                1.88                1.88                39662.00            1.096940            -53.306000          F 
130370                          1                   0.0001000           17303               1127.13             15.35               24.09               7002247.00          0                   3.92                0                   0                   24361.00            -3.051175           -69.087897          F 
130290                          1                   0.0001000           17303               1127.13             15.35               24.09               7002247.00          33                  8.38                3.94                3.94                52064.00            -4.984990           -58.060916          F 
150100                          1                   0.0001000           17303               1127.13             15.35               24.09               7002247.00          2                   2.53                0.79                0.79                15734.00            -3.667209           -56.016450          F 
150680                          1                   0.0001000           17303               1127.13             15.35               24.09               7002247.00          4                   47.17               0.085               0.085               293064.00           -2.764647           -55.093854          F 
130100                          1                   0.0001000           17303               1127.13             15.35               24.09               7002247.00          2                   4.14                0.48                0.48                25697.00            -5.118832           -67.337382          F 
130410                          1                   0.0001000           17303               1127.13             15.35               24.09               7002247.00          62                  3.06                20.26               20.29               19011.00            -6.104509           -64.893865          F 
150145                          1                   0.0001000           17303               1127.13             15.35               24.09               7002247.00          0                   2.60                0                   0                   16133.00            -3.191161           -54.992826          F 
160015                          1                   0.0001000           17303               1127.13             15.35               24.09               7002247.00          179                 1.65                108.23              108.65              10275.00            1.157828            -52.523712          F 
130270                          1                   0.0001000           17303               1127.13             15.35               24.09               7002247.00          150                 7.50                20.00               20.06               46596.00            -6.459804           -61.446481          F 
130230                          1                   0.0001000           17303               1127.13             15.35               24.09               7002247.00          20                  2.88                6.94                6.94                17911.00            -4.713108           -68.403854          F 
160005                          1                   0.0001000           17303               1127.13             15.35               24.09               7002247.00          45                  0.70                64.21               64.27               4354.00             1.649528            -52.270468          F 
160050                          1                   0.0001000           17303               1127.13             15.35               24.09               7002247.00          104                 3.22                32.33               32.41               19982.00            3.088524            -51.904801          F 
150600                          1                   0.0001000           17303               1127.13             15.35               24.09               7002247.00          45                  4.69                9.59                9.60                29142.00            -2.120276           -53.660235          F 
130406                          1                   0.0001000           17303               1127.13             15.35               24.09               7002247.00          75                  8.34                8.99                9.00                51838.00            -4.027765           -69.681346          F 
130330                          1                   0.0001000           17303               1127.13             15.35               24.09               7002247.00          97                  3.44                28.21               28.27               21360.00            -6.825051           -60.477192          F 
150619                          1                   0.0001000           17303               1127.13             15.35               24.09               7002247.00          4                   6.30                0.64                0.63                39133.00            -4.241022           -55.210827          F 
130390                          1                   0.0001000           17303               1127.13             15.35               24.09               7002247.00          23                  5.04                4.56                4.57                31312.00            -4.497836           -69.450565          F 
150805                          1                   0.0001000           17303               1127.13             15.35               24.09               7002247.00          6                   2.68                2.24                2.24                16677.00            -5.130084           -56.003417          F 
150565                          1                   0.0001000           17303               1127.13             15.35               24.09               7002247.00          13                  3.77                3.45                3.45                23432.00            -3.889977           -54.500599          F 
160020                          1                   0.0001000           17303               1127.13             15.35               24.09               7002247.00          64                  1.45                44.23               44.29               8989.00             2.430849            -51.404322          F 
130170                          1                   0.0001000           17303               1127.13             15.35               24.09               7002247.00          49                  7.08                6.92                6.93                43974.00            -7.362897           -62.485394          F 
160040                          1                   0.0001000           17303               1127.13             15.35               24.09               7002247.00          116                 2.72                42.60               42.70               16917.00            -0.0730322          -51.943908          F 
160053                          1                   0.0001000           17303               1127.13             15.35               24.09               7002247.00          304                 2.69                112.99              113.74              16715.00            0.587711            -51.673569          F 
130090                          1                   0.0001000           17303               1127.13             15.35               24.09               7002247.00          80                  2.05                39.02               39.08               12738.00            -7.403346           -64.096665          F 
150360                          1                   0.0001000           17303               1127.13             15.35               24.09               7002247.00          1002                15.39               65.10               66.53               95626.00            -5.871333           -56.496545          F 
150815                          1                   0.0001000           17303               1127.13             15.35               24.09               7002247.00          14                  7.10                1.97                1.97                44113.00            -3.583648           -53.807296          F 
160055                          1                   0.0001000           17303               1127.13             15.35               24.09               7002247.00          4                   0.60                6.64                6.64                3741.00             1.625299            -51.277065          F 
160023                          1                   0.0001000           17303               1127.13             15.35               24.09               7002247.00          124                 0.93                134.04              134.40              5747.00             0.958713            -51.419182          F 
160080                          1                   0.0001000           17303               1127.13             15.35               24.09               7002247.00          2                   1.97                1.02                1.02                12240.00            -0.997903           -52.061167          F 
150590                          1                   0.0001000           17303               1127.13             15.35               24.09               7002247.00          155                 5.40                28.73               28.82               33517.00            -2.184494           -52.547960          F 
150445                          1                   0.0001000           17303               1127.13             15.35               24.09               7002247.00          81                  4.34                18.64               18.67               26991.00            -3.160218           -53.194916          F 
160060                          1                   0.0001000           17303               1127.13             15.35               24.09               7002247.00          128                 16.20               7.90                7.92                100626.00           0.128476            -51.379449          F 
160070                          1                   0.0001000           17303               1127.13             15.35               24.09               7002247.00          36                  2.02                17.86               17.87               12524.00            1.294034            -50.985687          F 
130195                          1                   0.0001000           17303               1127.13             15.35               24.09               7002247.00          4                   1.28                3.11                3.11                7981.00             -6.682874           -68.114036          F 
130014                          1                   0.0001000           17303               1127.13             15.35               24.09               7002247.00          12                  2.89                4.16                4.16                17939.00            -7.759871           -59.431439          F 
150310                          1                   0.0001000           17303               1127.13             15.35               24.09               7002247.00          1                   4.67                0.21                0.21                29006.00            -1.151921           -51.555276          F 
160010                          1                   0.0001000           17303               1127.13             15.35               24.09               7002247.00          2                   1.29                1.55                1.55                8027.00             1.764026            -50.581371          F 
150172                          1                   0.0001000           17303               1127.13             15.35               24.09               7002247.00          43                  2.51                17.12               17.13               15608.00            -3.292151           -52.685423          F 
130060                          1                   0.0001000           17303               1127.13             15.35               24.09               7002247.00          22                  5.32                4.13                4.14                33060.00            -5.429327           -70.278296          F 
160030                          1                   0.0001000           17303               1127.13             15.35               24.09               7002247.00          97                  63.66               1.52                1.52                395465.00           0.554818            -50.700863          F 
160025                          1                   0.0001000           17303               1127.13             15.35               24.09               7002247.00          2                   0.68                2.94                2.94                4230.00             0.532233            -50.651554          F 
160021                          1                   0.0001000           17303               1127.13             15.35               24.09               7002247.00          3                   0.75                3.99                3.99                4674.00             1.030315            -50.483699          F 
150375                          1                   0.0001000           17303               1127.13             15.35               24.09               7002247.00          208                 1.94                107.40              107.89              12031.00            -7.445178           -57.302829          F 
150030                          1                   0.0001000           17303               1127.13             15.35               24.09               7002247.00          22                  5.62                3.91                3.91                34943.00            -0.263841           -50.727746          F 
150835                          1                   0.0001000           17303               1127.13             15.35               24.09               7002247.00          93                  2.13                43.75               43.84               13205.00            -3.141047           -51.973342          F 
150450                          1                   0.0001000           17303               1127.13             15.35               24.09               7002247.00          84                  3.98                21.11               21.14               24726.00            -1.607856           -51.104066          F 
130240                          1                   0.0001000           17303               1127.13             15.35               24.09               7002247.00          43                  6.02                7.15                7.15                37386.00            -8.375880           -65.812244          F 
110080                          1                   0.0001000           17303               1127.13             15.35               24.09               7002247.00          795                 3.17                250.95              255.37              19681.00            -8.887011           -63.325581          F 
150180                          1                   0.0001000           17303               1127.13             15.35               24.09               7002247.00          250                 14.79               16.91               16.99               91872.00            -1.121333           -50.628584          F 
130350                          1                   0.0001000           17303               1127.13             15.35               24.09               7002247.00          74                  2.91                25.43               25.47               18081.00            -7.757795           -68.197229          F 
110094                          1                   0.0001000           17303               1127.13             15.35               24.09               7002247.00          244                 2.53                96.56               97.07               15699.00            -9.170974           -62.565037          F 
110110                          1                   0.0001000           17303               1127.13             15.35               24.09               7002247.00          100                 1.36                73.58               73.74               8443.00             -9.170195           -63.044988          F 
110013                          1                   0.0001000           17303               1127.13             15.35               24.09               7002247.00          309                 4.99                61.88               62.30               31020.00            -9.204070           -62.010294          F 
110020                          1                   0.0001000           17303               1127.13             15.35               24.09               7002247.00          1096                68.02               16.11               16.48               422555.00           -9.153039           -64.305489          F 
150580                          1                   0.0001000           17303               1127.13             15.35               24.09               7002247.00          37                  8.35                4.43                4.44                51848.00            -2.565541           -50.955536          F 
150250                          1                   0.0001000           17303               1127.13             15.35               24.09               7002247.00          141                 3.38                41.78               41.90               20968.00            -0.0296229          -49.829440          F 
510325                          1                   0.0001000           17303               1127.13             15.35               24.09               7002247.00          7                   4.18                1.68                1.68                25950.00            -9.292283           -60.305531          F 
130020                          1                   0.0001000           17303               1127.13             15.35               24.09               7002247.00          165                 2.43                67.98               68.23               15078.00            -5.711940           -71.742673          F 
150780                          1                   0.0001000           17303               1127.13             15.35               24.09               7002247.00          193                 2.09                92.24               92.62               12999.00            -4.171559           -51.773388          F 
130140                          1                   0.0001000           17303               1127.13             15.35               24.09               7002247.00          14                  4.91                2.85                2.85                30513.00            -7.022778           -70.222033          F 
150070                          1                   0.0001000           17303               1127.13             15.35               24.09               7002247.00          582                 3.97                146.63              148.51              24658.00            -0.827103           -49.962044          F 
510080                          1                   0.0001000           17303               1127.13             15.35               24.09               7002247.00          7                   1.32                5.30                5.31                8198.00             -8.753341           -57.827599          F 
150060                          1                   0.0001000           17303               1127.13             15.35               24.09               7002247.00          125                 15.80               7.91                7.93                98183.00            -6.486303           -53.886671          F 
110026                          1                   0.0001000           17303               1127.13             15.35               24.09               7002247.00          99                  0.53                187.17              187.57              3286.00             -9.645106           -62.790311          F 
110040                          1                   0.0001000           17303               1127.13             15.35               24.09               7002247.00          155                 2.75                56.27               56.46               17112.00            -9.649274           -63.394283          F 
110175                          1                   0.0001000           17303               1127.13             15.35               24.09               7002247.00          42                  1.51                27.87               27.90               9362.00             -9.732685           -61.939355          F 
150280                          1                   0.0001000           17303               1127.13             15.35               24.09               7002247.00          337                 4.51                74.72               75.27               28018.00            -1.583580           -49.988115          F 
150085                          1                   0.0001000           17303               1127.13             15.35               24.09               7002247.00          98                  3.28                29.87               29.93               20382.00            -3.997294           -51.301209          F 
150503                          1                   0.0001000           17303               1127.13             15.35               24.09               7002247.00          106                 4.01                26.45               26.51               24899.00            -8.062463           -55.612052          F 
130150                          1                   0.0001000           17303               1127.13             15.35               24.09               7002247.00          14                  2.63                5.33                5.33                16319.00            -7.573750           -70.054927          F 
150110                          1                   0.0001000           17303               1127.13             15.35               24.09               7002247.00          531                 3.52                150.86              152.63              21866.00            -2.372794           -50.181886          F 
110002                          1                   0.0001000           17303               1127.13             15.35               24.09               7002247.00          168                 14.45               11.63               11.67               89766.00            -9.951979           -62.957373          F 
130070                          1                   0.0001000           17303               1127.13             15.35               24.09               7002247.00          2                   4.90                0.41                0.41                30445.00            -8.772979           -68.047540          F 
150770                          1                   0.0001000           17303               1127.13             15.35               24.09               7002247.00          28                  3.68                7.62                7.62                22837.00            -1.434046           -49.680194          F 
510337                          1                   0.0001000           17303               1127.13             15.35               24.09               7002247.00          2                   2.41                0.83                0.83                14953.00            -9.536841           -58.677801          F 
150640                          1                   0.0001000           17303               1127.13             15.35               24.09               7002247.00          181                 1.31                138.19              138.74              8137.00             -0.583158           -49.314290          F 
110160                          1                   0.0001000           17303               1127.13             15.35               24.09               7002247.00          18                  1.66                10.82               10.82               10335.00            -10.121814          -62.342289          F 
110045                          1                   0.0001000           17303               1127.13             15.35               24.09               7002247.00          93                  5.19                17.91               17.94               32264.00            -10.052159          -63.941154          F 
150520                          1                   0.0001000           17303               1127.13             15.35               24.09               7002247.00          1590                4.60                345.44              357.85              28595.00            -2.278960           -49.902322          F 
150548                          1                   0.0001000           17303               1127.13             15.35               24.09               7002247.00          1225                6.37                192.43              197.70              39549.00            -3.684058           -50.631545          F 
110140                          1                   0.0001000           17303               1127.13             15.35               24.09               7002247.00          60                  2.26                26.59               26.62               14019.00            -10.210793          -63.372281          F 
150490                          1                   0.0001000           17303               1127.13             15.35               24.09               7002247.00          89                  5.48                16.24               16.27               34052.00            -1.355540           -49.309395          F 
110060                          1                   0.0001000           17303               1127.13             15.35               24.09               7002247.00          13                  0.92                14.11               14.11               5724.00             -10.331685          -62.987180          F 
150400                          1                   0.0001000           17303               1127.13             15.35               24.09               7002247.00          61                  4.02                15.16               15.18               24991.00            -1.864288           -49.469256          F 
110180                          1                   0.0001000           17303               1127.13             15.35               24.09               7002247.00          0                   1.32                0                   0                   8195.00             -10.384134          -62.093876          F 
130180                          1                   0.0001000           17303               1127.13             15.35               24.09               7002247.00          8                   3.57                2.24                2.24                22179.00            -7.181162           -71.415929          F 
510140                          1                   0.0001000           17303               1127.13             15.35               24.09               7002247.00          29                  2.96                9.79                9.80                18398.00            -10.187963          -59.839297          F 
510615                          1                   0.0001000           17303               1127.13             15.35               24.09               7002247.00          10                  1.87                5.34                5.34                11636.00            -9.768714           -58.076318          F 
150570                          1                   0.0001000           17303               1127.13             15.35               24.09               7002247.00          156                 4.14                37.69               37.81               25715.00            -1.117579           -49.077239          F 
150812                          2                   0.0001000           3939                432.15              9.11                9.88                2714377.00          21                  6.86                3.06                3.06                43070.00            -3.809797           -47.493553          F 
210542                          2                   0.0001000           3939                432.15              9.11                9.88                2714377.00          2                   3.94                0.51                0.51                24760.00            -4.271325           -47.260573          F 
150293                          2                   0.0001000           3939                432.15              9.11                9.88                2714377.00          6                   8.08                0.74                0.74                50741.00            -4.186537           -47.898194          F 
150550                          2                   0.0001000           3939                432.15              9.11                9.88                2714377.00          384                 15.47               24.82               25.02               97182.00            -3.203446           -47.603092          F 
210005                          2                   0.0001000           3939                432.15              9.11                9.88                2714377.00          0                   16.52               0                   0                   103752.00           -4.785872           -47.332250          F 
210200                          2                   0.0001000           3939                432.15              9.11                9.88                2714377.00          6                   6.21                0.97                0.97                38980.00            -3.900294           -46.418166          F 
150345                          2                   0.0001000           3939                432.15              9.11                9.88                2714377.00          514                 8.16                63.01               63.72               51234.00            -2.805973           -47.921740          F 
210203                          2                   0.0001000           3939                432.15              9.11                9.88                2714377.00          7                   4.48                1.56                1.56                28118.00            -4.600704           -46.688724          F 
211102                          2                   0.0001000           3939                432.15              9.11                9.88                2714377.00          2                   1.96                1.02                1.02                12280.00            -3.559519           -46.392487          F 
150618                          2                   0.0001000           3939                432.15              9.11                9.88                2714377.00          89                  7.45                11.95               11.97               46787.00            -4.517001           -48.459948          F 
210317                          2                   0.0001000           3939                432.15              9.11                9.88                2714377.00          7                   2.80                2.50                2.50                17591.00            -3.086137           -46.538028          F 
210325                          2                   0.0001000           3939                432.15              9.11                9.88                2714377.00          0                   2.17                0                   0                   13638.00            -5.057171           -47.829843          F 
210232                          2                   0.0001000           3939                432.15              9.11                9.88                2714377.00          3                   10.34               0.29                0.29                64957.00            -4.493661           -46.342388          F 
211085                          2                   0.0001000           3939                432.15              9.11                9.88                2714377.00          0                   1.63                0                   0                   10220.00            -5.158471           -47.353530          F 
211285                          2                   0.0001000           3939                432.15              9.11                9.88                2714377.00          1                   1.78                0.56                0.56                11200.00            -5.074890           -48.080618          F 
150800                          2                   0.0001000           3939                432.15              9.11                9.88                2714377.00          33                  8.93                3.69                3.70                56114.00            -2.635991           -48.267573          F 
210550                          2                   0.0001000           3939                432.15              9.11                9.88                2714377.00          0                   3.24                0                   0                   20355.00            -5.227371           -47.182857          F 
150013                          2                   0.0001000           3939                432.15              9.11                9.88                2714377.00          0                   1.08                0                   0                   6754.00             -4.957467           -48.424677          F 
210047                          2                   0.0001000           3939                432.15              9.11                9.88                2714377.00          0                   4.94                0                   0                   31046.00            -3.880456           -46.007745          F 
150309                          2                   0.0001000           3939                432.15              9.11                9.88                2714377.00          1227                4.83                254.06              261.04              30335.00            -4.027408           -49.005681          F 
210530                          2                   0.0001000           3939                432.15              9.11                9.88                2714377.00          1                   39.22               0.026               0.025               246317.00           -5.339671           -47.575263          F 
150795                          2                   0.0001000           3939                432.15              9.11                9.88                2714377.00          30                  12.56               2.39                2.39                78878.00            -2.907824           -48.736640          F 
150495                          2                   0.0001000           3939                432.15              9.11                9.88                2714377.00          55                  3.20                17.21               17.23               20077.00            -2.392513           -46.899644          F 
211176                          2                   0.0001000           3939                432.15              9.11                9.88                2714377.00          0                   2.84                0                   0                   17807.00            -5.325134           -47.107834          F 
171880                          2                   0.0001000           3939                432.15              9.11                9.88                2714377.00          0                   0.62                0                   0                   3864.00             -5.329724           -47.918762          F 
211153                          2                   0.0001000           3939                432.15              9.11                9.88                2714377.00          0                   1.91                0                   0                   12028.00            -5.133802           -48.369497          F 
150095                          2                   0.0001000           3939                432.15              9.11                9.88                2714377.00          22                  4.22                5.22                5.22                26494.00            -2.231219           -47.726444          F 
170389                          2                   0.0001000           3939                432.15              9.11                9.88                2714377.00          1                   0.59                1.70                1.70                3688.00             -5.336437           -48.010822          F 
211400                          2                   0.0001000           3939                432.15              9.11                9.88                2714377.00          4                   7.97                0.50                0.50                50075.00            -3.275512           -45.968477          F 
210465                          2                   0.0001000           3939                432.15              9.11                9.88                2714377.00          1                   1.90                0.53                0.53                11910.00            -3.421759           -45.920143          F 
172030                          2                   0.0001000           3939                432.15              9.11                9.88                2714377.00          1                   0.68                1.47                1.47                4280.00             -5.240695           -48.331520          F 
170380                          2                   0.0001000           3939                432.15              9.11                9.88                2714377.00          0                   1.55                0                   0                   9752.00             -5.337853           -48.137952          F 
211000                          2                   0.0001000           3939                432.15              9.11                9.88                2714377.00          3                   11.75               0.26                0.26                73809.00            -4.325910           -45.885268          F 
171830                          2                   0.0001000           3939                432.15              9.11                9.88                2714377.00          0                   1.22                0                   0                   7653.00             -5.472478           -47.783323          F 
150307                          2                   0.0001000           3939                432.15              9.11                9.88                2714377.00          26                  3.96                6.56                6.56                24893.00            -2.168291           -47.075261          F 
172020                          2                   0.0001000           3939                432.15              9.11                9.88                2714377.00          0                   1.67                0                   0                   10466.00            -5.542702           -47.595382          F 
210060                          2                   0.0001000           3939                432.15              9.11                9.88                2714377.00          0                   6.01                0                   0                   37764.00            -5.285725           -46.573078          F 
170255                          2                   0.0001000           3939                432.15              9.11                9.88                2714377.00          0                   2.53                0                   0                   15880.00            -5.497871           -47.929361          F 
210235                          2                   0.0001000           3939                432.15              9.11                9.88                2714377.00          0                   2.35                0                   0                   14734.00            -5.518122           -47.061504          F 
150157                          2                   0.0001000           3939                432.15              9.11                9.88                2714377.00          17                  2.41                7.05                7.05                15149.00            -5.054285           -48.763593          F 
150230                          2                   0.0001000           3939                432.15              9.11                9.88                2714377.00          3                   8.22                0.37                0.37                51604.00            -2.043740           -47.234217          F 
210735                          2                   0.0001000           3939                432.15              9.11                9.88                2714377.00          2                   3.04                0.66                0.66                19088.00            -2.896221           -45.955324          F 
210375                          2                   0.0001000           3939                432.15              9.11                9.88                2714377.00          0                   2.00                0                   0                   12579.00            -5.598304           -47.300223          F 
150405                          2                   0.0001000           3939                432.15              9.11                9.88                2714377.00          0                   4.42                0                   0                   27787.00            -1.990967           -47.512595          F 
172080                          2                   0.0001000           3939                432.15              9.11                9.88                2714377.00          0                   1.46                0                   0                   9148.00             -5.630039           -47.686391          F 
170740                          2                   0.0001000           3939                432.15              9.11                9.88                2714377.00          0                   1.51                0                   0                   9463.00             -5.326535           -48.540410          F 
210087                          2                   0.0001000           3939                432.15              9.11                9.88                2714377.00          0                   2.22                0                   0                   13917.00            -3.079638           -45.787376          F 
170290                          2                   0.0001000           3939                432.15              9.11                9.88                2714377.00          2                   1.47                1.36                1.36                9246.00             -5.645508           -47.766281          F 
150380                          2                   0.0001000           3939                432.15              9.11                9.88                2714377.00          40                  8.14                4.91                4.92                51146.00            -4.598468           -49.181178          F 
150178                          2                   0.0001000           3939                432.15              9.11                9.88                2714377.00          140                 8.33                16.81               16.86               52303.00            -3.733432           -49.370902          F 
211227                          2                   0.0001000           3939                432.15              9.11                9.88                2714377.00          0                   0.89                0                   0                   5596.00             -3.757538           -45.581194          F 
210455                          2                   0.0001000           3939                432.15              9.11                9.88                2714377.00          0                   2.52                0                   0                   15809.00            -5.718646           -47.324990          F 
150470                          2                   0.0001000           3939                432.15              9.11                9.88                2714377.00          606                 11.05               54.84               55.56               69408.00            -2.683914           -49.073983          F 
150720                          2                   0.0001000           3939                432.15              9.11                9.88                2714377.00          13                  4.74                2.74                2.74                29775.00            -1.883708           -47.771736          F 
170220                          2                   0.0001000           3939                432.15              9.11                9.88                2714377.00          0                   4.98                0                   0                   31268.00            -5.665337           -48.105949          F 
210095                          2                   0.0001000           3939                432.15              9.11                9.88                2714377.00          0                   4.94                0                   0                   31034.00            -5.060040           -45.954318          F 
210315                          2                   0.0001000           3939                432.15              9.11                9.88                2714377.00          2                   2.00                1.00                1.00                12532.00            -2.367505           -46.128105          F 
150275                          2                   0.0001000           3939                432.15              9.11                9.88                2714377.00          0                   4.44                0                   0                   27902.00            -1.883885           -47.974776          F 
171070                          2                   0.0001000           3939                432.15              9.11                9.88                2714377.00          0                   0.96                0                   0                   6005.00             -5.803729           -47.596510          F 
150020                          2                   0.0001000           3939                432.15              9.11                9.88                2714377.00          6                   8.49                0.71                0.71                53304.00            -2.035421           -48.411423          F 
150350                          2                   0.0001000           3939                432.15              9.11                9.88                2714377.00          5                   4.97                1.01                1.01                31212.00            -1.812345           -47.399582          F 
210040                          2                   0.0001000           3939                432.15              9.11                9.88                2714377.00          0                   1.76                0                   0                   11041.00            -4.168960           -45.503735          F 
210215                          2                   0.0001000           3939                432.15              9.11                9.88                2714377.00          0                   0.89                0                   0                   5563.00             -4.369485           -45.549445          F 
210637                          2                   0.0001000           3939                432.15              9.11                9.88                2714377.00          3                   2.24                1.34                1.34                14048.00            -2.452057           -45.988295          F 
150750                          2                   0.0001000           3939                432.15              9.11                9.88                2714377.00          91                  2.09                43.61               43.70               13106.00            -5.447389           -48.696990          F 
210850                          2                   0.0001000           3939                432.15              9.11                9.88                2714377.00          0                   4.94                0                   0                   31032.00            -3.691451           -45.437504          F 
210990                          2                   0.0001000           3939                432.15              9.11                9.88                2714377.00          0                   12.27               0                   0                   77056.00            -3.871839           -45.434294          F 
150497                          2                   0.0001000           3939                432.15              9.11                9.88                2714377.00          44                  2.31                19.01               19.02               14540.00            -4.980996           -49.230674          F 
210700                          2                   0.0001000           3939                432.15              9.11                9.88                2714377.00          0                   1.49                0                   0                   9329.00             -5.858256           -47.041181          F 
150195                          2                   0.0001000           3939                432.15              9.11                9.88                2714377.00          136                 4.19                32.44               32.53               26333.00            -1.991029           -46.439673          F 
211003                          2                   0.0001000           3939                432.15              9.11                9.88                2714377.00          3                   3.60                0.83                0.83                22618.00            -2.539736           -45.792268          F 
210635                          2                   0.0001000           3939                432.15              9.11                9.88                2714377.00          0                   1.28                0                   0                   8048.00             -4.736924           -45.558563          F 
150175                          2                   0.0001000           3939                432.15              9.11                9.88                2714377.00          0                   1.16                0                   0                   7294.00             -5.735954           -48.432343          F 
210955                          2                   0.0001000           3939                432.15              9.11                9.88                2714377.00          0                   1.16                0                   0                   7292.00             -5.961096           -47.313774          F 
210690                          2                   0.0001000           3939                432.15              9.11                9.88                2714377.00          2                   5.04                0.40                0.40                31663.00            -3.479863           -45.320156          F 
172010                          2                   0.0001000           3939                432.15              9.11                9.88                2714377.00          0                   0.72                0                   0                   4511.00             -5.974795           -47.939574          F 
171280                          2                   0.0001000           3939                432.15              9.11                9.88                2714377.00          0                   0.50                0                   0                   3154.00             -6.024203           -47.589794          F 
210825                          2                   0.0001000           3939                432.15              9.11                9.88                2714377.00          0                   3.59                0                   0                   22574.00            -2.989105           -45.429993          F 
211300                          2                   0.0001000           3939                432.15              9.11                9.88                2714377.00          0                   5.01                0                   0                   31498.00            -4.243861           -45.312642          F 
150715                          2                   0.0001000           3939                432.15              9.11                9.88                2714377.00          1                   3.68                0.27                0.27                23120.00            -5.657874           -48.730479          F 
210177                          2                   0.0001000           3939                432.15              9.11                9.88                2714377.00          0                   1.92                0                   0                   12036.00            -3.758452           -45.264977          F 
150655                          2                   0.0001000           3939                432.15              9.11                9.88                2714377.00          2                   3.07                0.65                0.65                19284.00            -1.657453           -46.927109          F 
211172                          2                   0.0001000           3939                432.15              9.11                9.88                2714377.00          0                   1.89                0                   0                   11890.00            -3.938769           -45.259330          F 
210810                          2                   0.0001000           3939                432.15              9.11                9.88                2714377.00          0                   3.19                0                   0                   20016.00            -4.519491           -45.361569          F 
150190                          2                   0.0001000           3939                432.15              9.11                9.88                2714377.00          1                   4.08                0.25                0.25                25604.00            -1.634175           -48.088935          F 
150760                          2                   0.0001000           3939                432.15              9.11                9.88                2714377.00          0                   8.16                0                   0                   51232.00            -1.552591           -47.611298          F 
210830                          2                   0.0001000           3939                432.15              9.11                9.88                2714377.00          0                   5.44                0                   0                   34191.00            -3.251174           -45.285441          F 
210923                          2                   0.0001000           3939                432.15              9.11                9.88                2714377.00          2                   1.01                1.98                1.98                6351.00             -2.318820           -45.773469          F 
210535                          2                   0.0001000           3939                432.15              9.11                9.88                2714377.00          0                   2.28                0                   0                   14297.00            -5.145868           -45.640663          F 
150549                          2                   0.0001000           3939                432.15              9.11                9.88                2714377.00          0                   1.18                0                   0                   7422.00             -5.926997           -48.370291          F 
150120                          2                   0.0001000           3939                432.15              9.11                9.88                2714377.00          148                 5.85                25.30               25.38               36740.00            -3.129242           -49.698861          F 
150810                          2                   0.0001000           3939                432.15              9.11                9.88                2714377.00          224                 15.40               14.54               14.61               96736.00            -3.855790           -49.820813          F 
210420                          3                   0.0001000           16                  0.81                19.80               19.80               15064.00            16                  0.81                19.80               19.80               15064.00            -5.668344           -44.029543          F 
210596                          4                   0.9739              6                   0.56                10.66               10.66               10487.00            6                   0.56                10.66               10.66               10487.00            -4.929942           -45.400875          F 
