140010                          1                   0.0001000           10451               543.47              19.23               35.24               7674257.00          18                  28.27               0.64                0.64                399213.00           3.117964            -60.717850          F 
140015                          1                   0.0001000           10451               543.47              19.23               35.24               7674257.00          40                  0.88                45.52               45.60               12409.00            2.787148            -60.100125          F 
140017                          1                   0.0001000           10451               543.47              19.23               35.24               7674257.00          237                 1.30                182.53              184.47              18335.00            2.272838            -60.542067          F 
140040                          1                   0.0001000           10451               543.47              19.23               35.24               7674257.00          2                   0.80                2.50                2.50                11290.00            3.878942            -60.064912          F 
140045                          1                   0.0001000           10451               543.47              19.23               35.24               7674257.00          114                 1.23                92.51               92.98               17401.00            4.168751            -60.839425          F 
140030                          1                   0.0001000           10451               543.47              19.23               35.24               7674257.00          647                 1.26                511.75              526.97              17853.00            2.510145            -61.983632          F 
140070                          1                   0.0001000           10451               543.47              19.23               35.24               7674257.00          20                  0.75                26.75               26.77               10559.00            4.683843            -60.280731          F 
140002                          1                   0.0001000           10451               543.47              19.23               35.24               7674257.00          246                 0.91                271.47              274.48              12796.00            3.732874            -62.436863          F 
140028                          1                   0.0001000           10451               543.47              19.23               35.24               7674257.00          109                 0.85                128.80              129.43              11950.00            2.186649            -62.468913          F 
140005                          1                   0.0001000           10451               543.47              19.23               35.24               7674257.00          1524                1.10                1387.51             1488.96             15510.00            3.078187            -62.755259          F 
140020                          1                   0.0001000           10451               543.47              19.23               35.24               7674257.00          107                 1.55                68.91               69.24               21926.00            0.990862            -61.471950          F 
140060                          1                   0.0001000           10451               543.47              19.23               35.24               7674257.00          52                  0.57                91.95               92.16               7986.00             0.884349            -60.151701          F 
140023                          1                   0.0001000           10451               543.47              19.23               35.24               7674257.00          125                 0.72                173.58              174.55              10169.00            0.914772            -59.338066          F 
140050                          1                   0.0001000           10451               543.47              19.23               35.24               7674257.00          55                  0.58                94.70               94.93               8201.00             0.635650            -59.844809          F 
140047                          1                   0.0001000           10451               543.47              19.23               35.24               7674257.00          84                  2.14                39.32               39.47               30163.00            0.0378310           -61.010414          F 
130430                          1                   0.0001000           10451               543.47              19.23               35.24               7674257.00          13                  1.15                11.29               11.30               16256.00            -0.893871           -59.029898          F 
130040                          1                   0.0001000           10451               543.47              19.23               35.24               7674257.00          38                  1.95                19.51               19.54               27502.00            -0.465180           -63.434588          F 
130353                          1                   0.0001000           10451               543.47              19.23               35.24               7674257.00          85                  2.57                33.08               33.21               36279.00            -1.372564           -59.988741          F 
150530                          1                   0.0001000           10451               543.47              19.23               35.24               7674257.00          5                   5.18                0.97                0.97                73096.00            0.255032            -57.149736          F 
150300                          1                   0.0001000           10451               543.47              19.23               35.24               7674257.00          0                   0.51                0                   0                   7194.00             -1.158833           -57.806300          F 
130320                          1                   0.0001000           10451               543.47              19.23               35.24               7674257.00          53                  1.38                38.47               38.56               19454.00            -2.046996           -61.701836          F 
130395                          1                   0.0001000           10451               543.47              19.23               35.24               7674257.00          86                  0.99                86.62               86.95               14020.00            -1.946118           -58.702338          F 
130300                          1                   0.0001000           10451               543.47              19.23               35.24               7674257.00          2                   1.50                1.33                1.33                21173.00            -1.680483           -57.656536          F 
130356                          1                   0.0001000           10451               543.47              19.23               35.24               7674257.00          64                  2.36                27.10               27.18               33347.00            -2.529891           -59.638156          F 
130260                          1                   0.0001000           10451               543.47              19.23               35.24               7674257.00          85                  154.58              0.55                0.55                2182763.00          -2.626021           -60.259483          F 
130360                          1                   0.0001000           10451               543.47              19.23               35.24               7674257.00          111                 1.78                62.31               62.61               25156.00            -0.318566           -65.522058          F 
130200                          1                   0.0001000           10451               543.47              19.23               35.24               7674257.00          25                  0.65                38.59               38.63               9148.00             -2.498704           -58.619577          F 
150510                          1                   0.0001000           10451               543.47              19.23               35.24               7674257.00          19                  3.69                5.15                5.15                52137.00            -0.170427           -55.674947          F 
130185                          1                   0.0001000           10451               543.47              19.23               35.24               7674257.00          132                 3.42                38.59               38.82               48296.00            -3.095148           -60.480667          F 
130083                          1                   0.0001000           10451               543.47              19.23               35.24               7674257.00          101                 0.93                109.03              109.52              13081.00            -3.081969           -61.877491          F 
130400                          1                   0.0001000           10451               543.47              19.23               35.24               7674257.00          4                   0.65                6.16                6.16                9171.00             -2.822093           -58.536128          F 
130250                          1                   0.0001000           10451               543.47              19.23               35.24               7674257.00          48                  6.90                6.96                6.97                97377.00            -3.291606           -60.958222          F 
130115                          1                   0.0001000           10451               543.47              19.23               35.24               7674257.00          9                   2.14                4.20                4.21                30225.00            -3.286228           -59.599493          F 
130190                          1                   0.0001000           10451               543.47              19.23               35.24               7674257.00          45                  7.18                6.27                6.28                101337.00           -3.174662           -58.777136          F 
150797                          1                   0.0001000           10451               543.47              19.23               35.24               7674257.00          0                   1.33                0                   0                   18769.00            -1.952134           -56.458364          F 
130440                          1                   0.0001000           10451               543.47              19.23               35.24               7674257.00          0                   1.63                0                   0                   23065.00            -2.812240           -57.770143          F 
130008                          1                   0.0001000           10451               543.47              19.23               35.24               7674257.00          0                   0.96                0                   0                   13614.00            -3.502503           -61.716696          F 
150040                          1                   0.0001000           10451               543.47              19.23               35.24               7674257.00          30                  4.02                7.46                7.47                56789.00            -0.536230           -55.069883          F 
130130                          1                   0.0001000           10451               543.47              19.23               35.24               7674257.00          1                   2.03                0.49                0.49                28637.00            -3.289026           -62.972665          F 
130255                          1                   0.0001000           10451               543.47              19.23               35.24               7674257.00          6                   2.27                2.64                2.64                32105.00            -3.779354           -60.697327          F 
130110                          1                   0.0001000           10451               543.47              19.23               35.24               7674257.00          24                  2.68                8.95                8.96                37869.00            -3.770658           -60.183093          F 
130068                          1                   0.0001000           10451               543.47              19.23               35.24               7674257.00          0                   1.36                0                   0                   19207.00            -3.138082           -57.669942          F 
130340                          1                   0.0001000           10451               543.47              19.23               35.24               7674257.00          0                   8.09                0                   0                   114273.00           -2.688407           -56.854026          F 
130030                          1                   0.0001000           10451               543.47              19.23               35.24               7674257.00          43                  2.80                15.35               15.37               39565.00            -3.788879           -59.528635          F 
130280                          1                   0.0001000           10451               543.47              19.23               35.24               7674257.00          23                  1.29                17.82               17.84               18224.00            -2.428415           -65.038109          F 
130050                          1                   0.0001000           10451               543.47              19.23               35.24               7674257.00          0                   2.27                0                   0                   32041.00            -3.129157           -57.172390          F 
150390                          1                   0.0001000           10451               543.47              19.23               35.24               7674257.00          0                   4.10                0                   0                   57943.00            -2.622585           -56.221232          F 
150050                          1                   0.0001000           10451               543.47              19.23               35.24               7674257.00          0                   2.42                0                   0                   34109.00            0.284350            -53.893460          F 
130310                          1                   0.0001000           10451               543.47              19.23               35.24               7674257.00          2                   2.65                0.76                0.76                37378.00            -3.988364           -58.601783          F 
130010                          1                   0.0001000           10451               543.47              19.23               35.24               7674257.00          1                   1.49                0.67                0.67                21010.00            -4.186645           -62.073001          F 
150285                          1                   0.0001000           10451               543.47              19.23               35.24               7674257.00          0                   1.02                0                   0                   14393.00            -1.845743           -55.113264          F 
150480                          1                   0.0001000           10451               543.47              19.23               35.24               7674257.00          0                   4.11                0                   0                   58032.00            -1.119762           -54.365806          F 
160027                          1                   0.0001000           10451               543.47              19.23               35.24               7674257.00          18                  3.57                5.04                5.05                50410.00            1.096940            -53.306000          F 
130380                          1                   0.0001000           10451               543.47              19.23               35.24               7674257.00          48                  3.23                14.88               14.91               45564.00            0.374453            -67.997697          F 
130063                          1                   0.0001000           10451               543.47              19.23               35.24               7674257.00          22                  1.39                15.79               15.80               19679.00            -4.603475           -61.787364          F 
130426                          1                   0.0001000           10451               543.47              19.23               35.24               7674257.00          19                  0.96                19.82               19.83               13540.00            -3.167038           -65.411879          F 
130160                          1                   0.0001000           10451               543.47              19.23               35.24               7674257.00          2                   1.25                1.60                1.60                17609.00            -2.492180           -66.358452          F 
150680                          1                   0.0001000           10451               543.47              19.23               35.24               7674257.00          2                   21.57               0.093               0.093               304589.00           -2.764647           -55.093854          F 
130080                          1                   0.0001000           10451               543.47              19.23               35.24               7674257.00          158                 2.91                54.20               54.58               41161.00            -4.957034           -59.534428          F 
130002                          1                   0.0001000           10451               543.47              19.23               35.24               7674257.00          203                 1.14                178.70              180.33              16041.00            -3.701122           -65.330652          F 
150100                          1                   0.0001000           10451               543.47              19.23               35.24               7674257.00          5                   1.16                4.31                4.31                16388.00            -3.667209           -56.016450          F 
130120                          1                   0.0001000           10451               543.47              19.23               35.24               7674257.00          58                  6.03                9.62                9.65                85097.00            -4.437162           -64.124619          F 
160015                          1                   0.0001000           10451               543.47              19.23               35.24               7674257.00          121                 1.17                103.54              104.10              16502.00            1.157828            -52.523712          F 
150145                          1                   0.0001000           10451               543.47              19.23               35.24               7674257.00          0                   1.26                0                   0                   17732.00            -3.191161           -54.992826          F 
130290                          1                   0.0001000           10451               543.47              19.23               35.24               7674257.00          65                  4.53                14.36               14.40               63905.00            -4.984990           -58.060916          F 
160005                          1                   0.0001000           10451               543.47              19.23               35.24               7674257.00          38                  0.38                99.42               99.59               5397.00             1.649528            -52.270468          F 
130220                          1                   0.0001000           10451               543.47              19.23               35.24               7674257.00          2                   1.04                1.92                1.92                14712.00            -3.524623           -66.306825          F 
150600                          1                   0.0001000           10451               543.47              19.23               35.24               7674257.00          0                   2.12                0                   0                   29866.00            -2.120276           -53.660235          F 
160050                          1                   0.0001000           10451               543.47              19.23               35.24               7674257.00          8                   1.93                4.14                4.14                27270.00            3.088524            -51.904801          F 
130420                          1                   0.0001000           10451               543.47              19.23               35.24               7674257.00          70                  4.24                16.52               16.56               59849.00            -4.468383           -65.529278          F 
130210                          1                   0.0001000           10451               543.47              19.23               35.24               7674257.00          9                   0.20                46.13               46.15               2755.00             -1.698117           -68.320288          F 
130423                          1                   0.0001000           10451               543.47              19.23               35.24               7674257.00          0                   1.33                0                   0                   18755.00            -2.691643           -67.827923          F 
150619                          1                   0.0001000           10451               543.47              19.23               35.24               7674257.00          2                   3.58                0.56                0.56                50510.00            -4.241022           -55.210827          F 
160020                          1                   0.0001000           10451               543.47              19.23               35.24               7674257.00          31                  0.79                39.38               39.43               11117.00            2.430849            -51.404322          F 
160040                          1                   0.0001000           10451               543.47              19.23               35.24               7674257.00          362                 1.53                236.31              240.18              21632.00            -0.0730322          -51.943908          F 
150565                          1                   0.0001000           10451               543.47              19.23               35.24               7674257.00          0                   2.19                0                   0                   30982.00            -3.889977           -54.500599          F 
160053                          1                   0.0001000           10451               543.47              19.23               35.24               7674257.00          299                 1.56                192.17              194.76              21971.00            0.587711            -51.673569          F 
150805                          1                   0.0001000           10451               543.47              19.23               35.24               7674257.00          1                   1.34                0.74                0.74                18989.00            -5.130084           -56.003417          F 
160023                          1                   0.0001000           10451               543.47              19.23               35.24               7674257.00          28                  0.55                50.82               50.88               7780.00             0.958713            -51.419182          F 
160055                          1                   0.0001000           10451               543.47              19.23               35.24               7674257.00          4                   0.36                11.03               11.03               5120.00             1.625299            -51.277065          F 
160080                          1                   0.0001000           10451               543.47              19.23               35.24               7674257.00          10                  1.13                8.86                8.87                15931.00            -0.997903           -52.061167          F 
130270                          1                   0.0001000           10451               543.47              19.23               35.24               7674257.00          241                 3.95                61.04               61.70               55751.00            -6.459804           -61.446481          F 
150815                          1                   0.0001000           10451               543.47              19.23               35.24               7674257.00          0                   3.22                0                   0                   45476.00            -3.583648           -53.807296          F 
150590                          1                   0.0001000           10451               543.47              19.23               35.24               7674257.00          0                   2.91                0                   0                   41135.00            -2.184494           -52.547960          F 
150445                          1                   0.0001000           10451               543.47              19.23               35.24               7674257.00          0                   2.24                0                   0                   31597.00            -3.160218           -53.194916          F 
160060                          1                   0.0001000           10451               543.47              19.23               35.24               7674257.00          275                 8.59                32.00               32.38               121364.00           0.128476            -51.379449          F 
160070                          1                   0.0001000           10451               543.47              19.23               35.24               7674257.00          14                  1.23                11.42               11.42               17315.00            1.294034            -50.985687          F 
150360                          1                   0.0001000           10451               543.47              19.23               35.24               7674257.00          347                 7.17                48.40               49.14               101247.00           -5.871333           -56.496545          F 
130330                          1                   0.0001000           10451               543.47              19.23               35.24               7674257.00          51                  1.82                28.08               28.15               25644.00            -6.825051           -60.477192          F 
130006                          1                   0.0001000           10451               543.47              19.23               35.24               7674257.00          0                   0.82                0                   0                   11536.00            -3.418321           -68.287308          F 
150310                          1                   0.0001000           10451               543.47              19.23               35.24               7674257.00          0                   2.36                0                   0                   33376.00            -1.151921           -51.555276          F 
130410                          1                   0.0001000           10451               543.47              19.23               35.24               7674257.00          82                  1.21                67.49               67.74               17156.00            -6.104509           -64.893865          F 
160010                          1                   0.0001000           10451               543.47              19.23               35.24               7674257.00          3                   0.65                4.65                4.65                9109.00             1.764026            -50.581371          F 
150172                          1                   0.0001000           10451               543.47              19.23               35.24               7674257.00          0                   1.07                0                   0                   15086.00            -3.292151           -52.685423          F 
160030                          1                   0.0001000           10451               543.47              19.23               35.24               7674257.00          72                  35.64               2.02                2.02                503327.00           0.554818            -50.700863          F 
160025                          1                   0.0001000           10451               543.47              19.23               35.24               7674257.00          6                   0.39                15.40               15.40               5503.00             0.532233            -50.651554          F 
130370                          1                   0.0001000           10451               543.47              19.23               35.24               7674257.00          16                  1.53                10.46               10.47               21602.00            -3.051175           -69.087897          F 
160021                          1                   0.0001000           10451               543.47              19.23               35.24               7674257.00          1                   0.42                2.36                2.36                5983.00             1.030315            -50.483699          F 
150030                          1                   0.0001000           10451               543.47              19.23               35.24               7674257.00          86                  2.78                30.97               31.08               39218.00            -0.263841           -50.727746          F 
130100                          1                   0.0001000           10451               543.47              19.23               35.24               7674257.00          13                  2.00                6.49                6.49                28294.00            -5.118832           -67.337382          F 
130170                          1                   0.0001000           10451               543.47              19.23               35.24               7674257.00          231                 3.90                59.22               59.83               55080.00            -7.362897           -62.485394          F 
150450                          1                   0.0001000           10451               543.47              19.23               35.24               7674257.00          10                  1.96                5.11                5.11                27654.00            -1.607856           -51.104066          F 
150835                          1                   0.0001000           10451               543.47              19.23               35.24               7674257.00          0                   1.07                0                   0                   15134.00            -3.141047           -51.973342          F 
150180                          1                   0.0001000           10451               543.47              19.23               35.24               7674257.00          81                  7.27                11.14               11.17               102701.00           -1.121333           -50.628584          F 
130014                          1                   0.0001000           10451               543.47              19.23               35.24               7674257.00          6                   1.56                3.86                3.86                21973.00            -7.759871           -59.431439          F 
130230                          1                   0.0001000           10451               543.47              19.23               35.24               7674257.00          14                  1.01                13.81               13.82               14317.00            -4.713108           -68.403854          F 
130090                          1                   0.0001000           10451               543.47              19.23               35.24               7674257.00          383                 1.11                346.04              352.06              15629.00            -7.403346           -64.096665          F 
150375                          1                   0.0001000           10451               543.47              19.23               35.24               7674257.00          79                  0.58                135.40              135.88              8239.00             -7.445178           -57.302829          F 
150580                          1                   0.0001000           10451               543.47              19.23               35.24               7674257.00          152                 4.39                34.60               34.83               62043.00            -2.565541           -50.955536          F 
150250                          1                   0.0001000           10451               543.47              19.23               35.24               7674257.00          70                  1.68                41.68               41.81               23717.00            -0.0296229          -49.829440          F 
150070                          1                   0.0001000           10451               543.47              19.23               35.24               7674257.00          498                 2.07                240.20              245.65              29277.00            -0.827103           -49.962044          F 
130406                          1                   0.0001000           10451               543.47              19.23               35.24               7674257.00          10                  4.66                2.14                2.15                65844.00            -4.027765           -69.681346          F 
150780                          1                   0.0001000           10451               543.47              19.23               35.24               7674257.00          6                   0.83                7.27                7.27                11658.00            -4.171559           -51.773388          F 
130390                          1                   0.0001000           10451               543.47              19.23               35.24               7674257.00          4                   2.78                1.44                1.44                39299.00            -4.497836           -69.450565          F 
150280                          1                   0.0001000           10451               543.47              19.23               35.24               7674257.00          90                  2.44                36.89               37.04               34448.00            -1.583580           -49.988115          F 
150060                          1                   0.0001000           10451               543.47              19.23               35.24               7674257.00          41                  8.12                5.05                5.06                114594.00           -6.486303           -53.886671          F 
150085                          1                   0.0001000           10451               543.47              19.23               35.24               7674257.00          2                   1.98                1.01                1.01                27890.00            -3.997294           -51.301209          F 
150110                          1                   0.0001000           10451               543.47              19.23               35.24               7674257.00          210                 2.17                96.68               97.59               30673.00            -2.372794           -50.181886          F 
150770                          1                   0.0001000           10451               543.47              19.23               35.24               7674257.00          14                  1.89                7.42                7.42                26640.00            -1.434046           -49.680194          F 
150640                          1                   0.0001000           10451               543.47              19.23               35.24               7674257.00          5                   0.72                6.97                6.97                10128.00            -0.583158           -49.314290          F 
150520                          1                   0.0001000           10451               543.47              19.23               35.24               7674257.00          287                 2.30                124.65              126.26              32512.00            -2.278960           -49.902322          F 
150548                          1                   0.0001000           10451               543.47              19.23               35.24               7674257.00          43                  3.38                12.73               12.75               47706.00            -3.684058           -50.631545          F 
510080                          1                   0.0001000           10451               543.47              19.23               35.24               7674257.00          2                   0.72                2.79                2.79                10133.00            -8.753341           -57.827599          F 
150490                          1                   0.0001000           10451               543.47              19.23               35.24               7674257.00          35                  2.86                12.25               12.27               40349.00            -1.355540           -49.309395          F 
130195                          1                   0.0001000           10451               543.47              19.23               35.24               7674257.00          1                   0.56                1.80                1.80                7851.00             -6.682874           -68.114036          F 
110080                          1                   0.0001000           10451               543.47              19.23               35.24               7674257.00          315                 1.89                166.64              169.01              26693.00            -8.887011           -63.325581          F 
150503                          1                   0.0001000           10451               543.47              19.23               35.24               7674257.00          33                  1.82                18.09               18.11               25762.00            -8.062463           -55.612052          F 
150400                          1                   0.0001000           10451               543.47              19.23               35.24               7674257.00          44                  2.05                21.47               21.51               28935.00            -1.864288           -49.469256          F 
150570                          1                   0.0001000           10451               543.47              19.23               35.24               7674257.00          35                  2.20                15.90               15.92               31082.00            -1.117579           -49.077239          F 
110013                          1                   0.0001000           10451               543.47              19.23               35.24               7674257.00          40                  2.83                14.12               14.15               39991.00            -9.204070           -62.010294          F 
510325                          1                   0.0001000           10451               543.47              19.23               35.24               7674257.00          6                   2.73                2.20                2.20                38582.00            -9.292283           -60.305531          F 
150210                          1                   0.0001000           10451               543.47              19.23               35.24               7674257.00          224                 9.76                22.94               23.16               137890.00           -2.253113           -49.513615          F 
110094                          1                   0.0001000           10451               543.47              19.23               35.24               7674257.00          43                  1.79                24.08               24.13               25215.00            -9.170974           -62.565037          F 
150200                          1                   0.0001000           10451               543.47              19.23               35.24               7674257.00          0                   1.68                0                   0                   23767.00            -0.869047           -48.877684          F 
110110                          1                   0.0001000           10451               543.47              19.23               35.24               7674257.00          79                  0.74                106.67              107.04              10458.00            -9.170195           -63.044988          F 
130240                          1                   0.0001000           10451               543.47              19.23               35.24               7674257.00          53                  3.26                16.25               16.28               46069.00            -8.375880           -65.812244          F 
150790                          1                   0.0001000           10451               543.47              19.23               35.24               7674257.00          0                   1.80                0                   0                   25374.00            -0.492471           -48.637322          F 
150460                          1                   0.0001000           10451               543.47              19.23               35.24               7674257.00          17                  2.20                7.71                7.72                31136.00            -2.576520           -49.465753          F 
150120                          1                   0.0001000           10451               543.47              19.23               35.24               7674257.00          61                  3.36                18.15               18.20               47446.00            -3.129242           -49.698861          F 
250460                          2                   0.0001000           18                  1.74                10.36               10.37               24670.00            18                  1.74                10.36               10.37               24670.00            -7.282463           -34.860724          F 
510777                          3                   0.001200            43                  14.56               2.95                2.96                310010.00           0                   0.39                0                   0                   8371.00             -10.332303          -50.792279          F 
510530                          3                   0.001200            43                  14.56               2.95                2.96                310010.00           0                   0.098               0                   0                   2077.00             -11.007852          -50.935617          F 
510860                          3                   0.001200            43                  14.56               2.95                2.96                310010.00           0                   1.22                0                   0                   26037.00            -9.980623           -51.404814          F 
510335                          3                   0.001200            43                  14.56               2.95                2.96                310010.00           0                   1.45                0                   0                   30933.00            -10.403493          -51.698039          F 
171750                          3                   0.001200            43                  14.56               2.95                2.96                310010.00           0                   0.36                0                   0                   7654.00             -10.210136          -49.872433          F 
171190                          3                   0.001200            43                  14.56               2.95                2.96                310010.00           0                   0.63                0                   0                   13357.00            -11.035890          -50.160454          F 
150670                          3                   0.001200            43                  14.56               2.95                2.96                310010.00           1                   3.42                0.29                0.29                72817.00            -9.364016           -50.611231          F 
510677                          3                   0.001200            43                  14.56               2.95                2.96                310010.00           0                   0.59                0                   0                   12517.00            -10.825476          -51.712660          F 
171250                          3                   0.001200            43                  14.56               2.95                2.96                310010.00           0                   0.24                0                   0                   5175.00             -9.787699           -49.699800          F 
170390                          3                   0.001200            43                  14.56               2.95                2.96                310010.00           0                   0.25                0                   0                   5369.00             -9.400390           -49.848105          F 
510269                          3                   0.001200            43                  14.56               2.95                2.96                310010.00           0                   0.22                0                   0                   4743.00             -11.201057          -51.823179          F 
170610                          3                   0.001200            43                  14.56               2.95                2.96                310010.00           0                   0.34                0                   0                   7289.00             -10.637071          -49.313222          F 
170710                          3                   0.001200            43                  14.56               2.95                2.96                310010.00           0                   0.32                0                   0                   6900.00             -9.694686           -49.354809          F 
170460                          3                   0.001200            43                  14.56               2.95                2.96                310010.00           0                   0.066               0                   0                   1406.00             -10.165599          -49.196403          F 
171889                          3                   0.001200            43                  14.56               2.95                2.96                310010.00           0                   0.11                0                   0                   2365.00             -10.971089          -49.295639          F 
510785                          3                   0.001200            43                  14.56               2.95                2.96                310010.00           0                   0.55                0                   0                   11708.00            -11.452949          -51.961623          F 
170025                          3                   0.001200            43                  14.56               2.95                2.96                310010.00           0                   0.12                0                   0                   2579.00             -9.480412           -49.309816          F 
510774                          3                   0.001200            43                  14.56               2.95                2.96                310010.00           0                   0.12                0                   0                   2564.00             -10.064857          -52.541103          F 
510035                          3                   0.001200            43                  14.56               2.95                2.96                310010.00           0                   0.32                0                   0                   6822.00             -11.810796          -51.749943          F 
170730                          3                   0.001200            43                  14.56               2.95                2.96                310010.00           0                   0.22                0                   0                   4686.00             -11.428493          -49.390895          F 
150658                          3                   0.001200            43                  14.56               2.95                2.96                310010.00           0                   1.01                0                   0                   21449.00            -8.633727           -50.314447          F 
170820                          3                   0.001200            43                  14.56               2.95                2.96                310010.00           0                   0.87                0                   0                   18440.00            -11.959003          -50.097998          F 
510788                          3                   0.001200            43                  14.56               2.95                2.96                310010.00           0                   0.077               0                   0                   1650.00             -12.022095          -51.362144          F 
171500                          3                   0.001200            43                  14.56               2.95                2.96                310010.00           0                   0.20                0                   0                   4260.00             -10.549682          -48.974513          F 
510735                          3                   0.001200            43                  14.56               2.95                2.96                310010.00           1                   0.26                3.81                3.81                5595.00             -10.696430          -52.616401          F 
171845                          3                   0.001200            43                  14.56               2.95                2.96                310010.00           0                   0.13                0                   0                   2688.00             -10.422585          -48.883228          F 
170190                          3                   0.001200            43                  14.56               2.95                2.96                310010.00           0                   0.33                0                   0                   7086.00             -8.939322           -49.504685          F 
150276                          3                   0.001200            43                  14.56               2.95                2.96                310010.00           41                  0.63                64.81               64.93               13473.00            -8.458321           -51.221011          F 
