140060                          1                   0.0001000           6209                407.22              15.25               23.88               7652331.00          13                  0.40                32.56               32.58               7503.00             0.884349            -60.151701          F 
140050                          1                   0.0001000           6209                407.22              15.25               23.88               7652331.00          5                   0.41                12.32               12.32               7629.00             0.635650            -59.844809          F 
140023                          1                   0.0001000           6209                407.22              15.25               23.88               7652331.00          6                   0.50                12.08               12.09               9331.00             0.914772            -59.338066          F 
140047                          1                   0.0001000           6209                407.22              15.25               23.88               7652331.00          33                  1.48                22.34               22.38               27756.00            0.0378310           -61.010414          F 
140020                          1                   0.0001000           6209                407.22              15.25               23.88               7652331.00          12                  1.09                10.98               10.99               20537.00            0.990862            -61.471950          F 
140017                          1                   0.0001000           6209                407.22              15.25               23.88               7652331.00          104                 0.88                118.33              119.08              16516.00            2.272838            -60.542067          F 
140015                          1                   0.0001000           6209                407.22              15.25               23.88               7652331.00          11                  0.63                17.45               17.47               11843.00            2.787148            -60.100125          F 
130430                          1                   0.0001000           6209                407.22              15.25               23.88               7652331.00          1                   0.91                1.10                1.10                17065.00            -0.893871           -59.029898          F 
130353                          1                   0.0001000           6209                407.22              15.25               23.88               7652331.00          147                 1.79                81.96               82.69               33703.00            -1.372564           -59.988741          F 
140010                          1                   0.0001000           6209                407.22              15.25               23.88               7652331.00          8                   17.37               0.46                0.46                326419.00           3.117964            -60.717850          F 
140030                          1                   0.0001000           6209                407.22              15.25               23.88               7652331.00          78                  0.88                88.20               88.62               16618.00            2.510145            -61.983632          F 
140028                          1                   0.0001000           6209                407.22              15.25               23.88               7652331.00          77                  0.56                136.61              137.25              10592.00            2.186649            -62.468913          F 
140040                          1                   0.0001000           6209                407.22              15.25               23.88               7652331.00          1                   0.55                1.82                1.82                10339.00            3.878942            -60.064912          F 
150530                          1                   0.0001000           6209                407.22              15.25               23.88               7652331.00          0                   3.73                0                   0                   70071.00            0.255032            -57.149736          F 
150300                          1                   0.0001000           6209                407.22              15.25               23.88               7652331.00          0                   0.38                0                   0                   7168.00             -1.158833           -57.806300          F 
130395                          1                   0.0001000           6209                407.22              15.25               23.88               7652331.00          4                   0.70                5.74                5.74                13105.00            -1.946118           -58.702338          F 
130320                          1                   0.0001000           6209                407.22              15.25               23.88               7652331.00          5                   0.96                5.18                5.18                18133.00            -2.046996           -61.701836          F 
140045                          1                   0.0001000           6209                407.22              15.25               23.88               7652331.00          8                   0.65                12.38               12.38               12144.00            4.168751            -60.839425          F 
140005                          1                   0.0001000           6209                407.22              15.25               23.88               7652331.00          36                  0.85                42.14               42.23               16053.00            3.078187            -62.755259          F 
130356                          1                   0.0001000           6209                407.22              15.25               23.88               7652331.00          88                  1.66                52.88               53.16               31274.00            -2.529891           -59.638156          F 
130260                          1                   0.0001000           6209                407.22              15.25               23.88               7652331.00          81                  111.45              0.73                0.73                2094391.00          -2.626021           -60.259483          F 
130040                          1                   0.0001000           6209                407.22              15.25               23.88               7652331.00          49                  1.47                33.38               33.47               27589.00            -0.465180           -63.434588          F 
130300                          1                   0.0001000           6209                407.22              15.25               23.88               7652331.00          0                   1.10                0                   0                   20633.00            -1.680483           -57.656536          F 
140002                          1                   0.0001000           6209                407.22              15.25               23.88               7652331.00          48                  0.60                79.93               80.16               11285.00            3.732874            -62.436863          F 
130200                          1                   0.0001000           6209                407.22              15.25               23.88               7652331.00          0                   0.48                0                   0                   9040.00             -2.498704           -58.619577          F 
140070                          1                   0.0001000           6209                407.22              15.25               23.88               7652331.00          2                   0.51                3.89                3.89                9664.00             4.683843            -60.280731          F 
130185                          1                   0.0001000           6209                407.22              15.25               23.88               7652331.00          59                  2.49                23.74               23.82               46703.00            -3.095148           -60.480667          F 
130400                          1                   0.0001000           6209                407.22              15.25               23.88               7652331.00          0                   0.49                0                   0                   9147.00             -2.822093           -58.536128          F 
130115                          1                   0.0001000           6209                407.22              15.25               23.88               7652331.00          45                  1.52                29.58               29.65               28592.00            -3.286228           -59.599493          F 
130250                          1                   0.0001000           6209                407.22              15.25               23.88               7652331.00          11                  5.07                2.17                2.17                95330.00            -3.291606           -60.958222          F 
130190                          1                   0.0001000           6209                407.22              15.25               23.88               7652331.00          36                  5.24                6.87                6.88                98503.00            -3.174662           -58.777136          F 
130083                          1                   0.0001000           6209                407.22              15.25               23.88               7652331.00          2                   0.67                2.98                2.98                12622.00            -3.081969           -61.877491          F 
130440                          1                   0.0001000           6209                407.22              15.25               23.88               7652331.00          0                   1.15                0                   0                   21650.00            -2.812240           -57.770143          F 
150510                          1                   0.0001000           6209                407.22              15.25               23.88               7652331.00          0                   2.69                0                   0                   50596.00            -0.170427           -55.674947          F 
130110                          1                   0.0001000           6209                407.22              15.25               23.88               7652331.00          83                  1.96                42.24               42.45               36922.00            -3.770658           -60.183093          F 
150797                          1                   0.0001000           6209                407.22              15.25               23.88               7652331.00          0                   0.96                0                   0                   18105.00            -1.952134           -56.458364          F 
130008                          1                   0.0001000           6209                407.22              15.25               23.88               7652331.00          1                   0.67                1.49                1.49                12653.00            -3.502503           -61.716696          F 
130255                          1                   0.0001000           6209                407.22              15.25               23.88               7652331.00          0                   1.56                0                   0                   29327.00            -3.779354           -60.697327          F 
130030                          1                   0.0001000           6209                407.22              15.25               23.88               7652331.00          33                  2.01                16.43               16.46               37752.00            -3.788879           -59.528635          F 
130068                          1                   0.0001000           6209                407.22              15.25               23.88               7652331.00          2                   0.96                2.08                2.08                18080.00            -3.138082           -57.669942          F 
130340                          1                   0.0001000           6209                407.22              15.25               23.88               7652331.00          2                   6.00                0.33                0.33                112716.00           -2.688407           -56.854026          F 
130050                          1                   0.0001000           6209                407.22              15.25               23.88               7652331.00          0                   1.66                0                   0                   31105.00            -3.129157           -57.172390          F 
130130                          1                   0.0001000           6209                407.22              15.25               23.88               7652331.00          1                   1.45                0.69                0.69                27303.00            -3.289026           -62.972665          F 
130310                          1                   0.0001000           6209                407.22              15.25               23.88               7652331.00          1                   1.91                0.52                0.52                35800.00            -3.988364           -58.601783          F 
150390                          1                   0.0001000           6209                407.22              15.25               23.88               7652331.00          0                   2.94                0                   0                   55179.00            -2.622585           -56.221232          F 
150040                          1                   0.0001000           6209                407.22              15.25               23.88               7652331.00          3                   2.92                1.03                1.03                54960.00            -0.536230           -55.069883          F 
130010                          1                   0.0001000           6209                407.22              15.25               23.88               7652331.00          2                   1.05                1.90                1.90                19749.00            -4.186645           -62.073001          F 
130360                          1                   0.0001000           6209                407.22              15.25               23.88               7652331.00          18                  1.23                14.65               14.66               23092.00            -0.318566           -65.522058          F 
130063                          1                   0.0001000           6209                407.22              15.25               23.88               7652331.00          3                   0.99                3.03                3.03                18579.00            -4.603475           -61.787364          F 
150285                          1                   0.0001000           6209                407.22              15.25               23.88               7652331.00          0                   0.73                0                   0                   13783.00            -1.845743           -55.113264          F 
130080                          1                   0.0001000           6209                407.22              15.25               23.88               7652331.00          29                  2.12                13.66               13.69               39885.00            -4.957034           -59.534428          F 
130280                          1                   0.0001000           6209                407.22              15.25               23.88               7652331.00          26                  0.98                26.44               26.48               18477.00            -2.428415           -65.038109          F 
150480                          1                   0.0001000           6209                407.22              15.25               23.88               7652331.00          2                   3.00                0.67                0.67                56391.00            -1.119762           -54.365806          F 
150100                          1                   0.0001000           6209                407.22              15.25               23.88               7652331.00          0                   0.85                0                   0                   15950.00            -3.667209           -56.016450          F 
130290                          1                   0.0001000           6209                407.22              15.25               23.88               7652331.00          7                   3.25                2.15                2.15                61110.00            -4.984990           -58.060916          F 
150680                          1                   0.0001000           6209                407.22              15.25               23.88               7652331.00          0                   15.67               0                   0                   294447.00           -2.764647           -55.093854          F 
150050                          1                   0.0001000           6209                407.22              15.25               23.88               7652331.00          1                   1.77                0.56                0.56                33282.00            0.284350            -53.893460          F 
150145                          1                   0.0001000           6209                407.22              15.25               23.88               7652331.00          0                   0.91                0                   0                   17145.00            -3.191161           -54.992826          F 
130426                          1                   0.0001000           6209                407.22              15.25               23.88               7652331.00          8                   0.71                11.32               11.33               13276.00            -3.167038           -65.411879          F 
130120                          1                   0.0001000           6209                407.22              15.25               23.88               7652331.00          60                  4.47                13.43               13.48               83929.00            -4.437162           -64.124619          F 
160027                          1                   0.0001000           6209                407.22              15.25               23.88               7652331.00          49                  2.48                19.74               19.80               46639.00            1.096940            -53.306000          F 
130002                          1                   0.0001000           6209                407.22              15.25               23.88               7652331.00          182                 0.84                217.44              219.86              15729.00            -3.701122           -65.330652          F 
130160                          1                   0.0001000           6209                407.22              15.25               23.88               7652331.00          4                   1.07                3.72                3.72                20199.00            -2.492180           -66.358452          F 
150619                          1                   0.0001000           6209                407.22              15.25               23.88               7652331.00          0                   2.55                0                   0                   47971.00            -4.241022           -55.210827          F 
150600                          1                   0.0001000           6209                407.22              15.25               23.88               7652331.00          0                   1.55                0                   0                   29132.00            -2.120276           -53.660235          F 
150805                          1                   0.0001000           6209                407.22              15.25               23.88               7652331.00          0                   0.97                0                   0                   18280.00            -5.130084           -56.003417          F 
150565                          1                   0.0001000           6209                407.22              15.25               23.88               7652331.00          0                   1.56                0                   0                   29336.00            -3.889977           -54.500599          F 
130270                          1                   0.0001000           6209                407.22              15.25               23.88               7652331.00          39                  2.87                13.60               13.63               53890.00            -6.459804           -61.446481          F 
130220                          1                   0.0001000           6209                407.22              15.25               23.88               7652331.00          2                   0.72                2.77                2.77                13581.00            -3.524623           -66.306825          F 
130420                          1                   0.0001000           6209                407.22              15.25               23.88               7652331.00          20                  3.31                6.04                6.05                62230.00            -4.468383           -65.529278          F 
160015                          1                   0.0001000           6209                407.22              15.25               23.88               7652331.00          304                 0.77                392.35              399.72              14560.00            1.157828            -52.523712          F 
150360                          1                   0.0001000           6209                407.22              15.25               23.88               7652331.00          158                 5.24                30.15               30.43               98485.00            -5.871333           -56.496545          F 
130330                          1                   0.0001000           6209                407.22              15.25               23.88               7652331.00          4                   1.32                3.04                3.04                24718.00            -6.825051           -60.477192          F 
150815                          1                   0.0001000           6209                407.22              15.25               23.88               7652331.00          0                   2.36                0                   0                   44370.00            -3.583648           -53.807296          F 
130380                          1                   0.0001000           6209                407.22              15.25               23.88               7652331.00          82                  2.33                35.16               35.33               43831.00            0.374453            -67.997697          F 
160005                          1                   0.0001000           6209                407.22              15.25               23.88               7652331.00          55                  0.27                205.68              206.37              5025.00             1.649528            -52.270468          F 
150445                          1                   0.0001000           6209                407.22              15.25               23.88               7652331.00          0                   1.61                0                   0                   30315.00            -3.160218           -53.194916          F 
150590                          1                   0.0001000           6209                407.22              15.25               23.88               7652331.00          0                   2.09                0                   0                   39246.00            -2.184494           -52.547960          F 
160040                          1                   0.0001000           6209                407.22              15.25               23.88               7652331.00          649                 1.06                610.37              635.38              19981.00            -0.0730322          -51.943908          F 
160080                          1                   0.0001000           6209                407.22              15.25               23.88               7652331.00          36                  0.78                46.08               46.18               14680.00            -0.997903           -52.061167          F 
130410                          1                   0.0001000           6209                407.22              15.25               23.88               7652331.00          15                  0.96                15.63               15.64               18039.00            -6.104509           -64.893865          F 
130423                          1                   0.0001000           6209                407.22              15.25               23.88               7652331.00          1                   0.99                1.01                1.01                18632.00            -2.691643           -67.827923          F 
160053                          1                   0.0001000           6209                407.22              15.25               23.88               7652331.00          270                 1.07                251.89              256.07              20143.00            0.587711            -51.673569          F 
160050                          1                   0.0001000           6209                407.22              15.25               23.88               7652331.00          26                  1.32                19.63               19.66               24892.00            3.088524            -51.904801          F 
150172                          1                   0.0001000           6209                407.22              15.25               23.88               7652331.00          0                   0.79                0                   0                   14834.00            -3.292151           -52.685423          F 
130210                          1                   0.0001000           6209                407.22              15.25               23.88               7652331.00          16                  0.25                64.52               64.58               4660.00             -1.698117           -68.320288          F 
130170                          1                   0.0001000           6209                407.22              15.25               23.88               7652331.00          21                  2.79                7.54                7.55                52354.00            -7.362897           -62.485394          F 
130014                          1                   0.0001000           6209                407.22              15.25               23.88               7652331.00          2                   1.12                1.79                1.79                21031.00            -7.759871           -59.431439          F 
160023                          1                   0.0001000           6209                407.22              15.25               23.88               7652331.00          89                  0.38                235.99              237.27              7087.00             0.958713            -51.419182          F 
150375                          1                   0.0001000           6209                407.22              15.25               23.88               7652331.00          29                  2.21                13.13               13.16               41490.00            -7.445178           -57.302829          F 
160060                          1                   0.0001000           6209                407.22              15.25               23.88               7652331.00          339                 6.06                55.95               57.11               113854.00           0.128476            -51.379449          F 
150310                          1                   0.0001000           6209                407.22              15.25               23.88               7652331.00          3                   1.71                1.76                1.76                32049.00            -1.151921           -51.555276          F 
160020                          1                   0.0001000           6209                407.22              15.25               23.88               7652331.00          115                 0.55                208.90              210.36              10345.00            2.430849            -51.404322          F 
160055                          1                   0.0001000           6209                407.22              15.25               23.88               7652331.00          12                  0.25                48.44               48.48               4655.00             1.625299            -51.277065          F 
150835                          1                   0.0001000           6209                407.22              15.25               23.88               7652331.00          0                   0.78                0                   0                   14566.00            -3.141047           -51.973342          F 
160070                          1                   0.0001000           6209                407.22              15.25               23.88               7652331.00          123                 0.83                147.55              148.65              15665.00            1.294034            -50.985687          F 
130090                          1                   0.0001000           6209                407.22              15.25               23.88               7652331.00          216                 0.81                265.09              268.60              15312.00            -7.403346           -64.096665          F 
130006                          1                   0.0001000           6209                407.22              15.25               23.88               7652331.00          1                   0.59                1.70                1.70                11047.00            -3.418321           -68.287308          F 
130100                          1                   0.0001000           6209                407.22              15.25               23.88               7652331.00          7                   1.50                4.68                4.68                28111.00            -5.118832           -67.337382          F 
150450                          1                   0.0001000           6209                407.22              15.25               23.88               7652331.00          13                  1.42                9.17                9.17                26652.00            -1.607856           -51.104066          F 
160030                          1                   0.0001000           6209                407.22              15.25               23.88               7652331.00          171                 24.77               6.90                6.97                465495.00           0.554818            -50.700863          F 
150030                          1                   0.0001000           6209                407.22              15.25               23.88               7652331.00          17                  2.01                8.46                8.46                37778.00            -0.263841           -50.727746          F 
160025                          1                   0.0001000           6209                407.22              15.25               23.88               7652331.00          12                  0.27                44.56               44.59               5061.00             0.532233            -50.651554          F 
160010                          1                   0.0001000           6209                407.22              15.25               23.88               7652331.00          2                   0.46                4.32                4.33                8690.00             1.764026            -50.581371          F 
150060                          1                   0.0001000           6209                407.22              15.25               23.88               7652331.00          0                   5.85                0                   0                   109938.00           -6.486303           -53.886671          F 
160021                          1                   0.0001000           6209                407.22              15.25               23.88               7652331.00          5                   0.29                17.01               17.02               5523.00             1.030315            -50.483699          F 
150180                          1                   0.0001000           6209                407.22              15.25               23.88               7652331.00          68                  5.27                12.90               12.95               99080.00            -1.121333           -50.628584          F 
130370                          1                   0.0001000           6209                407.22              15.25               23.88               7652331.00          1                   1.24                0.80                0.80                23378.00            -3.051175           -69.087897          F 
150780                          1                   0.0001000           6209                407.22              15.25               23.88               7652331.00          1                   0.62                1.62                1.62                11587.00            -4.171559           -51.773388          F 
150580                          1                   0.0001000           6209                407.22              15.25               23.88               7652331.00          157                 3.16                49.73               50.20               59322.00            -2.565541           -50.955536          F 
510080                          1                   0.0001000           6209                407.22              15.25               23.88               7652331.00          0                   0.51                0                   0                   9551.00             -8.753341           -57.827599          F 
130230                          1                   0.0001000           6209                407.22              15.25               23.88               7652331.00          6                   0.86                6.96                6.96                16200.00            -4.713108           -68.403854          F 
150503                          1                   0.0001000           6209                407.22              15.25               23.88               7652331.00          5                   1.34                3.74                3.74                25102.00            -8.062463           -55.612052          F 
150085                          1                   0.0001000           6209                407.22              15.25               23.88               7652331.00          5                   1.40                3.58                3.58                26271.00            -3.997294           -51.301209          F 
510325                          1                   0.0001000           6209                407.22              15.25               23.88               7652331.00          3                   1.86                1.62                1.62                34885.00            -9.292283           -60.305531          F 
110013                          1                   0.0001000           6209                407.22              15.25               23.88               7652331.00          216                 2.02                107.10              108.51              37899.00            -9.204070           -62.010294          F 
110080                          1                   0.0001000           6209                407.22              15.25               23.88               7652331.00          145                 1.32                110.23              111.20              24719.00            -8.887011           -63.325581          F 
150070                          1                   0.0001000           6209                407.22              15.25               23.88               7652331.00          185                 1.49                124.11              125.51              28012.00            -0.827103           -49.962044          F 
110094                          1                   0.0001000           6209                407.22              15.25               23.88               7652331.00          61                  1.16                52.78               52.97               21720.00            -9.170974           -62.565037          F 
150250                          1                   0.0001000           6209                407.22              15.25               23.88               7652331.00          93                  1.21                76.58               77.01               22821.00            -0.0296229          -49.829440          F 
150280                          1                   0.0001000           6209                407.22              15.25               23.88               7652331.00          112                 1.75                64.01               64.44               32881.00            -1.583580           -49.988115          F 
110110                          1                   0.0001000           6209                407.22              15.25               23.88               7652331.00          110                 0.54                203.55              204.92              10155.00            -9.170195           -63.044988          F 
150110                          1                   0.0001000           6209                407.22              15.25               23.88               7652331.00          5                   1.55                3.23                3.23                29065.00            -2.372794           -50.181886          F 
510337                          1                   0.0001000           6209                407.22              15.25               23.88               7652331.00          0                   0.97                0                   0                   18209.00            -9.536841           -58.677801          F 
150548                          1                   0.0001000           6209                407.22              15.25               23.88               7652331.00          202                 2.43                83.25               84.27               45596.00            -3.684058           -50.631545          F 
130406                          1                   0.0001000           6209                407.22              15.25               23.88               7652331.00          19                  3.32                5.73                5.73                62346.00            -4.027765           -69.681346          F 
150770                          1                   0.0001000           6209                407.22              15.25               23.88               7652331.00          24                  1.36                17.66               17.68               25540.00            -1.434046           -49.680194          F 
150520                          1                   0.0001000           6209                407.22              15.25               23.88               7652331.00          6                   1.66                3.61                3.61                31257.00            -2.278960           -49.902322          F 
130390                          1                   0.0001000           6209                407.22              15.25               23.88               7652331.00          8                   1.98                4.03                4.03                37300.00            -4.497836           -69.450565          F 
110175                          1                   0.0001000           6209                407.22              15.25               23.88               7652331.00          3                   0.59                5.13                5.13                10999.00            -9.732685           -61.939355          F 
130240                          1                   0.0001000           6209                407.22              15.25               23.88               7652331.00          134                 2.35                57.14               57.60               44071.00            -8.375880           -65.812244          F 
510615                          1                   0.0001000           6209                407.22              15.25               23.88               7652331.00          3                   0.75                4.00                4.00                14106.00            -9.768714           -58.076318          F 
110026                          1                   0.0001000           6209                407.22              15.25               23.88               7652331.00          35                  0.20                173.54              173.91              3790.00             -9.645106           -62.790311          F 
110020                          1                   0.0001000           6209                407.22              15.25               23.88               7652331.00          156                 27.20               5.73                5.78                511219.00           -9.153039           -64.305489          F 
150640                          1                   0.0001000           6209                407.22              15.25               23.88               7652331.00          0                   0.51                0                   0                   9635.00             -0.583158           -49.314290          F 
130195                          1                   0.0001000           6209                407.22              15.25               23.88               7652331.00          3                   0.43                6.91                6.92                8153.00             -6.682874           -68.114036          F 
110040                          1                   0.0001000           6209                407.22              15.25               23.88               7652331.00          73                  1.09                66.69               66.98               20569.00            -9.649274           -63.394283          F 
150400                          1                   0.0001000           6209                407.22              15.25               23.88               7652331.00          6                   1.48                4.06                4.06                27760.00            -1.864288           -49.469256          F 
510629                          1                   0.0001000           6209                407.22              15.25               23.88               7652331.00          0                   0.58                0                   0                   10864.00            -9.593078           -56.684722          F 
150490                          1                   0.0001000           6209                407.22              15.25               23.88               7652331.00          11                  2.05                5.35                5.36                38616.00            -1.355540           -49.309395          F 
510140                          1                   0.0001000           6209                407.22              15.25               23.88               7652331.00          12                  1.12                10.73               10.74               21011.00            -10.187963          -59.839297          F 
150543                          2                   0.0001000           434                 10.16               42.70               43.83               193092.00           178                 1.65                107.84              109.01              31359.00            -7.525492           -51.432537          F 
150808                          2                   0.0001000           434                 10.16               42.70               43.83               193092.00           70                  2.00                35.07               35.22               37920.00            -6.820174           -51.391396          F 
150125                          2                   0.0001000           434                 10.16               42.70               43.83               193092.00           37                  0.17                217.42              217.91              3233.00             -7.486340           -50.634226          F 
150730                          2                   0.0001000           434                 10.16               42.70               43.83               193092.00           149                 6.35                23.48               23.68               120580.00           -7.233186           -52.252675          F 
210055                          3                   0.0001000           17                  1.26                13.45               13.46               35835.00            5                   0.24                20.71               20.71               6844.00             -1.673095           -45.948022          F 
210197                          3                   0.0001000           17                  1.26                13.45               13.46               35835.00            0                   0.32                0                   0                   9164.00             -1.762813           -46.178716          F 
210260                          3                   0.0001000           17                  1.26                13.45               13.46               35835.00            12                  0.70                17.15               17.17               19827.00            -1.618742           -45.675606          F 
210467                          4                   0.0001000           10                  0.43                23.00               23.02               25052.00            10                  0.43                23.00               23.02               25052.00            -2.061555           -45.818133          F 
320460                          5                   0.4200              8                   0.84                9.49                9.50                23882.00            8                   0.84                9.49                9.50                23882.00            -19.877612          -40.635441          F 
