1                   140002                          3.732874            -62.436863          1607.08             2004/7/1          2004/12/31        167                 72703.644677        0.0001000           34590               2064.48             16.75               28.19               6779248.00          F 
2                   150550                          -3.203446           -47.603092          180.50              2004/6/1          2004/11/30        23                  4912.533607         0.0001000           3183                277.48              11.47               11.89               916168.00           F 
3                   210620                          -1.390162           -45.890423          122.88              2004/4/1          2004/9/30         23                  1386.024954         0.0001000           1152                145.10              7.94                8.04                479088.00           F 
4                   510677                          -10.825476          -51.712660          287.70              2004/7/1          2004/12/31        31                  220.226036          0.0001000           339                 83.39               4.07                4.08                273832.00           F 
5                   210510                          -2.621285           -43.870540          0                   2004/4/1          2004/9/30         1                   202.796765          0.0001000           109                 6.63                16.43               16.45               21905.00            F 
6                   210355                          -3.798051           -44.838213          0                   2004/5/1          2004/10/31        1                   162.965445          0.0001000           73                  3.00                24.31               24.33               9861.00             F 
7                   210720                          -3.428987           -43.813174          18.32               2004/4/1          2004/8/31         2                   88.883135           0.0001000           57                  4.80                11.88               11.89               18947.00            F 
8                   510630                          -13.676744          -54.108586          104.29              2004/1/1          2004/6/30         3                   52.704726           0.0001000           53                  8.46                6.26                6.27                28098.00            F 
9                   210635                          -4.736924           -45.558563          58.27               2004/6/1          2004/8/31         8                   31.823412           0.0001000           85                  30.96               2.75                2.75                203332.00           F 
10                  210462                          -5.537002           -44.093332          17.11               2004/6/1          2004/8/31         3                   8.890511            0.9680              18                  5.48                3.29                3.29                35982.00            F 
