1                   1                   1                   44027               2520.31             17.47               30.42               6893483.00          
2                   1                   1                   4630                919.90              5.03                5.23                2516074.00          
3                   1                   1                   690                 89.10               7.74                7.79                243703.00           
4                   1                   1                   373                 100.81              3.70                3.71                280291.00           
5                   1                   1                   48                  4.25                11.29               11.29               13986.00            
6                   1                   1                   34                  2.94                11.58               11.58               9659.00             
7                   1                   1                   114                 38.20               2.98                2.99                315124.00           
8                   1                   1                   20                  0.90                22.21               22.21               7430.00             
9                   1                   1                   19                  0.98                19.44               19.44               5465.00             
10                  1                   1                   20                  1.68                11.92               11.93               14307.00            
11                  1                   1                   35                  8.00                4.38                4.38                21996.00            
12                  1                   1                   24                  4.85                4.95                4.95                39992.00            
13                  1                   1                   9                   1.22                7.40                7.40                10033.00            
14                  1                   1                   10                  2.00                5.01                5.01                16462.00            
