140002                          1                   0.0001000           4561                3.20                1424.92             1803.41             47292.00            222                 0.92                241.87              244.36              13561.00            3.732874            -62.436863          F 
140005                          1                   0.0001000           4561                3.20                1424.92             1803.41             47292.00            3554                1.03                3443.46             4116.94             15249.00            3.078187            -62.755259          F 
140030                          1                   0.0001000           4561                3.20                1424.92             1803.41             47292.00            785                 1.25                627.54              651.03              18482.00            2.510145            -61.983632          F 
130070                          2                   0.0001000           6588                542.40              12.15               17.00               8057653.00          0                   2.35                0                   0                   34958.00            -8.772979           -68.047540          F 
120013                          2                   0.0001000           6588                542.40              12.15               17.00               8057653.00          25                  0.71                35.13               35.17               10572.00            -9.613848           -68.175429          F 
120080                          2                   0.0001000           6588                542.40              12.15               17.00               8057653.00          10                  1.29                7.76                7.76                19141.00            -9.629475           -67.701064          F 
130350                          2                   0.0001000           6588                542.40              12.15               17.00               8057653.00          41                  1.32                31.05               31.11               19616.00            -7.757795           -68.197229          F 
120040                          2                   0.0001000           6588                542.40              12.15               17.00               8057653.00          2                   28.24               0.071               0.071               419452.00           -10.066358          -68.371440          F 
120045                          2                   0.0001000           6588                542.40              12.15               17.00               8057653.00          149                 1.58                94.41               95.05               23446.00            -9.996928           -67.427266          F 
120001                          2                   0.0001000           6588                542.40              12.15               17.00               8057653.00          5                   1.06                4.72                4.73                15721.00            -9.934392           -66.948427          F 
120038                          2                   0.0001000           6588                542.40              12.15               17.00               8057653.00          4                   1.36                2.95                2.95                20147.00            -10.248624          -67.339671          F 
120050                          2                   0.0001000           6588                542.40              12.15               17.00               8057653.00          0                   3.18                0                   0                   47168.00            -9.771845           -69.382700          F 
120017                          2                   0.0001000           6588                542.40              12.15               17.00               8057653.00          1                   0.83                1.21                1.21                12280.00            -10.474157          -67.835782          F 
120070                          2                   0.0001000           6588                542.40              12.15               17.00               8057653.00          0                   1.34                0                   0                   19866.00            -10.575880          -68.505122          F 
120034                          2                   0.0001000           6588                542.40              12.15               17.00               8057653.00          0                   0.65                0                   0                   9701.00             -9.380351           -69.854989          F 
130195                          2                   0.0001000           6588                542.40              12.15               17.00               8057653.00          7                   0.52                13.37               13.38               7777.00             -6.682874           -68.114036          F 
120025                          2                   0.0001000           6588                542.40              12.15               17.00               8057653.00          1                   1.28                0.78                0.78                18979.00            -10.889162          -68.618498          F 
130240                          2                   0.0001000           6588                542.40              12.15               17.00               8057653.00          41                  3.21                12.77               12.80               47685.00            -8.375880           -65.812244          F 
120010                          2                   0.0001000           6588                542.40              12.15               17.00               8057653.00          0                   1.83                0                   0                   27123.00            -10.747736          -69.207484          F 
130150                          2                   0.0001000           6588                542.40              12.15               17.00               8057653.00          19                  1.40                13.60               13.61               20748.00            -7.573750           -70.054927          F 
120043                          2                   0.0001000           6588                542.40              12.15               17.00               8057653.00          1                   0.46                2.16                2.16                6893.00             -9.412364           -70.398018          F 
120030                          2                   0.0001000           6588                542.40              12.15               17.00               8057653.00          0                   2.36                0                   0                   34986.00            -8.926430           -70.747840          F 
130140                          2                   0.0001000           6588                542.40              12.15               17.00               8057653.00          17                  2.43                6.99                7.00                36121.00            -7.022778           -70.222033          F 
120005                          2                   0.0001000           6588                542.40              12.15               17.00               8057653.00          0                   0.51                0                   0                   7649.00             -10.779491          -70.006358          F 
120060                          2                   0.0001000           6588                542.40              12.15               17.00               8057653.00          106                 2.94                36.01               36.18               43730.00            -8.238234           -71.446466          F 
130180                          2                   0.0001000           6588                542.40              12.15               17.00               8057653.00          12                  2.10                5.72                5.72                31172.00            -7.181162           -71.415929          F 
110020                          2                   0.0001000           6588                542.40              12.15               17.00               8057653.00          1068                36.95               28.90               30.34               548952.00           -9.153039           -64.305489          F 
130100                          2                   0.0001000           6588                542.40              12.15               17.00               8057653.00          23                  1.93                11.90               11.91               28719.00            -5.118832           -67.337382          F 
110033                          2                   0.0001000           6588                542.40              12.15               17.00               8057653.00          262                 2.17                120.93              122.40              32184.00            -10.382239          -64.629270          F 
120032                          2                   0.0001000           6588                542.40              12.15               17.00               8057653.00          1                   0.58                1.72                1.72                8628.00             -9.243211           -71.907488          F 
130060                          2                   0.0001000           6588                542.40              12.15               17.00               8057653.00          6                   3.02                1.99                1.99                44873.00            -5.429327           -70.278296          F 
130230                          2                   0.0001000           6588                542.40              12.15               17.00               8057653.00          10                  0.91                11.04               11.04               13462.00            -4.713108           -68.403854          F 
130410                          2                   0.0001000           6588                542.40              12.15               17.00               8057653.00          48                  1.14                42.25               42.34               16876.00            -6.104509           -64.893865          F 
130090                          2                   0.0001000           6588                542.40              12.15               17.00               8057653.00          208                 1.08                193.35              195.21              15981.00            -7.403346           -64.096665          F 
110045                          2                   0.0001000           6588                542.40              12.15               17.00               8057653.00          5                   2.76                1.81                1.81                41043.00            -10.052159          -63.941154          F 
110010                          2                   0.0001000           6588                542.40              12.15               17.00               8057653.00          19                  3.16                6.01                6.02                46930.00            -11.305773          -64.537463          F 
120035                          2                   0.0001000           6588                542.40              12.15               17.00               8057653.00          0                   1.33                0                   0                   19727.00            -9.099817           -72.558104          F 
130390                          2                   0.0001000           6588                542.40              12.15               17.00               8057653.00          0                   2.75                0                   0                   40837.00            -4.497836           -69.450565          F 
110070                          2                   0.0001000           6588                542.40              12.15               17.00               8057653.00          5                   0.97                5.16                5.16                14391.00            -10.485091          -63.799446          F 
120039                          2                   0.0001000           6588                542.40              12.15               17.00               8057653.00          7                   0.84                8.32                8.32                12497.00            -8.489533           -72.721389          F 
110080                          2                   0.0001000           6588                542.40              12.15               17.00               8057653.00          466                 1.89                246.64              252.02              28068.00            -8.887011           -63.325581          F 
110040                          2                   0.0001000           6588                542.40              12.15               17.00               8057653.00          45                  1.50                30.03               30.09               22258.00            -9.649274           -63.394283          F 
120020                          2                   0.0001000           6588                542.40              12.15               17.00               8057653.00          160                 6.04                26.48               26.67               89760.00            -7.974126           -72.761548          F 
130020                          2                   0.0001000           6588                542.40              12.15               17.00               8057653.00          66                  1.40                46.98               47.12               20868.00            -5.711940           -71.742673          F 
110140                          2                   0.0001000           6588                542.40              12.15               17.00               8057653.00          21                  1.09                19.31               19.32               16158.00            -10.210793          -63.372281          F 
110110                          2                   0.0001000           6588                542.40              12.15               17.00               8057653.00          112                 0.73                153.79              154.58              10819.00            -9.170195           -63.044988          F 
130420                          2                   0.0001000           6588                542.40              12.15               17.00               8057653.00          90                  3.99                22.57               22.65               59250.00            -4.468383           -65.529278          F 
130165                          2                   0.0001000           6588                542.40              12.15               17.00               8057653.00          6                   1.16                5.18                5.19                17193.00            -7.229841           -72.844424          F 
130406                          2                   0.0001000           6588                542.40              12.15               17.00               8057653.00          4                   4.61                0.87                0.87                68502.00            -4.027765           -69.681346          F 
110002                          2                   0.0001000           6588                542.40              12.15               17.00               8057653.00          27                  7.48                3.61                3.61                111148.00           -9.951979           -62.957373          F 
110008                          2                   0.0001000           6588                542.40              12.15               17.00               8057653.00          12                  1.30                9.26                9.26                19255.00            -12.147321          -64.058780          F 
110100                          2                   0.0001000           6588                542.40              12.15               17.00               8057653.00          2                   0.48                4.17                4.17                7130.00             -10.748055          -63.183884          F 
120042                          2                   0.0001000           6588                542.40              12.15               17.00               8057653.00          215                 1.33                161.58              163.18              19767.00            -7.841819           -73.222514          F 
110060                          2                   0.0001000           6588                542.40              12.15               17.00               8057653.00          2                   0.42                4.71                4.71                6307.00             -10.331685          -62.987180          F 
110026                          2                   0.0001000           6588                542.40              12.15               17.00               8057653.00          27                  0.26                104.37              104.50              3843.00             -9.645106           -62.790311          F 
130006                          2                   0.0001000           6588                542.40              12.15               17.00               8057653.00          1                   0.80                1.24                1.24                11934.00            -3.418321           -68.287308          F 
110094                          2                   0.0001000           6588                542.40              12.15               17.00               8057653.00          120                 1.83                65.71               66.06               27131.00            -9.170974           -62.565037          F 
120033                          2                   0.0001000           6588                542.40              12.15               17.00               8057653.00          73                  1.32                55.21               55.39               19643.00            -7.503753           -73.439585          F 
130220                          2                   0.0001000           6588                542.40              12.15               17.00               8057653.00          7                   1.04                6.71                6.71                15495.00            -3.524623           -66.306825          F 
110130                          2                   0.0001000           6588                542.40              12.15               17.00               8057653.00          26                  0.72                36.13               36.17               10691.00            -11.076985          -62.848279          F 
110150                          2                   0.0001000           6588                542.40              12.15               17.00               8057653.00          0                   0.80                0                   0                   11846.00            -11.807291          -63.230667          F 
110011                          2                   0.0001000           6588                542.40              12.15               17.00               8057653.00          1                   3.46                0.29                0.29                51469.00            -10.592446          -62.584788          F 
130170                          2                   0.0001000           6588                542.40              12.15               17.00               8057653.00          69                  3.85                17.92               17.98               57195.00            -7.362897           -62.485394          F 
130002                          2                   0.0001000           6588                542.40              12.15               17.00               8057653.00          30                  1.10                27.18               27.22               16396.00            -3.701122           -65.330652          F 
110032                          2                   0.0001000           6588                542.40              12.15               17.00               8057653.00          0                   1.56                0                   0                   23147.00            -11.628169          -62.941940          F 
110160                          2                   0.0001000           6588                542.40              12.15               17.00               8057653.00          0                   0.70                0                   0                   10348.00            -10.121814          -62.342289          F 
130370                          2                   0.0001000           6588                542.40              12.15               17.00               8057653.00          1                   1.41                0.71                0.71                20889.00            -3.051175           -69.087897          F 
130120                          2                   0.0001000           6588                542.40              12.15               17.00               8057653.00          24                  5.84                4.11                4.12                86713.00            -4.437162           -64.124619          F 
110143                          2                   0.0001000           6588                542.40              12.15               17.00               8057653.00          3                   0.46                6.53                6.53                6822.00             -10.889526          -62.532438          F 
110013                          2                   0.0001000           6588                542.40              12.15               17.00               8057653.00          57                  2.81                20.29               20.35               41724.00            -9.204070           -62.010294          F 
110034                          2                   0.0001000           6588                542.40              12.15               17.00               8057653.00          0                   0.93                0                   0                   13807.00            -11.311455          -62.544783          F 
110170                          2                   0.0001000           6588                542.40              12.15               17.00               8057653.00          7                   0.75                9.38                9.39                11081.00            -11.103908          -62.424021          F 
110149                          2                   0.0001000           6588                542.40              12.15               17.00               8057653.00          2                   1.42                1.41                1.41                21088.00            -12.368674          -63.122203          F 
110015                          2                   0.0001000           6588                542.40              12.15               17.00               8057653.00          0                   2.39                0                   0                   35445.00            -10.610539          -62.172424          F 
110155                          2                   0.0001000           6588                542.40              12.15               17.00               8057653.00          1                   0.28                3.57                3.57                4160.00             -10.943464          -62.279708          F 
130423                          2                   0.0001000           6588                542.40              12.15               17.00               8057653.00          0                   1.28                0                   0                   19038.00            -2.691643           -67.827923          F 
110180                          2                   0.0001000           6588                542.40              12.15               17.00               8057653.00          0                   0.44                0                   0                   6490.00             -10.384134          -62.093876          F 
110175                          2                   0.0001000           6588                542.40              12.15               17.00               8057653.00          5                   0.78                6.43                6.43                11545.00            -9.732685           -61.939355          F 
130426                          2                   0.0001000           6588                542.40              12.15               17.00               8057653.00          8                   0.93                8.59                8.59                13839.00            -3.167038           -65.411879          F 
110014                          2                   0.0001000           6588                542.40              12.15               17.00               8057653.00          0                   1.38                0                   0                   20504.00            -11.564334          -62.233031          F 
110012                          2                   0.0001000           6588                542.40              12.15               17.00               8057653.00          0                   8.82                0                   0                   131026.00           -10.462197          -61.757091          F 
130160                          2                   0.0001000           6588                542.40              12.15               17.00               8057653.00          6                   1.10                5.43                5.43                16409.00            -2.492180           -66.358452          F 
110025                          2                   0.0001000           6588                542.40              12.15               17.00               8057653.00          0                   1.22                0                   0                   18165.00            -11.166190          -61.877898          F 
110050                          2                   0.0001000           6588                542.40              12.15               17.00               8057653.00          0                   0.55                0                   0                   8125.00             -11.681047          -62.083187          F 
110090                          2                   0.0001000           6588                542.40              12.15               17.00               8057653.00          0                   0.20                0                   0                   2923.00             -11.470879          -61.879911          F 
110001                          2                   0.0001000           6588                542.40              12.15               17.00               8057653.00          1                   1.52                0.66                0.66                22516.00            -12.470071          -62.274560          F 
110120                          2                   0.0001000           6588                542.40              12.15               17.00               8057653.00          0                   0.64                0                   0                   9461.00             -11.160345          -61.568926          F 
110028                          2                   0.0001000           6588                542.40              12.15               17.00               8057653.00          0                   3.75                0                   0                   55748.00            -11.732560          -61.771453          F 
130270                          2                   0.0001000           6588                542.40              12.15               17.00               8057653.00          192                 3.86                49.69               50.12               57405.00            -6.459804           -61.446481          F 
130280                          2                   0.0001000           6588                542.40              12.15               17.00               8057653.00          5                   1.23                4.06                4.06                18298.00            -2.428415           -65.038109          F 
110029                          2                   0.0001000           6588                542.40              12.15               17.00               8057653.00          0                   0.40                0                   0                   5942.00             -12.027061          -61.700877          F 
130210                          2                   0.0001000           6588                542.40              12.15               17.00               8057653.00          66                  0.12                558.67              560.37              1755.00             -1.698117           -68.320288          F 
110004                          2                   0.0001000           6588                542.40              12.15               17.00               8057653.00          0                   5.82                0                   0                   86416.00            -11.301237          -61.324689          F 
510757                          2                   0.0001000           6588                542.40              12.15               17.00               8057653.00          0                   0.27                0                   0                   4069.00             -10.463060          -61.010088          F 
110037                          2                   0.0001000           6588                542.40              12.15               17.00               8057653.00          0                   0.89                0                   0                   13268.00            -12.593622          -61.880777          F 
110148                          2                   0.0001000           6588                542.40              12.15               17.00               8057653.00          0                   0.33                0                   0                   4962.00             -11.904682          -61.467066          F 
110147                          2                   0.0001000           6588                542.40              12.15               17.00               8057653.00          0                   0.18                0                   0                   2697.00             -11.878589          -61.315189          F 
110145                          2                   0.0001000           6588                542.40              12.15               17.00               8057653.00          0                   0.43                0                   0                   6319.00             -12.262291          -61.415241          F 
130130                          2                   0.0001000           6588                542.40              12.15               17.00               8057653.00          0                   2.00                0                   0                   29691.00            -3.289026           -62.972665          F 
130063                          2                   0.0001000           6588                542.40              12.15               17.00               8057653.00          6                   1.38                4.35                4.35                20503.00            -4.603475           -61.787364          F 
130010                          2                   0.0001000           6588                542.40              12.15               17.00               8057653.00          0                   1.48                0                   0                   21937.00            -4.186645           -62.073001          F 
110009                          2                   0.0001000           6588                542.40              12.15               17.00               8057653.00          32                  2.22                14.40               14.42               33009.00            -11.351368          -60.784721          F 
510325                          2                   0.0001000           6588                542.40              12.15               17.00               8057653.00          10                  2.77                3.61                3.61                41117.00            -9.292283           -60.305531          F 
130330                          2                   0.0001000           6588                542.40              12.15               17.00               8057653.00          54                  1.78                30.34               30.41               26443.00            -6.825051           -60.477192          F 
110146                          2                   0.0001000           6588                542.40              12.15               17.00               8057653.00          0                   0.14                0                   0                   2127.00             -13.173850          -61.545322          F 
110018                          2                   0.0001000           6588                542.40              12.15               17.00               8057653.00          3                   2.50                1.20                1.20                37098.00            -11.894543          -60.830315          F 
110092                          2                   0.0001000           6588                542.40              12.15               17.00               8057653.00          2                   0.79                2.53                2.53                11755.00            -12.537404          -60.898400          F 
110007                          2                   0.0001000           6588                542.40              12.15               17.00               8057653.00          0                   0.47                0                   0                   7052.00             -12.926666          -61.091715          F 
110005                          2                   0.0001000           6588                542.40              12.15               17.00               8057653.00          0                   1.08                0                   0                   16088.00            -13.203669          -61.260843          F 
130008                          2                   0.0001000           6588                542.40              12.15               17.00               8057653.00          0                   0.96                0                   0                   14292.00            -3.502503           -61.716696          F 
510140                          2                   0.0001000           6588                542.40              12.15               17.00               8057653.00          30                  1.55                19.32               19.35               23067.00            -10.187963          -59.839297          F 
110030                          2                   0.0001000           6588                542.40              12.15               17.00               8057653.00          1                   7.04                0.14                0.14                104517.00           -12.087986          -60.252451          F 
130083                          2                   0.0001000           6588                542.40              12.15               17.00               8057653.00          12                  0.91                13.22               13.23               13482.00            -3.081969           -61.877491          F 
110006                          2                   0.0001000           6588                542.40              12.15               17.00               8057653.00          0                   1.02                0                   0                   15213.00            -13.159213          -60.550197          F 
130014                          2                   0.0001000           6588                542.40              12.15               17.00               8057653.00          9                   1.53                5.88                5.88                22739.00            -7.759871           -59.431439          F 
110003                          2                   0.0001000           6588                542.40              12.15               17.00               8057653.00          0                   0.34                0                   0                   5067.00             -13.474873          -60.639653          F 
130360                          2                   0.0001000           6588                542.40              12.15               17.00               8057653.00          114                 1.79                63.75               64.08               26566.00            -0.318566           -65.522058          F 
130255                          2                   0.0001000           6588                542.40              12.15               17.00               8057653.00          5                   2.29                2.19                2.19                33981.00            -3.779354           -60.697327          F 
130250                          2                   0.0001000           6588                542.40              12.15               17.00               8057653.00          7                   6.71                1.04                1.04                99613.00            -3.291606           -60.958222          F 
510515                          2                   0.0001000           6588                542.40              12.15               17.00               8057653.00          0                   2.77                0                   0                   41190.00            -11.533422          -59.327120          F 
130380                          2                   0.0001000           6588                542.40              12.15               17.00               8057653.00          87                  3.17                27.48               27.59               47031.00            0.374453            -67.997697          F 
130320                          2                   0.0001000           6588                542.40              12.15               17.00               8057653.00          6                   1.37                4.37                4.37                20395.00            -2.046996           -61.701836          F 
510330                          2                   0.0001000           6588                542.40              12.15               17.00               8057653.00          0                   1.43                0                   0                   21249.00            -13.189673          -59.752227          F 
130080                          2                   0.0001000           6588                542.40              12.15               17.00               8057653.00          61                  2.85                21.41               21.47               42328.00            -4.957034           -59.534428          F 
130110                          2                   0.0001000           6588                542.40              12.15               17.00               8057653.00          11                  2.61                4.21                4.21                38820.00            -3.770658           -60.183093          F 
510337                          2                   0.0001000           6588                542.40              12.15               17.00               8057653.00          0                   1.39                0                   0                   20717.00            -9.536841           -58.677801          F 
130185                          2                   0.0001000           6588                542.40              12.15               17.00               8057653.00          190                 3.35                56.77               57.26               49718.00            -3.095148           -60.480667          F 
510517                          2                   0.0001000           6588                542.40              12.15               17.00               8057653.00          0                   1.13                0                   0                   16811.00            -10.359620          -58.592177          F 
130040                          2                   0.0001000           6588                542.40              12.15               17.00               8057653.00          90                  1.87                48.14               48.34               27772.00            -0.465180           -63.434588          F 
510285                          2                   0.0001000           6588                542.40              12.15               17.00               8057653.00          0                   0.59                0                   0                   8782.00             -10.955815          -58.604328          F 
510618                          2                   0.0001000           6588                542.40              12.15               17.00               8057653.00          5                   0.46                10.83               10.83               6861.00             -14.301166          -59.771479          F 
130030                          2                   0.0001000           6588                542.40              12.15               17.00               8057653.00          5                   2.76                1.81                1.81                41005.00            -3.788879           -59.528635          F 
130260                          2                   0.0001000           6588                542.40              12.15               17.00               8057653.00          51                  151.86              0.34                0.33                2255903.00          -2.626021           -60.259483          F 
510615                          2                   0.0001000           6588                542.40              12.15               17.00               8057653.00          12                  1.08                11.11               11.11               16052.00            -9.768714           -58.076318          F 
510268                          2                   0.0001000           6588                542.40              12.15               17.00               8057653.00          0                   0.49                0                   0                   7245.00             -13.578425          -59.192168          F 
130115                          2                   0.0001000           6588                542.40              12.15               17.00               8057653.00          4                   2.12                1.89                1.89                31459.00            -3.286228           -59.599493          F 
510080                          2                   0.0001000           6588                542.40              12.15               17.00               8057653.00          0                   0.70                0                   0                   10431.00            -8.753341           -57.827599          F 
510550                          2                   0.0001000           6588                542.40              12.15               17.00               8057653.00          2                   1.10                1.81                1.81                16412.00            -15.190336          -59.990041          F 
510787                          2                   0.0001000           6588                542.40              12.15               17.00               8057653.00          0                   1.85                0                   0                   27485.00            -13.152251          -58.653484          F 
510336                          2                   0.0001000           6588                542.40              12.15               17.00               8057653.00          0                   0.28                0                   0                   4163.00             -14.635124          -59.331826          F 
130356                          2                   0.0001000           6588                542.40              12.15               17.00               8057653.00          50                  2.35                21.31               21.36               34856.00            -2.529891           -59.638156          F 
510510                          2                   0.0001000           6588                542.40              12.15               17.00               8057653.00          0                   2.37                0                   0                   35275.00            -11.021025          -57.612138          F 
510190                          2                   0.0001000           6588                542.40              12.15               17.00               8057653.00          0                   1.38                0                   0                   20571.00            -12.425468          -57.995502          F 
130310                          2                   0.0001000           6588                542.40              12.15               17.00               8057653.00          1                   2.60                0.38                0.38                38665.00            -3.988364           -58.601783          F 
130290                          2                   0.0001000           6588                542.40              12.15               17.00               8057653.00          172                 4.45                38.62               38.92               66159.00            -4.984990           -58.060916          F 
510895                          2                   0.0001000           6588                542.40              12.15               17.00               8057653.00          0                   0.63                0                   0                   9375.00             -9.964637           -57.251389          F 
150375                          2                   0.0001000           6588                542.40              12.15               17.00               8057653.00          420                 0.47                897.48              915.16              6952.00             -7.445178           -57.302829          F 
510675                          2                   0.0001000           6588                542.40              12.15               17.00               8057653.00          52                  3.10                16.75               16.79               46105.00            -15.515107          -59.455385          F 
130190                          2                   0.0001000           6588                542.40              12.15               17.00               8057653.00          4                   7.00                0.57                0.57                104046.00           -3.174662           -58.777136          F 
510835                          2                   0.0001000           6588                542.40              12.15               17.00               8057653.00          0                   0.21                0                   0                   3124.00             -14.962496          -58.954452          F 
510627                          2                   0.0001000           6588                542.40              12.15               17.00               8057653.00          0                   0.27                0                   0                   4069.00             -11.386567          -57.308941          F 
130353                          2                   0.0001000           6588                542.40              12.15               17.00               8057653.00          31                  2.56                12.09               12.10               38095.00            -1.372564           -59.988741          F 
510263                          2                   0.0001000           6588                542.40              12.15               17.00               8057653.00          0                   2.49                0                   0                   36917.00            -13.689561          -57.932077          F 
510795                          2                   0.0001000           6588                542.40              12.15               17.00               8057653.00          0                   7.25                0                   0                   107631.00           -14.423165          -58.317919          F 
510500                          2                   0.0001000           6588                542.40              12.15               17.00               8057653.00          0                   0.56                0                   0                   8377.00             -15.310859          -58.865376          F 
130400                          2                   0.0001000           6588                542.40              12.15               17.00               8057653.00          3                   0.63                4.80                4.80                9289.00             -2.822093           -58.536128          F 
510715                          2                   0.0001000           6588                542.40              12.15               17.00               8057653.00          0                   0.19                0                   0                   2754.00             -14.929043          -58.459478          F 
510629                          2                   0.0001000           6588                542.40              12.15               17.00               8057653.00          2                   0.76                2.63                2.63                11291.00            -9.593078           -56.684722          F 
140047                          2                   0.0001000           6588                542.40              12.15               17.00               8057653.00          37                  2.11                17.51               17.54               31387.00            0.0378310           -61.010414          F 
130200                          2                   0.0001000           6588                542.40              12.15               17.00               8057653.00          2                   0.63                3.19                3.19                9312.00             -2.498704           -58.619577          F 
510450                          2                   0.0001000           6588                542.40              12.15               17.00               8057653.00          0                   0.19                0                   0                   2806.00             -15.332982          -58.599483          F 
510380                          2                   0.0001000           6588                542.40              12.15               17.00               8057653.00          0                   0.23                0                   0                   3411.00             -15.525273          -58.702517          F 
510890                          2                   0.0001000           6588                542.40              12.15               17.00               8057653.00          0                   0.61                0                   0                   9056.00             -12.786325          -57.219962          F 
510125                          2                   0.0001000           6588                542.40              12.15               17.00               8057653.00          0                   1.15                0                   0                   17078.00            -15.256190          -58.457565          F 
510682                          2                   0.0001000           6588                542.40              12.15               17.00               8057653.00          0                   0.82                0                   0                   12176.00            -15.957499          -58.981331          F 
510680                          2                   0.0001000           6588                542.40              12.15               17.00               8057653.00          0                   0.36                0                   0                   5344.00             -11.731217          -56.747467          F 
130395                          2                   0.0001000           6588                542.40              12.15               17.00               8057653.00          0                   0.99                0                   0                   14678.00            -1.946118           -58.702338          F 
510025                          2                   0.0001000           6588                542.40              12.15               17.00               8057653.00          0                   3.51                0                   0                   52105.00            -10.054593          -56.366407          F 
510454                          2                   0.0001000           6588                542.40              12.15               17.00               8057653.00          0                   0.47                0                   0                   7030.00             -12.141644          -56.750553          F 
510775                          2                   0.0001000           6588                542.40              12.15               17.00               8057653.00          0                   0.22                0                   0                   3226.00             -15.053672          -58.054952          F 
510794                          2                   0.0001000           6588                542.40              12.15               17.00               8057653.00          0                   0.63                0                   0                   9357.00             -11.212222          -56.489854          F 
510720                          2                   0.0001000           6588                542.40              12.15               17.00               8057653.00          1                   0.35                2.89                2.89                5147.00             -15.275214          -58.149783          F 
510710                          2                   0.0001000           6588                542.40              12.15               17.00               8057653.00          0                   1.26                0                   0                   18788.00            -15.566851          -58.296200          F 
130068                          2                   0.0001000           6588                542.40              12.15               17.00               8057653.00          0                   1.35                0                   0                   20040.00            -3.138082           -57.669942          F 
140020                          2                   0.0001000           6588                542.40              12.15               17.00               8057653.00          89                  1.52                58.41               58.65               22635.00            0.990862            -61.471950          F 
150360                          2                   0.0001000           6588                542.40              12.15               17.00               8057653.00          683                 6.84                99.92               103.13              101541.00           -5.871333           -56.496545          F 
130440                          2                   0.0001000           6588                542.40              12.15               17.00               8057653.00          0                   1.62                0                   0                   24098.00            -2.812240           -57.770143          F 
510395                          2                   0.0001000           6588                542.40              12.15               17.00               8057653.00          0                   0.20                0                   0                   2990.00             -15.840993          -58.320013          F 
510885                          2                   0.0001000           6588                542.40              12.15               17.00               8057653.00          1                   0.22                4.46                4.46                3332.00             -14.289654          -57.264471          F 
510726                          2                   0.0001000           6588                542.40              12.15               17.00               8057653.00          0                   0.21                0                   0                   3164.00             -14.450629          -57.344112          F 
510800                          2                   0.0001000           6588                542.40              12.15               17.00               8057653.00          0                   0.97                0                   0                   14380.00            -12.570964          -56.531900          F 
510562                          2                   0.0001000           6588                542.40              12.15               17.00               8057653.00          0                   1.89                0                   0                   28135.00            -15.654237          -58.055115          F 
130430                          2                   0.0001000           6588                542.40              12.15               17.00               8057653.00          0                   1.08                0                   0                   16007.00            -0.893871           -59.029898          F 
510621                          2                   0.0001000           6588                542.40              12.15               17.00               8057653.00          0                   0.87                0                   0                   12876.00            -10.700456          -56.042463          F 
510523                          2                   0.0001000           6588                542.40              12.15               17.00               8057653.00          0                   0.42                0                   0                   6246.00             -15.375223          -57.782628          F 
510730                          2                   0.0001000           6588                542.40              12.15               17.00               8057653.00          0                   1.44                0                   0                   21351.00            -13.552388          -56.811455          F 
510623                          2                   0.0001000           6588                542.40              12.15               17.00               8057653.00          0                   1.40                0                   0                   20820.00            -14.783213          -57.400534          F 
510170                          2                   0.0001000           6588                542.40              12.15               17.00               8057653.00          0                   2.40                0                   0                   35642.00            -15.066012          -57.560002          F 
510343                          2                   0.0001000           6588                542.40              12.15               17.00               8057653.00          0                   0.35                0                   0                   5267.00             -15.615629          -57.877334          F 
510279                          2                   0.0001000           6588                542.40              12.15               17.00               8057653.00          0                   0.68                0                   0                   10094.00            -10.104998          -55.830530          F 
130050                          2                   0.0001000           6588                542.40              12.15               17.00               8057653.00          0                   2.22                0                   0                   32919.00            -3.129157           -57.172390          F 
510452                          2                   0.0001000           6588                542.40              12.15               17.00               8057653.00          0                   0.55                0                   0                   8182.00             -12.014634          -56.055922          F 
510350                          2                   0.0001000           6588                542.40              12.15               17.00               8057653.00          0                   1.50                0                   0                   22311.00            -14.091918          -56.800725          F 
140028                          2                   0.0001000           6588                542.40              12.15               17.00               8057653.00          77                  0.85                90.52               90.84               12637.00            2.186649            -62.468913          F 
150503                          2                   0.0001000           6588                542.40              12.15               17.00               8057653.00          33                  1.73                19.02               19.05               25769.00            -8.062463           -55.612052          F 
510130                          2                   0.0001000           6588                542.40              12.15               17.00               8057653.00          0                   0.63                0                   0                   9399.00             -14.506192          -56.859180          F 
510345                          2                   0.0001000           6588                542.40              12.15               17.00               8057653.00          0                   0.65                0                   0                   9626.00             -14.724760          -56.962430          F 
510600                          2                   0.0001000           6588                542.40              12.15               17.00               8057653.00          0                   0.39                0                   0                   5858.00             -14.347846          -56.719947          F 
510525                          2                   0.0001000           6588                542.40              12.15               17.00               8057653.00          1                   4.69                0.21                0.21                69671.00            -13.037820          -56.166103          F 
140060                          2                   0.0001000           6588                542.40              12.15               17.00               8057653.00          36                  0.55                64.97               65.07               8232.00             0.884349            -60.151701          F 
140050                          2                   0.0001000           6588                542.40              12.15               17.00               8057653.00          21                  0.57                36.74               36.77               8492.00             0.635650            -59.844809          F 
160020                          3                   0.0001000           707                 9.03                78.32               80.92               133376.00           57                  0.78                73.28               73.47               11493.00            2.430849            -51.404322          F 
160055                          3                   0.0001000           707                 9.03                78.32               80.92               133376.00           1                   0.36                2.75                2.75                5370.00             1.625299            -51.277065          F 
160050                          3                   0.0001000           707                 9.03                78.32               80.92               133376.00           94                  1.93                48.67               48.88               28534.00            3.088524            -51.904801          F 
160010                          3                   0.0001000           707                 9.03                78.32               80.92               133376.00           2                   0.63                3.19                3.19                9265.00             1.764026            -50.581371          F 
160005                          3                   0.0001000           707                 9.03                78.32               80.92               133376.00           66                  0.38                174.85              175.38              5577.00             1.649528            -52.270468          F 
160070                          3                   0.0001000           707                 9.03                78.32               80.92               133376.00           6                   1.23                4.87                4.87                18217.00            1.294034            -50.985687          F 
160023                          3                   0.0001000           707                 9.03                78.32               80.92               133376.00           42                  0.55                76.13               76.28               8151.00             0.958713            -51.419182          F 
160021                          3                   0.0001000           707                 9.03                78.32               80.92               133376.00           0                   0.42                0                   0                   6217.00             1.030315            -50.483699          F 
160015                          3                   0.0001000           707                 9.03                78.32               80.92               133376.00           180                 1.19                150.89              152.14              17625.00            1.157828            -52.523712          F 
160053                          3                   0.0001000           707                 9.03                78.32               80.92               133376.00           259                 1.55                166.91              168.91              22927.00            0.587711            -51.673569          F 
150250                          4                   0.0001000           155                 4.31                35.95               36.20               64762.00            27                  1.61                16.77               16.79               24175.00            -0.0296229          -49.829440          F 
150640                          4                   0.0001000           155                 4.31                35.95               36.20               64762.00            1                   0.70                1.43                1.43                10496.00            -0.583158           -49.314290          F 
150070                          4                   0.0001000           155                 4.31                35.95               36.20               64762.00            127                 2.00                63.39               63.76               30091.00            -0.827103           -49.962044          F 
150670                          5                   0.0001000           107                 7.18                14.91               14.98               158622.00           1                   3.44                0.29                0.29                75995.00            -9.364016           -50.611231          F 
170390                          5                   0.0001000           107                 7.18                14.91               14.98               158622.00           0                   0.25                0                   0                   5514.00             -9.400390           -49.848105          F 
150658                          5                   0.0001000           107                 7.18                14.91               14.98               158622.00           0                   1.01                0                   0                   22244.00            -8.633727           -50.314447          F 
510777                          5                   0.0001000           107                 7.18                14.91               14.98               158622.00           0                   0.39                0                   0                   8547.00             -10.332303          -50.792279          F 
171250                          5                   0.0001000           107                 7.18                14.91               14.98               158622.00           0                   0.24                0                   0                   5332.00             -9.787699           -49.699800          F 
510860                          5                   0.0001000           107                 7.18                14.91               14.98               158622.00           0                   1.22                0                   0                   26946.00            -9.980623           -51.404814          F 
150276                          5                   0.0001000           107                 7.18                14.91               14.98               158622.00           106                 0.64                166.82              167.63              14044.00            -8.458321           -51.221011          F 
150085                          6                   0.0001000           55                  8.37                6.57                6.58                247467.00           2                   0.99                2.02                2.02                29312.00            -3.997294           -51.301209          F 
150780                          6                   0.0001000           55                  8.37                6.57                6.58                247467.00           2                   0.38                5.23                5.23                11305.00            -4.171559           -51.773388          F 
150548                          6                   0.0001000           55                  8.37                6.57                6.58                247467.00           0                   1.66                0                   0                   49110.00            -3.684058           -50.631545          F 
150835                          6                   0.0001000           55                  8.37                6.57                6.58                247467.00           0                   0.52                0                   0                   15421.00            -3.141047           -51.973342          F 
150506                          6                   0.0001000           55                  8.37                6.57                6.58                247467.00           0                   2.66                0                   0                   78488.00            -4.502833           -50.271560          F 
150580                          6                   0.0001000           55                  8.37                6.57                6.58                247467.00           51                  2.16                23.61               23.66               63831.00            -2.565541           -50.955536          F 
210055                          7                   0.2906              6                   0.35                17.21               17.21               15541.00            4                   0.16                25.30               25.30               7047.00             -1.673095           -45.948022          F 
210197                          7                   0.2906              6                   0.35                17.21               17.21               15541.00            2                   0.19                10.49               10.49               8494.00             -1.762813           -46.178716          F 
