140023                          1                   0.0001000           11477               642.64              17.86               30.87               7631172.00          13                  0.84                15.51               15.52               9950.00             0.914772            -59.338066          F 
140050                          1                   0.0001000           11477               642.64              17.86               30.87               7631172.00          19                  0.68                28.02               28.04               8052.00             0.635650            -59.844809          F 
140060                          1                   0.0001000           11477               642.64              17.86               30.87               7631172.00          65                  0.66                98.20               98.44               7860.00             0.884349            -60.151701          F 
140017                          1                   0.0001000           11477               642.64              17.86               30.87               7631172.00          594                 1.50                394.76              403.84              17868.00            2.272838            -60.542067          F 
130430                          1                   0.0001000           11477               642.64              17.86               30.87               7631172.00          5                   1.38                3.62                3.62                16383.00            -0.893871           -59.029898          F 
140047                          1                   0.0001000           11477               642.64              17.86               30.87               7631172.00          152                 2.49                61.12               61.47               29533.00            0.0378310           -61.010414          F 
140015                          1                   0.0001000           11477               642.64              17.86               30.87               7631172.00          30                  1.03                29.06               29.10               12257.00            2.787148            -60.100125          F 
140020                          1                   0.0001000           11477               642.64              17.86               30.87               7631172.00          248                 1.82                136.57              137.86              21564.00            0.990862            -61.471950          F 
150530                          1                   0.0001000           11477               642.64              17.86               30.87               7631172.00          2                   6.08                0.33                0.33                72160.00            0.255032            -57.149736          F 
130353                          1                   0.0001000           11477               642.64              17.86               30.87               7631172.00          132                 2.98                44.34               44.56               35352.00            -1.372564           -59.988741          F 
150300                          1                   0.0001000           11477               642.64              17.86               30.87               7631172.00          0                   0.62                0                   0                   7319.00             -1.158833           -57.806300          F 
140010                          1                   0.0001000           11477               642.64              17.86               30.87               7631172.00          25                  31.61               0.79                0.79                375374.00           3.117964            -60.717850          F 
130395                          1                   0.0001000           11477               642.64              17.86               30.87               7631172.00          176                 1.15                152.72              153.74              13685.00            -1.946118           -58.702338          F 
140040                          1                   0.0001000           11477               642.64              17.86               30.87               7631172.00          10                  0.93                10.75               10.75               11045.00            3.878942            -60.064912          F 
140030                          1                   0.0001000           11477               642.64              17.86               30.87               7631172.00          305                 1.48                206.63              209.04              17528.00            2.510145            -61.983632          F 
130300                          1                   0.0001000           11477               642.64              17.86               30.87               7631172.00          16                  1.76                9.09                9.10                20899.00            -1.680483           -57.656536          F 
140028                          1                   0.0001000           11477               642.64              17.86               30.87               7631172.00          130                 0.98                133.08              133.73              11600.00            2.186649            -62.468913          F 
130356                          1                   0.0001000           11477               642.64              17.86               30.87               7631172.00          141                 2.74                51.40               51.67               32577.00            -2.529891           -59.638156          F 
130200                          1                   0.0001000           11477               642.64              17.86               30.87               7631172.00          75                  0.76                98.26               98.54               9064.00             -2.498704           -58.619577          F 
140045                          1                   0.0001000           11477               642.64              17.86               30.87               7631172.00          45                  1.31                34.30               34.36               15580.00            4.168751            -60.839425          F 
130260                          1                   0.0001000           11477               642.64              17.86               30.87               7631172.00          172                 180.67              0.95                0.95                2145444.00          -2.626021           -60.259483          F 
130320                          1                   0.0001000           11477               642.64              17.86               30.87               7631172.00          60                  1.60                37.55               37.63               18974.00            -2.046996           -61.701836          F 
150510                          1                   0.0001000           11477               642.64              17.86               30.87               7631172.00          0                   4.38                0                   0                   51964.00            -0.170427           -55.674947          F 
130400                          1                   0.0001000           11477               642.64              17.86               30.87               7631172.00          15                  0.77                19.55               19.56               9110.00             -2.822093           -58.536128          F 
140070                          1                   0.0001000           11477               642.64              17.86               30.87               7631172.00          23                  0.87                26.45               26.47               10325.00            4.683843            -60.280731          F 
140005                          1                   0.0001000           11477               642.64              17.86               30.87               7631172.00          249                 1.32                189.08              190.87              15638.00            3.078187            -62.755259          F 
130440                          1                   0.0001000           11477               642.64              17.86               30.87               7631172.00          0                   1.90                0                   0                   22537.00            -2.812240           -57.770143          F 
150797                          1                   0.0001000           11477               642.64              17.86               30.87               7631172.00          1                   1.57                0.64                0.64                18619.00            -1.952134           -56.458364          F 
130190                          1                   0.0001000           11477               642.64              17.86               30.87               7631172.00          57                  8.42                6.77                6.78                99955.00            -3.174662           -58.777136          F 
130185                          1                   0.0001000           11477               642.64              17.86               30.87               7631172.00          224                 4.01                55.92               56.39               47571.00            -3.095148           -60.480667          F 
140002                          1                   0.0001000           11477               642.64              17.86               30.87               7631172.00          150                 1.04                143.72              144.53              12394.00            3.732874            -62.436863          F 
130115                          1                   0.0001000           11477               642.64              17.86               30.87               7631172.00          56                  2.49                22.47               22.52               29595.00            -3.286228           -59.599493          F 
130040                          1                   0.0001000           11477               642.64              17.86               30.87               7631172.00          50                  2.30                21.70               21.74               27364.00            -0.465180           -63.434588          F 
130340                          1                   0.0001000           11477               642.64              17.86               30.87               7631172.00          0                   9.53                0                   0                   113168.00           -2.688407           -56.854026          F 
130068                          1                   0.0001000           11477               642.64              17.86               30.87               7631172.00          0                   1.58                0                   0                   18781.00            -3.138082           -57.669942          F 
130250                          1                   0.0001000           11477               642.64              17.86               30.87               7631172.00          73                  8.10                9.01                9.03                96236.00            -3.291606           -60.958222          F 
150040                          1                   0.0001000           11477               642.64              17.86               30.87               7631172.00          1                   4.76                0.21                0.21                56480.00            -0.536230           -55.069883          F 
130050                          1                   0.0001000           11477               642.64              17.86               30.87               7631172.00          1                   2.66                0.38                0.38                31593.00            -3.129157           -57.172390          F 
130030                          1                   0.0001000           11477               642.64              17.86               30.87               7631172.00          49                  3.27                14.98               15.01               38830.00            -3.788879           -59.528635          F 
150390                          1                   0.0001000           11477               642.64              17.86               30.87               7631172.00          0                   4.79                0                   0                   56908.00            -2.622585           -56.221232          F 
130083                          1                   0.0001000           11477               642.64              17.86               30.87               7631172.00          47                  1.08                43.34               43.42               12877.00            -3.081969           -61.877491          F 
130110                          1                   0.0001000           11477               642.64              17.86               30.87               7631172.00          51                  3.15                16.20               16.23               37384.00            -3.770658           -60.183093          F 
130255                          1                   0.0001000           11477               642.64              17.86               30.87               7631172.00          28                  2.62                10.68               10.69               31147.00            -3.779354           -60.697327          F 
130310                          1                   0.0001000           11477               642.64              17.86               30.87               7631172.00          2                   3.09                0.65                0.65                36721.00            -3.988364           -58.601783          F 
130008                          1                   0.0001000           11477               642.64              17.86               30.87               7631172.00          4                   1.12                3.58                3.58                13269.00            -3.502503           -61.716696          F 
150285                          1                   0.0001000           11477               642.64              17.86               30.87               7631172.00          1                   1.20                0.84                0.84                14197.00            -1.845743           -55.113264          F 
150480                          1                   0.0001000           11477               642.64              17.86               30.87               7631172.00          0                   4.88                0                   0                   57900.00            -1.119762           -54.365806          F 
150050                          1                   0.0001000           11477               642.64              17.86               30.87               7631172.00          6                   2.88                2.09                2.09                34142.00            0.284350            -53.893460          F 
130130                          1                   0.0001000           11477               642.64              17.86               30.87               7631172.00          0                   2.37                0                   0                   28100.00            -3.289026           -62.972665          F 
150680                          1                   0.0001000           11477               642.64              17.86               30.87               7631172.00          0                   25.49               0                   0                   302667.00           -2.764647           -55.093854          F 
150100                          1                   0.0001000           11477               642.64              17.86               30.87               7631172.00          1                   1.38                0.73                0.73                16371.00            -3.667209           -56.016450          F 
130010                          1                   0.0001000           11477               642.64              17.86               30.87               7631172.00          1                   1.73                0.58                0.58                20538.00            -4.186645           -62.073001          F 
130080                          1                   0.0001000           11477               642.64              17.86               30.87               7631172.00          79                  3.42                23.13               23.19               40565.00            -4.957034           -59.534428          F 
150145                          1                   0.0001000           11477               642.64              17.86               30.87               7631172.00          0                   1.48                0                   0                   17624.00            -3.191161           -54.992826          F 
160027                          1                   0.0001000           11477               642.64              17.86               30.87               7631172.00          60                  4.16                14.41               14.44               49446.00            1.096940            -53.306000          F 
130290                          1                   0.0001000           11477               642.64              17.86               30.87               7631172.00          120                 5.28                22.71               22.81               62755.00            -4.984990           -58.060916          F 
130063                          1                   0.0001000           11477               642.64              17.86               30.87               7631172.00          36                  1.62                22.20               22.23               19258.00            -4.603475           -61.787364          F 
130360                          1                   0.0001000           11477               642.64              17.86               30.87               7631172.00          30                  2.06                14.58               14.59               24436.00            -0.318566           -65.522058          F 
150600                          1                   0.0001000           11477               642.64              17.86               30.87               7631172.00          1                   2.52                0.40                0.40                29886.00            -2.120276           -53.660235          F 
150619                          1                   0.0001000           11477               642.64              17.86               30.87               7631172.00          1                   4.17                0.24                0.24                49503.00            -4.241022           -55.210827          F 
130280                          1                   0.0001000           11477               642.64              17.86               30.87               7631172.00          21                  1.53                13.71               13.72               18186.00            -2.428415           -65.038109          F 
150565                          1                   0.0001000           11477               642.64              17.86               30.87               7631172.00          1                   2.55                0.39                0.39                30293.00            -3.889977           -54.500599          F 
160015                          1                   0.0001000           11477               642.64              17.86               30.87               7631172.00          236                 1.34                175.91              177.49              15931.00            1.157828            -52.523712          F 
150805                          1                   0.0001000           11477               642.64              17.86               30.87               7631172.00          0                   1.58                0                   0                   18807.00            -5.130084           -56.003417          F 
160005                          1                   0.0001000           11477               642.64              17.86               30.87               7631172.00          58                  0.45                129.80              130.09              5306.00             1.649528            -52.270468          F 
150815                          1                   0.0001000           11477               642.64              17.86               30.87               7631172.00          0                   3.83                0                   0                   45517.00            -3.583648           -53.807296          F 
130120                          1                   0.0001000           11477               642.64              17.86               30.87               7631172.00          63                  7.10                8.88                8.90                84272.00            -4.437162           -64.124619          F 
130426                          1                   0.0001000           11477               642.64              17.86               30.87               7631172.00          12                  1.13                10.64               10.65               13387.00            -3.167038           -65.411879          F 
150360                          1                   0.0001000           11477               642.64              17.86               30.87               7631172.00          185                 8.51                21.73               21.88               101097.00           -5.871333           -56.496545          F 
150445                          1                   0.0001000           11477               642.64              17.86               30.87               7631172.00          2                   2.63                0.76                0.76                31213.00            -3.160218           -53.194916          F 
160040                          1                   0.0001000           11477               642.64              17.86               30.87               7631172.00          542                 1.79                303.51              309.86              21206.00            -0.0730322          -51.943908          F 
150590                          1                   0.0001000           11477               642.64              17.86               30.87               7631172.00          0                   3.41                0                   0                   40458.00            -2.184494           -52.547960          F 
160080                          1                   0.0001000           11477               642.64              17.86               30.87               7631172.00          7                   1.31                5.33                5.33                15605.00            -0.997903           -52.061167          F 
130002                          1                   0.0001000           11477               642.64              17.86               30.87               7631172.00          178                 1.34                133.27              134.17              15860.00            -3.701122           -65.330652          F 
130270                          1                   0.0001000           11477               642.64              17.86               30.87               7631172.00          127                 4.62                27.47               27.59               54907.00            -6.459804           -61.446481          F 
160053                          1                   0.0001000           11477               642.64              17.86               30.87               7631172.00          454                 1.81                250.94              255.32              21484.00            0.587711            -51.673569          F 
160050                          1                   0.0001000           11477               642.64              17.86               30.87               7631172.00          26                  2.24                11.60               11.61               26627.00            3.088524            -51.904801          F 
130160                          1                   0.0001000           11477               642.64              17.86               30.87               7631172.00          1                   1.53                0.65                0.65                18221.00            -2.492180           -66.358452          F 
130330                          1                   0.0001000           11477               642.64              17.86               30.87               7631172.00          29                  2.13                13.65               13.66               25237.00            -6.825051           -60.477192          F 
150172                          1                   0.0001000           11477               642.64              17.86               30.87               7631172.00          0                   1.28                0                   0                   15190.00            -3.292151           -52.685423          F 
160023                          1                   0.0001000           11477               642.64              17.86               30.87               7631172.00          27                  0.64                42.24               42.28               7591.00             0.958713            -51.419182          F 
160060                          1                   0.0001000           11477               642.64              17.86               30.87               7631172.00          435                 10.07               43.19               43.89               119610.00           0.128476            -51.379449          F 
150310                          1                   0.0001000           11477               642.64              17.86               30.87               7631172.00          1                   2.78                0.36                0.36                32991.00            -1.151921           -51.555276          F 
160020                          1                   0.0001000           11477               642.64              17.86               30.87               7631172.00          37                  0.92                40.21               40.27               10926.00            2.430849            -51.404322          F 
160055                          1                   0.0001000           11477               642.64              17.86               30.87               7631172.00          1                   0.42                2.38                2.38                4993.00             1.625299            -51.277065          F 
130420                          1                   0.0001000           11477               642.64              17.86               30.87               7631172.00          101                 5.07                19.94               20.01               60154.00            -4.468383           -65.529278          F 
130220                          1                   0.0001000           11477               642.64              17.86               30.87               7631172.00          11                  1.21                9.13                9.13                14312.00            -3.524623           -66.306825          F 
160070                          1                   0.0001000           11477               642.64              17.86               30.87               7631172.00          51                  1.42                35.93               36.00               16855.00            1.294034            -50.985687          F 
150835                          1                   0.0001000           11477               642.64              17.86               30.87               7631172.00          0                   1.26                0                   0                   14987.00            -3.141047           -51.973342          F 
150375                          1                   0.0001000           11477               642.64              17.86               30.87               7631172.00          53                  0.75                70.72               70.86               8899.00             -7.445178           -57.302829          F 
150450                          1                   0.0001000           11477               642.64              17.86               30.87               7631172.00          32                  2.31                13.86               13.88               27415.00            -1.607856           -51.104066          F 
160030                          1                   0.0001000           11477               642.64              17.86               30.87               7631172.00          108                 41.57               2.60                2.60                493634.00           0.554818            -50.700863          F 
130014                          1                   0.0001000           11477               642.64              17.86               30.87               7631172.00          2                   1.82                1.10                1.10                21583.00            -7.759871           -59.431439          F 
130380                          1                   0.0001000           11477               642.64              17.86               30.87               7631172.00          97                  3.77                25.70               25.79               44816.00            0.374453            -67.997697          F 
150030                          1                   0.0001000           11477               642.64              17.86               30.87               7631172.00          34                  3.27                10.39               10.40               38863.00            -0.263841           -50.727746          F 
160025                          1                   0.0001000           11477               642.64              17.86               30.87               7631172.00          13                  0.45                28.66               28.67               5387.00             0.532233            -50.651554          F 
160010                          1                   0.0001000           11477               642.64              17.86               30.87               7631172.00          5                   0.76                6.58                6.58                9029.00             1.764026            -50.581371          F 
130170                          1                   0.0001000           11477               642.64              17.86               30.87               7631172.00          30                  4.55                6.60                6.60                54001.00            -7.362897           -62.485394          F 
160021                          1                   0.0001000           11477               642.64              17.86               30.87               7631172.00          3                   0.49                6.08                6.08                5864.00             1.030315            -50.483699          F 
150180                          1                   0.0001000           11477               642.64              17.86               30.87               7631172.00          37                  8.58                4.31                4.32                101891.00           -1.121333           -50.628584          F 
130410                          1                   0.0001000           11477               642.64              17.86               30.87               7631172.00          57                  1.46                39.13               39.21               17299.00            -6.104509           -64.893865          F 
150580                          1                   0.0001000           11477               642.64              17.86               30.87               7631172.00          201                 5.15                39.05               39.34               61126.00            -2.565541           -50.955536          F 
150780                          1                   0.0001000           11477               642.64              17.86               30.87               7631172.00          0                   1.00                0                   0                   11839.00            -4.171559           -51.773388          F 
150060                          1                   0.0001000           11477               642.64              17.86               30.87               7631172.00          23                  9.53                2.41                2.41                113195.00           -6.486303           -53.886671          F 
130423                          1                   0.0001000           11477               642.64              17.86               30.87               7631172.00          2                   1.57                1.28                1.28                18610.00            -2.691643           -67.827923          F 
130210                          1                   0.0001000           11477               642.64              17.86               30.87               7631172.00          10                  0.27                36.37               36.38               3265.00             -1.698117           -68.320288          F 
150085                          1                   0.0001000           11477               642.64              17.86               30.87               7631172.00          0                   2.29                0                   0                   27161.00            -3.997294           -51.301209          F 
150070                          1                   0.0001000           11477               642.64              17.86               30.87               7631172.00          197                 2.43                81.06               81.66               28859.00            -0.827103           -49.962044          F 
150250                          1                   0.0001000           11477               642.64              17.86               30.87               7631172.00          71                  1.98                35.90               36.00               23482.00            -0.0296229          -49.829440          F 
130090                          1                   0.0001000           11477               642.64              17.86               30.87               7631172.00          226                 1.30                173.70              175.20              15450.00            -7.403346           -64.096665          F 
150280                          1                   0.0001000           11477               642.64              17.86               30.87               7631172.00          63                  2.85                22.07               22.12               33893.00            -1.583580           -49.988115          F 
150503                          1                   0.0001000           11477               642.64              17.86               30.87               7631172.00          14                  2.17                6.45                6.46                25758.00            -8.062463           -55.612052          F 
150110                          1                   0.0001000           11477               642.64              17.86               30.87               7631172.00          442                 2.53                174.90              177.87              30009.00            -2.372794           -50.181886          F 
510080                          1                   0.0001000           11477               642.64              17.86               30.87               7631172.00          0                   0.84                0                   0                   9979.00             -8.753341           -57.827599          F 
150548                          1                   0.0001000           11477               642.64              17.86               30.87               7631172.00          172                 3.96                43.47               43.75               46986.00            -3.684058           -50.631545          F 
150770                          1                   0.0001000           11477               642.64              17.86               30.87               7631172.00          7                   2.21                3.16                3.16                26301.00            -1.434046           -49.680194          F 
130006                          1                   0.0001000           11477               642.64              17.86               30.87               7631172.00          2                   0.95                2.10                2.10                11332.00            -3.418321           -68.287308          F 
150520                          1                   0.0001000           11477               642.64              17.86               30.87               7631172.00          749                 2.71                276.49              284.55              32168.00            -2.278960           -49.902322          F 
130100                          1                   0.0001000           11477               642.64              17.86               30.87               7631172.00          28                  2.36                11.84               11.85               28076.00            -5.118832           -67.337382          F 
150640                          1                   0.0001000           11477               642.64              17.86               30.87               7631172.00          1                   0.84                1.19                1.19                9939.00             -0.583158           -49.314290          F 
150400                          1                   0.0001000           11477               642.64              17.86               30.87               7631172.00          149                 2.41                61.90               62.25               28583.00            -1.864288           -49.469256          F 
510325                          1                   0.0001000           11477               642.64              17.86               30.87               7631172.00          4                   3.14                1.27                1.27                37280.00            -9.292283           -60.305531          F 
150490                          1                   0.0001000           11477               642.64              17.86               30.87               7631172.00          10                  3.35                2.98                2.99                39783.00            -1.355540           -49.309395          F 
150210                          1                   0.0001000           11477               642.64              17.86               30.87               7631172.00          928                 11.49               80.80               83.71               136390.00           -2.253113           -49.513615          F 
150120                          1                   0.0001000           11477               642.64              17.86               30.87               7631172.00          240                 3.91                61.40               61.96               46416.00            -3.129242           -49.698861          F 
150570                          1                   0.0001000           11477               642.64              17.86               30.87               7631172.00          23                  2.58                8.92                8.93                30608.00            -1.117579           -49.077239          F 
110013                          1                   0.0001000           11477               642.64              17.86               30.87               7631172.00          47                  3.29                14.28               14.30               39097.00            -9.204070           -62.010294          F 
150460                          1                   0.0001000           11477               642.64              17.86               30.87               7631172.00          64                  2.59                24.73               24.78               30736.00            -2.576520           -49.465753          F 
510337                          1                   0.0001000           11477               642.64              17.86               30.87               7631172.00          0                   1.62                0                   0                   19254.00            -9.536841           -58.677801          F 
130370                          1                   0.0001000           11477               642.64              17.86               30.87               7631172.00          13                  1.85                7.03                7.03                21966.00            -3.051175           -69.087897          F 
150506                          1                   0.0001000           11477               642.64              17.86               30.87               7631172.00          56                  6.28                8.91                8.93                74602.00            -4.502833           -50.271560          F 
110080                          1                   0.0001000           11477               642.64              17.86               30.87               7631172.00          291                 2.19                132.99              134.47              25983.00            -8.887011           -63.325581          F 
110094                          1                   0.0001000           11477               642.64              17.86               30.87               7631172.00          61                  2.04                29.90               29.97               24226.00            -9.170974           -62.565037          F 
150200                          1                   0.0001000           11477               642.64              17.86               30.87               7631172.00          0                   1.98                0                   0                   23466.00            -0.869047           -48.877684          F 
150330                          1                   0.0001000           11477               642.64              17.86               30.87               7631172.00          5                   5.25                0.95                0.95                62355.00            -2.062684           -49.130853          F 
150810                          1                   0.0001000           11477               642.64              17.86               30.87               7631172.00          156                 9.44                16.52               16.61               112148.00           -3.855790           -49.820813          F 
130230                          1                   0.0001000           11477               642.64              17.86               30.87               7631172.00          17                  1.24                13.68               13.69               14753.00            -4.713108           -68.403854          F 
110110                          1                   0.0001000           11477               642.64              17.86               30.87               7631172.00          296                 0.87                342.19              346.06              10272.00            -9.170195           -63.044988          F 
210547                          2                   0.0001000           44                  1.38                31.80               31.85               16432.00            44                  1.38                31.80               31.85               16432.00            -5.390799           -45.575691          F 
210317                          3                   0.0001000           72                  10.80               6.67                6.68                156271.00           4                   1.48                2.70                2.71                21399.00            -3.086137           -46.538028          F 
211102                          3                   0.0001000           72                  10.80               6.67                6.68                156271.00           0                   1.09                0                   0                   15828.00            -3.559519           -46.392487          F 
211400                          3                   0.0001000           72                  10.80               6.67                6.68                156271.00           6                   3.56                1.69                1.69                51471.00            -3.275512           -45.968477          F 
210735                          3                   0.0001000           72                  10.80               6.67                6.68                156271.00           1                   1.44                0.70                0.70                20774.00            -2.896221           -45.955324          F 
210465                          3                   0.0001000           72                  10.80               6.67                6.68                156271.00           0                   0.71                0                   0                   10211.00            -3.421759           -45.920143          F 
210087                          3                   0.0001000           72                  10.80               6.67                6.68                156271.00           6                   1.06                5.68                5.68                15297.00            -3.079638           -45.787376          F 
150495                          3                   0.0001000           72                  10.80               6.67                6.68                156271.00           55                  1.47                37.38               37.46               21291.00            -2.392513           -46.899644          F 
320090                          4                   0.9833              9                   1.52                5.93                5.93                53486.00            6                   1.26                4.77                4.77                44315.00            -18.666191          -40.830993          F 
320515                          4                   0.9833              9                   1.52                5.93                5.93                53486.00            3                   0.26                11.53               11.53               9171.00             -18.614042          -40.627306          F 
