140002                          1                   0.0001000           8389                463.01              18.12               32.50               7636733.00          184                 0.65                283.08              285.93              10721.00            3.732874            -62.436863          F 
140005                          1                   0.0001000           8389                463.01              18.12               32.50               7636733.00          25                  0.99                25.30               25.33               16301.00            3.078187            -62.755259          F 
140030                          1                   0.0001000           8389                463.01              18.12               32.50               7636733.00          67                  0.98                68.48               68.73               16137.00            2.510145            -61.983632          F 
140028                          1                   0.0001000           8389                463.01              18.12               32.50               7636733.00          26                  0.61                42.70               42.76               10043.00            2.186649            -62.468913          F 
140045                          1                   0.0001000           8389                463.01              18.12               32.50               7636733.00          14                  0.71                19.79               19.81               11667.00            4.168751            -60.839425          F 
140010                          1                   0.0001000           8389                463.01              18.12               32.50               7636733.00          3                   19.09               0.16                0.16                314900.00           3.117964            -60.717850          F 
140070                          1                   0.0001000           8389                463.01              18.12               32.50               7636733.00          5                   0.56                8.86                8.86                9309.00             4.683843            -60.280731          F 
140040                          1                   0.0001000           8389                463.01              18.12               32.50               7636733.00          1                   0.60                1.66                1.66                9953.00             3.878942            -60.064912          F 
140017                          1                   0.0001000           8389                463.01              18.12               32.50               7636733.00          90                  0.96                94.11               94.57               15774.00            2.272838            -60.542067          F 
140015                          1                   0.0001000           8389                463.01              18.12               32.50               7636733.00          7                   0.71                9.93                9.93                11632.00            2.787148            -60.100125          F 
140020                          1                   0.0001000           8389                463.01              18.12               32.50               7636733.00          71                  1.21                58.61               58.83               19981.00            0.990862            -61.471950          F 
140060                          1                   0.0001000           8389                463.01              18.12               32.50               7636733.00          77                  0.44                173.76              174.49              7309.00             0.884349            -60.151701          F 
140047                          1                   0.0001000           8389                463.01              18.12               32.50               7636733.00          37                  1.63                22.76               22.81               26811.00            0.0378310           -61.010414          F 
140050                          1                   0.0001000           8389                463.01              18.12               32.50               7636733.00          21                  0.45                46.80               46.85               7401.00             0.635650            -59.844809          F 
140023                          1                   0.0001000           8389                463.01              18.12               32.50               7636733.00          8                   0.55                14.67               14.67               8997.00             0.914772            -59.338066          F 
130040                          1                   0.0001000           8389                463.01              18.12               32.50               7636733.00          40                  1.65                24.19               24.24               27273.00            -0.465180           -63.434588          F 
130360                          1                   0.0001000           8389                463.01              18.12               32.50               7636733.00          6                   1.32                4.56                4.56                21702.00            -0.318566           -65.522058          F 
130353                          1                   0.0001000           8389                463.01              18.12               32.50               7636733.00          103                 1.93                53.25               53.55               31903.00            -1.372564           -59.988741          F 
130430                          1                   0.0001000           8389                463.01              18.12               32.50               7636733.00          0                   1.05                0                   0                   17264.00            -0.893871           -59.029898          F 
130320                          1                   0.0001000           8389                463.01              18.12               32.50               7636733.00          17                  1.04                16.30               16.32               17199.00            -2.046996           -61.701836          F 
150530                          1                   0.0001000           8389                463.01              18.12               32.50               7636733.00          0                   4.12                0                   0                   67939.00            0.255032            -57.149736          F 
130380                          1                   0.0001000           8389                463.01              18.12               32.50               7636733.00          40                  2.57                15.58               15.61               42342.00            0.374453            -67.997697          F 
130280                          1                   0.0001000           8389                463.01              18.12               32.50               7636733.00          31                  1.11                27.84               27.88               18367.00            -2.428415           -65.038109          F 
130260                          1                   0.0001000           8389                463.01              18.12               32.50               7636733.00          90                  122.49              0.73                0.73                2020301.00          -2.626021           -60.259483          F 
150300                          1                   0.0001000           8389                463.01              18.12               32.50               7636733.00          0                   0.45                0                   0                   7504.00             -1.158833           -57.806300          F 
130395                          1                   0.0001000           8389                463.01              18.12               32.50               7636733.00          1                   0.75                1.32                1.32                12451.00            -1.946118           -58.702338          F 
130083                          1                   0.0001000           8389                463.01              18.12               32.50               7636733.00          18                  0.74                24.31               24.33               12214.00            -3.081969           -61.877491          F 
130356                          1                   0.0001000           8389                463.01              18.12               32.50               7636733.00          31                  1.80                17.17               17.20               29771.00            -2.529891           -59.638156          F 
130130                          1                   0.0001000           8389                463.01              18.12               32.50               7636733.00          1                   1.59                0.63                0.63                26242.00            -3.289026           -62.972665          F 
130185                          1                   0.0001000           8389                463.01              18.12               32.50               7636733.00          533                 2.74                194.28              200.05              45250.00            -3.095148           -60.480667          F 
130250                          1                   0.0001000           8389                463.01              18.12               32.50               7636733.00          24                  5.64                4.26                4.26                92996.00            -3.291606           -60.958222          F 
130300                          1                   0.0001000           8389                463.01              18.12               32.50               7636733.00          0                   1.22                0                   0                   20078.00            -1.680483           -57.656536          F 
130008                          1                   0.0001000           8389                463.01              18.12               32.50               7636733.00          0                   0.73                0                   0                   11981.00            -3.502503           -61.716696          F 
130200                          1                   0.0001000           8389                463.01              18.12               32.50               7636733.00          7                   0.54                13.03               13.03               8864.00             -2.498704           -58.619577          F 
130160                          1                   0.0001000           8389                463.01              18.12               32.50               7636733.00          7                   1.29                5.42                5.42                21295.00            -2.492180           -66.358452          F 
130426                          1                   0.0001000           8389                463.01              18.12               32.50               7636733.00          37                  0.79                47.08               47.17               12963.00            -3.167038           -65.411879          F 
130115                          1                   0.0001000           8389                463.01              18.12               32.50               7636733.00          74                  1.66                44.62               44.79               27357.00            -3.286228           -59.599493          F 
130400                          1                   0.0001000           8389                463.01              18.12               32.50               7636733.00          3                   0.55                5.49                5.49                9014.00             -2.822093           -58.536128          F 
130255                          1                   0.0001000           8389                463.01              18.12               32.50               7636733.00          7                   1.67                4.20                4.20                27480.00            -3.779354           -60.697327          F 
150510                          1                   0.0001000           8389                463.01              18.12               32.50               7636733.00          0                   3.05                0                   0                   50317.00            -0.170427           -55.674947          F 
130190                          1                   0.0001000           8389                463.01              18.12               32.50               7636733.00          30                  5.80                5.17                5.18                95714.00            -3.174662           -58.777136          F 
130110                          1                   0.0001000           8389                463.01              18.12               32.50               7636733.00          154                 2.18                70.68               71.27               35938.00            -3.770658           -60.183093          F 
130010                          1                   0.0001000           8389                463.01              18.12               32.50               7636733.00          0                   1.14                0                   0                   18826.00            -4.186645           -62.073001          F 
130002                          1                   0.0001000           8389                463.01              18.12               32.50               7636733.00          302                 0.93                324.36              329.76              15357.00            -3.701122           -65.330652          F 
130210                          1                   0.0001000           8389                463.01              18.12               32.50               7636733.00          1                   0.34                2.95                2.95                5599.00             -1.698117           -68.320288          F 
130440                          1                   0.0001000           8389                463.01              18.12               32.50               7636733.00          1                   1.25                0.80                0.80                20621.00            -2.812240           -57.770143          F 
130030                          1                   0.0001000           8389                463.01              18.12               32.50               7636733.00          132                 2.20                59.98               60.40               36301.00            -3.788879           -59.528635          F 
130220                          1                   0.0001000           8389                463.01              18.12               32.50               7636733.00          5                   0.78                6.44                6.44                12807.00            -3.524623           -66.306825          F 
150797                          1                   0.0001000           8389                463.01              18.12               32.50               7636733.00          0                   1.08                0                   0                   17783.00            -1.952134           -56.458364          F 
130120                          1                   0.0001000           8389                463.01              18.12               32.50               7636733.00          52                  4.98                10.43               10.46               82209.00            -4.437162           -64.124619          F 
130068                          1                   0.0001000           8389                463.01              18.12               32.50               7636733.00          0                   1.05                0                   0                   17248.00            -3.138082           -57.669942          F 
130063                          1                   0.0001000           8389                463.01              18.12               32.50               7636733.00          3                   1.08                2.79                2.79                17755.00            -4.603475           -61.787364          F 
130423                          1                   0.0001000           8389                463.01              18.12               32.50               7636733.00          3                   1.11                2.70                2.70                18322.00            -2.691643           -67.827923          F 
130340                          1                   0.0001000           8389                463.01              18.12               32.50               7636733.00          1                   6.69                0.15                0.15                110411.00           -2.688407           -56.854026          F 
150040                          1                   0.0001000           8389                463.01              18.12               32.50               7636733.00          1                   3.30                0.30                0.30                54353.00            -0.536230           -55.069883          F 
130310                          1                   0.0001000           8389                463.01              18.12               32.50               7636733.00          6                   2.09                2.87                2.87                34498.00            -3.988364           -58.601783          F 
130050                          1                   0.0001000           8389                463.01              18.12               32.50               7636733.00          0                   1.83                0                   0                   30202.00            -3.129157           -57.172390          F 
130420                          1                   0.0001000           8389                463.01              18.12               32.50               7636733.00          69                  3.80                18.16               18.23               62662.00            -4.468383           -65.529278          F 
150390                          1                   0.0001000           8389                463.01              18.12               32.50               7636733.00          0                   3.20                0                   0                   52755.00            -2.622585           -56.221232          F 
130080                          1                   0.0001000           8389                463.01              18.12               32.50               7636733.00          17                  2.35                7.25                7.25                38688.00            -4.957034           -59.534428          F 
150285                          1                   0.0001000           8389                463.01              18.12               32.50               7636733.00          0                   0.81                0                   0                   13333.00            -1.845743           -55.113264          F 
150050                          1                   0.0001000           8389                463.01              18.12               32.50               7636733.00          0                   2.03                0                   0                   33466.00            0.284350            -53.893460          F 
130006                          1                   0.0001000           8389                463.01              18.12               32.50               7636733.00          1                   0.65                1.55                1.55                10644.00            -3.418321           -68.287308          F 
150480                          1                   0.0001000           8389                463.01              18.12               32.50               7636733.00          0                   3.41                0                   0                   56231.00            -1.119762           -54.365806          F 
160027                          1                   0.0001000           8389                463.01              18.12               32.50               7636733.00          55                  2.71                20.26               20.32               44777.00            1.096940            -53.306000          F 
130370                          1                   0.0001000           8389                463.01              18.12               32.50               7636733.00          29                  1.46                19.93               19.96               24005.00            -3.051175           -69.087897          F 
130290                          1                   0.0001000           8389                463.01              18.12               32.50               7636733.00          252                 3.57                70.65               71.62               58834.00            -4.984990           -58.060916          F 
150100                          1                   0.0001000           8389                463.01              18.12               32.50               7636733.00          1                   0.97                1.03                1.03                15956.00            -3.667209           -56.016450          F 
150680                          1                   0.0001000           8389                463.01              18.12               32.50               7636733.00          0                   17.61               0                   0                   290521.00           -2.764647           -55.093854          F 
130100                          1                   0.0001000           8389                463.01              18.12               32.50               7636733.00          4                   1.68                2.39                2.39                27645.00            -5.118832           -67.337382          F 
130410                          1                   0.0001000           8389                463.01              18.12               32.50               7636733.00          45                  1.11                40.63               40.73               18266.00            -6.104509           -64.893865          F 
150145                          1                   0.0001000           8389                463.01              18.12               32.50               7636733.00          0                   1.03                0                   0                   16924.00            -3.191161           -54.992826          F 
160015                          1                   0.0001000           8389                463.01              18.12               32.50               7636733.00          324                 0.81                398.48              405.61              13411.00            1.157828            -52.523712          F 
130270                          1                   0.0001000           8389                463.01              18.12               32.50               7636733.00          102                 3.16                32.23               32.40               52200.00            -6.459804           -61.446481          F 
130230                          1                   0.0001000           8389                463.01              18.12               32.50               7636733.00          17                  1.03                16.52               16.53               16977.00            -4.713108           -68.403854          F 
160005                          1                   0.0001000           8389                463.01              18.12               32.50               7636733.00          105                 0.29                357.08              359.13              4850.00             1.649528            -52.270468          F 
160050                          1                   0.0001000           8389                463.01              18.12               32.50               7636733.00          47                  1.43                32.81               32.89               23628.00            3.088524            -51.904801          F 
150600                          1                   0.0001000           8389                463.01              18.12               32.50               7636733.00          0                   1.77                0                   0                   29270.00            -2.120276           -53.660235          F 
130406                          1                   0.0001000           8389                463.01              18.12               32.50               7636733.00          88                  3.62                24.32               24.43               59684.00            -4.027765           -69.681346          F 
130330                          1                   0.0001000           8389                463.01              18.12               32.50               7636733.00          8                   1.45                5.52                5.52                23905.00            -6.825051           -60.477192          F 
150619                          1                   0.0001000           8389                463.01              18.12               32.50               7636733.00          0                   2.76                0                   0                   45595.00            -4.241022           -55.210827          F 
130390                          1                   0.0001000           8389                463.01              18.12               32.50               7636733.00          45                  2.17                20.76               20.81               35757.00            -4.497836           -69.450565          F 
150805                          1                   0.0001000           8389                463.01              18.12               32.50               7636733.00          3                   1.08                2.77                2.77                17880.00            -5.130084           -56.003417          F 
150565                          1                   0.0001000           8389                463.01              18.12               32.50               7636733.00          0                   1.68                0                   0                   27700.00            -3.889977           -54.500599          F 
160020                          1                   0.0001000           8389                463.01              18.12               32.50               7636733.00          95                  0.61                157.02              157.83              9979.00             2.430849            -51.404322          F 
130170                          1                   0.0001000           8389                463.01              18.12               32.50               7636733.00          168                 3.05                55.17               55.67               50230.00            -7.362897           -62.485394          F 
160040                          1                   0.0001000           8389                463.01              18.12               32.50               7636733.00          523                 1.16                450.29              463.46              19157.00            -0.0730322          -51.943908          F 
160053                          1                   0.0001000           8389                463.01              18.12               32.50               7636733.00          333                 1.16                286.20              291.46              19191.00            0.587711            -51.673569          F 
130090                          1                   0.0001000           8389                463.01              18.12               32.50               7636733.00          240                 0.91                264.89              268.38              14944.00            -7.403346           -64.096665          F 
150360                          1                   0.0001000           8389                463.01              18.12               32.50               7636733.00          583                 5.97                97.72               100.89              98405.00            -5.871333           -56.496545          F 
150815                          1                   0.0001000           8389                463.01              18.12               32.50               7636733.00          1                   2.70                0.37                0.37                44607.00            -3.583648           -53.807296          F 
160055                          1                   0.0001000           8389                463.01              18.12               32.50               7636733.00          10                  0.27                37.45               37.47               4404.00             1.625299            -51.277065          F 
160023                          1                   0.0001000           8389                463.01              18.12               32.50               7636733.00          172                 0.41                422.54              426.52              6714.00             0.958713            -51.419182          F 
160080                          1                   0.0001000           8389                463.01              18.12               32.50               7636733.00          12                  0.85                14.09               14.10               14045.00            -0.997903           -52.061167          F 
150590                          1                   0.0001000           8389                463.01              18.12               32.50               7636733.00          0                   2.28                0                   0                   37669.00            -2.184494           -52.547960          F 
150445                          1                   0.0001000           8389                463.01              18.12               32.50               7636733.00          0                   1.79                0                   0                   29444.00            -3.160218           -53.194916          F 
160060                          1                   0.0001000           8389                463.01              18.12               32.50               7636733.00          303                 6.70                45.20               45.94               110565.00           0.128476            -51.379449          F 
160070                          1                   0.0001000           8389                463.01              18.12               32.50               7636733.00          112                 0.89                125.21              125.97              14754.00            1.294034            -50.985687          F 
130195                          1                   0.0001000           8389                463.01              18.12               32.50               7636733.00          12                  0.50                24.12               24.14               8205.00             -6.682874           -68.114036          F 
130014                          1                   0.0001000           8389                463.01              18.12               32.50               7636733.00          2                   1.23                1.63                1.63                20258.00            -7.759871           -59.431439          F 
150310                          1                   0.0001000           8389                463.01              18.12               32.50               7636733.00          1                   1.89                0.53                0.53                31182.00            -1.151921           -51.555276          F 
160010                          1                   0.0001000           8389                463.01              18.12               32.50               7636733.00          3                   0.52                5.79                5.79                8553.00             1.764026            -50.581371          F 
150172                          1                   0.0001000           8389                463.01              18.12               32.50               7636733.00          0                   0.92                0                   0                   15139.00            -3.292151           -52.685423          F 
130060                          1                   0.0001000           8389                463.01              18.12               32.50               7636733.00          29                  2.34                12.41               12.43               38533.00            -5.429327           -70.278296          F 
160030                          1                   0.0001000           8389                463.01              18.12               32.50               7636733.00          203                 27.09               7.49                7.57                446757.00           0.554818            -50.700863          F 
160025                          1                   0.0001000           8389                463.01              18.12               32.50               7636733.00          3                   0.29                10.23               10.23               4836.00             0.532233            -50.651554          F 
160021                          1                   0.0001000           8389                463.01              18.12               32.50               7636733.00          7                   0.32                21.82               21.83               5291.00             1.030315            -50.483699          F 
150375                          1                   0.0001000           8389                463.01              18.12               32.50               7636733.00          53                  2.52                21.07               21.13               41487.00            -7.445178           -57.302829          F 
150030                          1                   0.0001000           8389                463.01              18.12               32.50               7636733.00          28                  2.24                12.48               12.50               37004.00            -0.263841           -50.727746          F 
150835                          1                   0.0001000           8389                463.01              18.12               32.50               7636733.00          4                   0.86                4.63                4.63                14242.00            -3.141047           -51.973342          F 
150450                          1                   0.0001000           8389                463.01              18.12               32.50               7636733.00          6                   1.58                3.79                3.79                26133.00            -1.607856           -51.104066          F 
130240                          1                   0.0001000           8389                463.01              18.12               32.50               7636733.00          105                 2.57                40.81               41.04               42439.00            -8.375880           -65.812244          F 
110080                          1                   0.0001000           8389                463.01              18.12               32.50               7636733.00          343                 1.43                239.99              244.54              23573.00            -8.887011           -63.325581          F 
150180                          1                   0.0001000           8389                463.01              18.12               32.50               7636733.00          49                  5.90                8.30                8.32                97351.00            -1.121333           -50.628584          F 
130350                          1                   0.0001000           8389                463.01              18.12               32.50               7636733.00          256                 1.17                219.18              222.26              19265.00            -7.757795           -68.197229          F 
110094                          1                   0.0001000           8389                463.01              18.12               32.50               7636733.00          71                  1.22                57.96               58.18               20204.00            -9.170974           -62.565037          F 
110110                          1                   0.0001000           8389                463.01              18.12               32.50               7636733.00          20                  0.60                33.55               33.59               9831.00             -9.170195           -63.044988          F 
110013                          1                   0.0001000           8389                463.01              18.12               32.50               7636733.00          46                  2.21                20.84               20.89               36412.00            -9.204070           -62.010294          F 
110020                          1                   0.0001000           8389                463.01              18.12               32.50               7636733.00          244                 29.95               8.15                8.24                494013.00           -9.153039           -64.305489          F 
150580                          1                   0.0001000           8389                463.01              18.12               32.50               7636733.00          53                  3.47                15.28               15.32               57205.00            -2.565541           -50.955536          F 
150250                          1                   0.0001000           8389                463.01              18.12               32.50               7636733.00          8                   1.35                5.92                5.92                22302.00            -0.0296229          -49.829440          F 
510325                          1                   0.0001000           8389                463.01              18.12               32.50               7636733.00          13                  1.95                6.65                6.66                32230.00            -9.292283           -60.305531          F 
130020                          1                   0.0001000           8389                463.01              18.12               32.50               7636733.00          131                 1.07                122.36              123.23              17658.00            -5.711940           -71.742673          F 
150780                          1                   0.0001000           8389                463.01              18.12               32.50               7636733.00          9                   0.73                12.29               12.30               12075.00            -4.171559           -51.773388          F 
130140                          1                   0.0001000           8389                463.01              18.12               32.50               7636733.00          70                  2.04                34.38               34.51               33580.00            -7.022778           -70.222033          F 
150070                          1                   0.0001000           8389                463.01              18.12               32.50               7636733.00          169                 1.64                103.04              103.99              27051.00            -0.827103           -49.962044          F 
510080                          1                   0.0001000           8389                463.01              18.12               32.50               7636733.00          3                   0.56                5.35                5.35                9249.00             -8.753341           -57.827599          F 
150060                          1                   0.0001000           8389                463.01              18.12               32.50               7636733.00          17                  6.47                2.63                2.63                106768.00           -6.486303           -53.886671          F 
110026                          1                   0.0001000           8389                463.01              18.12               32.50               7636733.00          21                  0.22                93.39               93.49               3709.00             -9.645106           -62.790311          F 
110040                          1                   0.0001000           8389                463.01              18.12               32.50               7636733.00          12                  1.20                9.98                9.98                19841.00            -9.649274           -63.394283          F 
110175                          1                   0.0001000           8389                463.01              18.12               32.50               7636733.00          7                   0.65                10.81               10.81               10682.00            -9.732685           -61.939355          F 
150280                          1                   0.0001000           8389                463.01              18.12               32.50               7636733.00          5                   1.92                2.61                2.61                31591.00            -1.583580           -49.988115          F 
150085                          1                   0.0001000           8389                463.01              18.12               32.50               7636733.00          37                  1.49                24.88               24.93               24525.00            -3.997294           -51.301209          F 
150503                          1                   0.0001000           8389                463.01              18.12               32.50               7636733.00          22                  1.53                14.42               14.43               25169.00            -8.062463           -55.612052          F 
130150                          1                   0.0001000           8389                463.01              18.12               32.50               7636733.00          19                  1.12                17.01               17.03               18422.00            -7.573750           -70.054927          F 
150110                          1                   0.0001000           8389                463.01              18.12               32.50               7636733.00          2                   1.67                1.20                1.20                27491.00            -2.372794           -50.181886          F 
110002                          1                   0.0001000           8389                463.01              18.12               32.50               7636733.00          7                   6.24                1.12                1.12                102860.00           -9.951979           -62.957373          F 
130070                          1                   0.0001000           8389                463.01              18.12               32.50               7636733.00          6                   2.01                2.99                2.99                33148.00            -8.772979           -68.047540          F 
150770                          1                   0.0001000           8389                463.01              18.12               32.50               7636733.00          0                   1.50                0                   0                   24768.00            -1.434046           -49.680194          F 
510337                          1                   0.0001000           8389                463.01              18.12               32.50               7636733.00          0                   1.04                0                   0                   17209.00            -9.536841           -58.677801          F 
150640                          1                   0.0001000           8389                463.01              18.12               32.50               7636733.00          0                   0.56                0                   0                   9191.00             -0.583158           -49.314290          F 
110160                          1                   0.0001000           8389                463.01              18.12               32.50               7636733.00          1                   0.69                1.45                1.45                11345.00            -10.121814          -62.342289          F 
110045                          1                   0.0001000           8389                463.01              18.12               32.50               7636733.00          3                   2.26                1.33                1.33                37207.00            -10.052159          -63.941154          F 
150520                          1                   0.0001000           8389                463.01              18.12               32.50               7636733.00          0                   1.85                0                   0                   30490.00            -2.278960           -49.902322          F 
150548                          1                   0.0001000           8389                463.01              18.12               32.50               7636733.00          111                 2.66                41.68               41.92               43930.00            -3.684058           -50.631545          F 
110140                          1                   0.0001000           8389                463.01              18.12               32.50               7636733.00          17                  0.95                17.85               17.86               15710.00            -10.210793          -63.372281          F 
210055                          2                   0.0001000           131                 2.13                61.53               61.97               35114.00            65                  0.41                159.28              159.84              6731.00             -1.673095           -45.948022          F 
210197                          2                   0.0001000           131                 2.13                61.53               61.97               35114.00            1                   0.53                1.87                1.87                8816.00             -1.762813           -46.178716          F 
210260                          2                   0.0001000           131                 2.13                61.53               61.97               35114.00            65                  1.19                54.79               54.98               19567.00            -1.618742           -45.675606          F 
150750                          3                   0.0001000           31                  0.81                38.17               38.23               13470.00            31                  0.81                38.17               38.23               13470.00            -5.447389           -48.696990          F 
210232                          4                   0.0001000           32                  3.57                8.97                8.99                177443.00           12                  1.40                8.58                8.59                69548.00            -4.493661           -46.342388          F 
210203                          4                   0.0001000           32                  3.57                8.97                8.99                177443.00           0                   0.65                0                   0                   32133.00            -4.600704           -46.688724          F 
211000                          4                   0.0001000           32                  3.57                8.97                8.99                177443.00           20                  1.52                13.13               13.15               75762.00            -4.325910           -45.885268          F 
510677                          5                   0.0001000           179                 86.60               2.07                2.08                1452024.00          0                   0.69                0                   0                   11508.00            -10.825476          -51.712660          F 
510269                          5                   0.0001000           179                 86.60               2.07                2.08                1452024.00          0                   0.28                0                   0                   4703.00             -11.201057          -51.823179          F 
510335                          5                   0.0001000           179                 86.60               2.07                2.08                1452024.00          0                   1.65                0                   0                   27749.00            -10.403493          -51.698039          F 
510785                          5                   0.0001000           179                 86.60               2.07                2.08                1452024.00          0                   0.66                0                   0                   11039.00            -11.452949          -51.961623          F 
510530                          5                   0.0001000           179                 86.60               2.07                2.08                1452024.00          0                   0.13                0                   0                   2121.00             -11.007852          -50.935617          F 
510735                          5                   0.0001000           179                 86.60               2.07                2.08                1452024.00          0                   0.32                0                   0                   5354.00             -10.696430          -52.616401          F 
510860                          5                   0.0001000           179                 86.60               2.07                2.08                1452024.00          0                   1.40                0                   0                   23469.00            -9.980623           -51.404814          F 
510035                          5                   0.0001000           179                 86.60               2.07                2.08                1452024.00          0                   0.36                0                   0                   5980.00             -11.810796          -51.749943          F 
510777                          5                   0.0001000           179                 86.60               2.07                2.08                1452024.00          0                   0.47                0                   0                   7798.00             -10.332303          -50.792279          F 
510774                          5                   0.0001000           179                 86.60               2.07                2.08                1452024.00          0                   0.13                0                   0                   2213.00             -10.064857          -52.541103          F 
510788                          5                   0.0001000           179                 86.60               2.07                2.08                1452024.00          0                   0.089               0                   0                   1492.00             -12.022095          -51.362144          F 
510185                          5                   0.0001000           179                 86.60               2.07                2.08                1452024.00          0                   0.35                0                   0                   5889.00             -12.216986          -51.739360          F 
171190                          5                   0.0001000           179                 86.60               2.07                2.08                1452024.00          0                   0.71                0                   0                   11859.00            -11.035890          -50.160454          F 
510706                          5                   0.0001000           179                 86.60               2.07                2.08                1452024.00          0                   0.90                0                   0                   15121.00            -12.161387          -52.742100          F 
510631                          5                   0.0001000           179                 86.60               2.07                2.08                1452024.00          0                   0.14                0                   0                   2301.00             -12.316068          -50.888796          F 
150670                          5                   0.0001000           179                 86.60               2.07                2.08                1452024.00          0                   3.88                0                   0                   65062.00            -9.364016           -50.611231          F 
171750                          5                   0.0001000           179                 86.60               2.07                2.08                1452024.00          0                   0.43                0                   0                   7264.00             -10.210136          -49.872433          F 
170820                          5                   0.0001000           179                 86.60               2.07                2.08                1452024.00          0                   1.12                0                   0                   18773.00            -11.959003          -50.097998          F 
510642                          5                   0.0001000           179                 86.60               2.07                2.08                1452024.00          0                   1.94                0                   0                   32464.00            -10.147782          -53.587442          F 
510718                          5                   0.0001000           179                 86.60               2.07                2.08                1452024.00          0                   0.56                0                   0                   9440.00             -12.874322          -51.567902          F 
171250                          5                   0.0001000           179                 86.60               2.07                2.08                1452024.00          0                   0.29                0                   0                   4814.00             -9.787699           -49.699800          F 
510558                          5                   0.0001000           179                 86.60               2.07                2.08                1452024.00          0                   0.66                0                   0                   11090.00            -10.886197          -54.053071          F 
170390                          5                   0.0001000           179                 86.60               2.07                2.08                1452024.00          0                   0.30                0                   0                   5043.00             -9.400390           -49.848105          F 
170730                          5                   0.0001000           179                 86.60               2.07                2.08                1452024.00          0                   0.28                0                   0                   4720.00             -11.428493          -49.390895          F 
170610                          5                   0.0001000           179                 86.60               2.07                2.08                1452024.00          0                   0.44                0                   0                   7393.00             -10.637071          -49.313222          F 
171889                          5                   0.0001000           179                 86.60               2.07                2.08                1452024.00          0                   0.14                0                   0                   2278.00             -10.971089          -49.295639          F 
171884                          5                   0.0001000           179                 86.60               2.07                2.08                1452024.00          0                   0.20                0                   0                   3411.00             -12.401973          -49.876147          F 
150276                          5                   0.0001000           179                 86.60               2.07                2.08                1452024.00          14                  0.72                19.45               19.46               12069.00            -8.458321           -51.221011          F 
170460                          5                   0.0001000           179                 86.60               2.07                2.08                1452024.00          0                   0.083               0                   0                   1391.00             -10.165599          -49.196403          F 
170710                          5                   0.0001000           179                 86.60               2.07                2.08                1452024.00          0                   0.40                0                   0                   6729.00             -9.694686           -49.354809          F 
150658                          5                   0.0001000           179                 86.60               2.07                2.08                1452024.00          0                   1.16                0                   0                   19437.00            -8.633727           -50.314447          F 
510270                          5                   0.0001000           179                 86.60               2.07                2.08                1452024.00          0                   1.19                0                   0                   19948.00            -13.331224          -52.398800          F 
510370                          5                   0.0001000           179                 86.60               2.07                2.08                1452024.00          0                   0.74                0                   0                   12440.00            -11.918239          -54.167552          F 
510830                          5                   0.0001000           179                 86.60               2.07                2.08                1452024.00          0                   0.21                0                   0                   3594.00             -11.528079          -54.315704          F 
171500                          5                   0.0001000           179                 86.60               2.07                2.08                1452024.00          0                   0.24                0                   0                   4066.00             -10.549682          -48.974513          F 
170025                          5                   0.0001000           179                 86.60               2.07                2.08                1452024.00          0                   0.15                0                   0                   2523.00             -9.480412           -49.309816          F 
522020                          5                   0.0001000           179                 86.60               2.07                2.08                1452024.00          2                   1.36                1.47                1.47                22750.00            -13.145623          -50.249100          F 
510560                          5                   0.0001000           179                 86.60               2.07                2.08                1452024.00          0                   0.91                0                   0                   15206.00            -10.011788          -54.361207          F 
510385                          5                   0.0001000           179                 86.60               2.07                2.08                1452024.00          0                   0.41                0                   0                   6900.00             -12.996255          -53.455995          F 
170765                          5                   0.0001000           179                 86.60               2.07                2.08                1452024.00          0                   0.32                0                   0                   5403.00             -12.264141          -49.283001          F 
170755                          5                   0.0001000           179                 86.60               2.07                2.08                1452024.00          0                   0.23                0                   0                   3889.00             -10.809587          -48.874459          F 
170035                          5                   0.0001000           179                 86.60               2.07                2.08                1452024.00          0                   0.34                0                   0                   5645.00             -11.332291          -48.908276          F 
171845                          5                   0.0001000           179                 86.60               2.07                2.08                1452024.00          0                   0.15                0                   0                   2561.00             -10.422585          -48.883228          F 
170200                          5                   0.0001000           179                 86.60               2.07                2.08                1452024.00          0                   0.53                0                   0                   8822.00             -12.841080          -49.696345          F 
170190                          5                   0.0001000           179                 86.60               2.07                2.08                1452024.00          0                   0.41                0                   0                   6791.00             -8.939322           -49.504685          F 
170950                          5                   0.0001000           179                 86.60               2.07                2.08                1452024.00          0                   4.94                0                   0                   82762.00            -11.652181          -48.886813          F 
171610                          5                   0.0001000           179                 86.60               2.07                2.08                1452024.00          0                   2.89                0                   0                   48409.00            -10.221048          -48.826153          F 
170070                          5                   0.0001000           179                 86.60               2.07                2.08                1452024.00          0                   0.51                0                   0                   8546.00             -12.408706          -49.113225          F 
170720                          5                   0.0001000           179                 86.60               2.07                2.08                1452024.00          0                   0.44                0                   0                   7311.00             -9.271299           -49.066506          F 
510410                          5                   0.0001000           179                 86.60               2.07                2.08                1452024.00          0                   2.01                0                   0                   33632.00            -9.775286           -54.617359          F 
510310                          5                   0.0001000           179                 86.60               2.07                2.08                1452024.00          0                   0.33                0                   0                   5527.00             -13.868782          -51.147459          F 
510619                          5                   0.0001000           179                 86.60               2.07                2.08                1452024.00          0                   0.21                0                   0                   3550.00             -10.920430          -54.900941          F 
150613                          5                   0.0001000           179                 86.60               2.07                2.08                1452024.00          2                   4.77                0.42                0.42                79917.00            -8.069353           -50.198021          F 
171820                          5                   0.0001000           179                 86.60               2.07                2.08                1452024.00          0                   3.09                0                   0                   51846.00            -10.544219          -48.496576          F 
510805                          5                   0.0001000           179                 86.60               2.07                2.08                1452024.00          0                   0.62                0                   0                   10391.00            -10.507189          -54.979631          F 
510020                          5                   0.0001000           179                 86.60               2.07                2.08                1452024.00          0                   1.38                0                   0                   23057.00            -13.977087          -52.499920          F 
171320                          5                   0.0001000           179                 86.60               2.07                2.08                1452024.00          0                   1.19                0                   0                   19934.00            -9.754121           -48.551251          F 
171330                          5                   0.0001000           179                 86.60               2.07                2.08                1452024.00          0                   0.79                0                   0                   13232.00            -9.417515           -48.683039          F 
170830                          5                   0.0001000           179                 86.60               2.07                2.08                1452024.00          0                   0.31                0                   0                   5125.00             -8.873690           -49.010009          F 
171660                          5                   0.0001000           179                 86.60               2.07                2.08                1452024.00          0                   0.67                0                   0                   11209.00            -11.996815          -48.555155          F 
150543                          5                   0.0001000           179                 86.60               2.07                2.08                1452024.00          80                  1.80                44.46               44.65               30171.00            -7.525492           -51.432537          F 
521405                          5                   0.0001000           179                 86.60               2.07                2.08                1452024.00          0                   0.36                0                   0                   6046.00             -13.798766          -50.203361          F 
510724                          5                   0.0001000           179                 86.60               2.07                2.08                1452024.00          0                   0.25                0                   0                   4256.00             -11.935890          -54.903014          F 
510305                          5                   0.0001000           179                 86.60               2.07                2.08                1452024.00          0                   0.68                0                   0                   11457.00            -11.448470          -55.048169          F 
510617                          5                   0.0001000           179                 86.60               2.07                2.08                1452024.00          0                   0.20                0                   0                   3406.00             -14.155878          -51.889764          F 
150270                          5                   0.0001000           179                 86.60               2.07                2.08                1452024.00          0                   2.76                0                   0                   46302.00            -8.182560           -49.512625          F 
521800                          5                   0.0001000           179                 86.60               2.07                2.08                1452024.00          0                   2.66                0                   0                   44534.00            -13.292789          -49.230989          F 
150555                          5                   0.0001000           179                 86.60               2.07                2.08                1452024.00          0                   0.34                0                   0                   5637.00             -7.737187           -50.123353          F 
170600                          5                   0.0001000           179                 86.60               2.07                2.08                1452024.00          0                   0.32                0                   0                   5370.00             -8.436865           -49.162374          F 
521483                          5                   0.0001000           179                 86.60               2.07                2.08                1452024.00          0                   0.75                0                   0                   12571.00            -14.133960          -50.561719          F 
150125                          5                   0.0001000           179                 86.60               2.07                2.08                1452024.00          2                   0.20                10.15               10.15               3303.00             -7.486340           -50.634226          F 
171200                          5                   0.0001000           179                 86.60               2.07                2.08                1452024.00          0                   0.18                0                   0                   2991.00             -9.848403           -48.290044          F 
171670                          5                   0.0001000           179                 86.60               2.07                2.08                1452024.00          0                   0.51                0                   0                   8581.00             -8.837011           -48.764716          F 
172100                          5                   0.0001000           179                 86.60               2.07                2.08                1452024.00          0                   15.83               0                   0                   265409.00           -10.218663          -48.153597          F 
171150                          5                   0.0001000           179                 86.60               2.07                2.08                1452024.00          0                   0.22                0                   0                   3730.00             -12.748297          -48.645919          F 
171870                          5                   0.0001000           179                 86.60               2.07                2.08                1452024.00          0                   0.16                0                   0                   2740.00             -9.235825           -48.451896          F 
510880                          5                   0.0001000           179                 86.60               2.07                2.08                1452024.00          0                   0.28                0                   0                   4660.00             -10.288990          -55.336868          F 
172049                          5                   0.0001000           179                 86.60               2.07                2.08                1452024.00          0                   0.25                0                   0                   4267.00             -11.804060          -48.170606          F 
150730                          5                   0.0001000           179                 86.60               2.07                2.08                1452024.00          79                  6.66                11.87               11.91               111633.00           -7.233186           -52.252675          F 
