140005                          1                   0.0001000           38257               2154.72             17.75               31.09               6971461.00          85                  7.06                12.03               12.04               22856.00            3.078187            -62.755259          F 
140002                          1                   0.0001000           38257               2154.72             17.75               31.09               6971461.00          44                  1.93                22.85               22.87               6229.00             3.732874            -62.436863          F 
140028                          1                   0.0001000           38257               2154.72             17.75               31.09               6971461.00          80                  1.94                41.15               41.19               6290.00             2.186649            -62.468913          F 
140030                          1                   0.0001000           38257               2154.72             17.75               31.09               6971461.00          131                 3.62                36.16               36.21               11722.00            2.510145            -61.983632          F 
140010                          1                   0.0001000           38257               2154.72             17.75               31.09               6971461.00          20                  77.16               0.26                0.26                249655.00           3.117964            -60.717850          F 
140045                          1                   0.0001000           38257               2154.72             17.75               31.09               6971461.00          7                   2.61                2.69                2.69                8435.00             4.168751            -60.839425          F 
140017                          1                   0.0001000           38257               2154.72             17.75               31.09               6971461.00          540                 3.35                161.38              162.39              10826.00            2.272838            -60.542067          F 
140020                          1                   0.0001000           38257               2154.72             17.75               31.09               6971461.00          239                 5.68                42.10               42.22               18367.00            0.990862            -61.471950          F 
140015                          1                   0.0001000           38257               2154.72             17.75               31.09               6971461.00          89                  4.09                21.78               21.80               13220.00            2.787148            -60.100125          F 
140040                          1                   0.0001000           38257               2154.72             17.75               31.09               6971461.00          14                  1.60                8.73                8.73                5191.00             3.878942            -60.064912          F 
140070                          1                   0.0001000           38257               2154.72             17.75               31.09               6971461.00          8                   2.02                3.96                3.96                6543.00             4.683843            -60.280731          F 
140060                          1                   0.0001000           38257               2154.72             17.75               31.09               6971461.00          118                 2.07                56.97               57.04               6702.00             0.884349            -60.151701          F 
140047                          1                   0.0001000           38257               2154.72             17.75               31.09               6971461.00          107                 8.01                13.36               13.38               25913.00            0.0378310           -61.010414          F 
130040                          1                   0.0001000           38257               2154.72             17.75               31.09               6971461.00          184                 10.40               17.70               17.74               33633.00            -0.465180           -63.434588          F 
140050                          1                   0.0001000           38257               2154.72             17.75               31.09               6971461.00          7                   1.70                4.12                4.12                5494.00             0.635650            -59.844809          F 
140023                          1                   0.0001000           38257               2154.72             17.75               31.09               6971461.00          24                  1.82                13.16               13.16               5901.00             0.914772            -59.338066          F 
130360                          1                   0.0001000           38257               2154.72             17.75               31.09               6971461.00          50                  2.19                22.86               22.87               7077.00             -0.318566           -65.522058          F 
130320                          1                   0.0001000           38257               2154.72             17.75               31.09               6971461.00          264                 2.01                131.09              131.48              6516.00             -2.046996           -61.701836          F 
130353                          1                   0.0001000           38257               2154.72             17.75               31.09               6971461.00          1030                7.66                134.48              136.09              24781.00            -1.372564           -59.988741          F 
130430                          1                   0.0001000           38257               2154.72             17.75               31.09               6971461.00          227                 7.24                31.36               31.44               23422.00            -0.893871           -59.029898          F 
130380                          1                   0.0001000           38257               2154.72             17.75               31.09               6971461.00          24                  10.76               2.23                2.23                34827.00            0.374453            -67.997697          F 
130280                          1                   0.0001000           38257               2154.72             17.75               31.09               6971461.00          57                  6.44                8.85                8.86                20836.00            -2.428415           -65.038109          F 
130083                          1                   0.0001000           38257               2154.72             17.75               31.09               6971461.00          465                 3.16                147.28              148.07              10215.00            -3.081969           -61.877491          F 
130260                          1                   0.0001000           38257               2154.72             17.75               31.09               6971461.00          856                 521.88              1.64                1.65                1688524.00          -2.626021           -60.259483          F 
150530                          1                   0.0001000           38257               2154.72             17.75               31.09               6971461.00          4                   16.69               0.24                0.24                53999.00            0.255032            -57.149736          F 
130130                          1                   0.0001000           38257               2154.72             17.75               31.09               6971461.00          37                  6.31                5.87                5.87                20407.00            -3.289026           -62.972665          F 
130356                          1                   0.0001000           38257               2154.72             17.75               31.09               6971461.00          1608                7.89                203.92              207.77              25513.00            -2.529891           -59.638156          F 
130395                          1                   0.0001000           38257               2154.72             17.75               31.09               6971461.00          439                 2.79                157.14              157.93              9039.00             -1.946118           -58.702338          F 
150300                          1                   0.0001000           38257               2154.72             17.75               31.09               6971461.00          4                   4.65                0.86                0.86                15043.00            -1.158833           -57.806300          F 
130185                          1                   0.0001000           38257               2154.72             17.75               31.09               6971461.00          813                 13.23               61.44               62.02               42812.00            -3.095148           -60.480667          F 
130250                          1                   0.0001000           38257               2154.72             17.75               31.09               6971461.00          719                 26.17               27.48               27.70               84656.00            -3.291606           -60.958222          F 
130160                          1                   0.0001000           38257               2154.72             17.75               31.09               6971461.00          5                   12.10               0.41                0.41                39144.00            -2.492180           -66.358452          F 
130008                          1                   0.0001000           38257               2154.72             17.75               31.09               6971461.00          19                  2.15                8.85                8.85                6949.00             -3.502503           -61.716696          F 
130426                          1                   0.0001000           38257               2154.72             17.75               31.09               6971461.00          60                  4.24                14.14               14.15               13729.00            -3.167038           -65.411879          F 
130200                          1                   0.0001000           38257               2154.72             17.75               31.09               6971461.00          139                 2.74                50.72               50.80               8866.00             -2.498704           -58.619577          F 
130300                          1                   0.0001000           38257               2154.72             17.75               31.09               6971461.00          9                   5.21                1.73                1.73                16864.00            -1.680483           -57.656536          F 
130115                          1                   0.0001000           38257               2154.72             17.75               31.09               6971461.00          368                 5.14                71.61               71.92               16626.00            -3.286228           -59.599493          F 
130255                          1                   0.0001000           38257               2154.72             17.75               31.09               6971461.00          259                 4.37                59.26               59.44               14140.00            -3.779354           -60.697327          F 
130002                          1                   0.0001000           38257               2154.72             17.75               31.09               6971461.00          587                 4.57                128.53              129.41              14776.00            -3.701122           -65.330652          F 
130400                          1                   0.0001000           38257               2154.72             17.75               31.09               6971461.00          442                 2.87                154.13              154.92              9278.00             -2.822093           -58.536128          F 
130010                          1                   0.0001000           38257               2154.72             17.75               31.09               6971461.00          13                  4.01                3.24                3.24                12990.00            -4.186645           -62.073001          F 
130110                          1                   0.0001000           38257               2154.72             17.75               31.09               6971461.00          1256                7.57                165.87              168.31              24499.00            -3.770658           -60.183093          F 
130210                          1                   0.0001000           38257               2154.72             17.75               31.09               6971461.00          52                  4.05                12.85               12.85               13096.00            -1.698117           -68.320288          F 
130190                          1                   0.0001000           38257               2154.72             17.75               31.09               6971461.00          833                 25.24               33.00               33.31               81674.00            -3.174662           -58.777136          F 
130220                          1                   0.0001000           38257               2154.72             17.75               31.09               6971461.00          15                  2.38                6.31                6.31                7687.00             -3.524623           -66.306825          F 
130030                          1                   0.0001000           38257               2154.72             17.75               31.09               6971461.00          1341                9.13                146.91              149.21              29534.00            -3.788879           -59.528635          F 
130120                          1                   0.0001000           38257               2154.72             17.75               31.09               6971461.00          83                  27.03               3.07                3.07                87468.00            -4.437162           -64.124619          F 
130423                          1                   0.0001000           38257               2154.72             17.75               31.09               6971461.00          4                   6.01                0.67                0.67                19439.00            -2.691643           -67.827923          F 
130440                          1                   0.0001000           38257               2154.72             17.75               31.09               6971461.00          7                   2.59                2.70                2.70                8386.00             -2.812240           -57.770143          F 
130063                          1                   0.0001000           38257               2154.72             17.75               31.09               6971461.00          78                  4.21                18.53               18.54               13620.00            -4.603475           -61.787364          F 
150510                          1                   0.0001000           38257               2154.72             17.75               31.09               6971461.00          21                  15.32               1.37                1.37                49582.00            -0.170427           -55.674947          F 
130068                          1                   0.0001000           38257               2154.72             17.75               31.09               6971461.00          14                  3.90                3.59                3.59                12617.00            -3.138082           -57.669942          F 
130420                          1                   0.0001000           38257               2154.72             17.75               31.09               6971461.00          121                 22.25               5.44                5.45                71975.00            -4.468383           -65.529278          F 
150797                          1                   0.0001000           38257               2154.72             17.75               31.09               6971461.00          0                   5.38                0                   0                   17395.00            -1.952134           -56.458364          F 
130310                          1                   0.0001000           38257               2154.72             17.75               31.09               6971461.00          29                  9.72                2.98                2.98                31450.00            -3.988364           -58.601783          F 
130340                          1                   0.0001000           38257               2154.72             17.75               31.09               6971461.00          2                   34.81               0.057               0.057               112636.00           -2.688407           -56.854026          F 
130050                          1                   0.0001000           38257               2154.72             17.75               31.09               6971461.00          5                   8.37                0.60                0.60                27069.00            -3.129157           -57.172390          F 
150040                          1                   0.0001000           38257               2154.72             17.75               31.09               6971461.00          26                  12.27               2.12                2.12                39697.00            -0.536230           -55.069883          F 
130006                          1                   0.0001000           38257               2154.72             17.75               31.09               6971461.00          0                   2.83                0                   0                   9150.00             -3.418321           -68.287308          F 
130080                          1                   0.0001000           38257               2154.72             17.75               31.09               6971461.00          670                 11.37               58.92               59.37               36793.00            -4.957034           -59.534428          F 
150390                          1                   0.0001000           38257               2154.72             17.75               31.09               6971461.00          0                   11.46               0                   0                   37064.00            -2.622585           -56.221232          F 
130370                          1                   0.0001000           38257               2154.72             17.75               31.09               6971461.00          9                   11.16               0.81                0.81                36098.00            -3.051175           -69.087897          F 
150285                          1                   0.0001000           38257               2154.72             17.75               31.09               6971461.00          79                  3.07                25.70               25.72               9945.00             -1.845743           -55.113264          F 
150050                          1                   0.0001000           38257               2154.72             17.75               31.09               6971461.00          8                   10.61               0.75                0.75                34338.00            0.284350            -53.893460          F 
130290                          1                   0.0001000           38257               2154.72             17.75               31.09               6971461.00          112                 14.49               7.73                7.74                46873.00            -4.984990           -58.060916          F 
150480                          1                   0.0001000           38257               2154.72             17.75               31.09               6971461.00          2                   21.44               0.093               0.093               69372.00            -1.119762           -54.365806          F 
130100                          1                   0.0001000           38257               2154.72             17.75               31.09               6971461.00          7                   8.15                0.86                0.86                26377.00            -5.118832           -67.337382          F 
130410                          1                   0.0001000           38257               2154.72             17.75               31.09               6971461.00          81                  5.30                15.27               15.29               17160.00            -6.104509           -64.893865          F 
150100                          1                   0.0001000           38257               2154.72             17.75               31.09               6971461.00          1                   5.86                0.17                0.17                18949.00            -3.667209           -56.016450          F 
130230                          1                   0.0001000           38257               2154.72             17.75               31.09               6971461.00          20                  8.64                2.31                2.32                27955.00            -4.713108           -68.403854          F 
130270                          1                   0.0001000           38257               2154.72             17.75               31.09               6971461.00          419                 11.80               35.52               35.69               38168.00            -6.459804           -61.446481          F 
150680                          1                   0.0001000           38257               2154.72             17.75               31.09               6971461.00          1                   85.33               0.012               0.012               276074.00           -2.764647           -55.093854          F 
160027                          1                   0.0001000           38257               2154.72             17.75               31.09               6971461.00          62                  11.50               5.39                5.40                37194.00            1.096940            -53.306000          F 
130406                          1                   0.0001000           38257               2154.72             17.75               31.09               6971461.00          61                  13.93               4.38                4.38                45085.00            -4.027765           -69.681346          F 
150145                          1                   0.0001000           38257               2154.72             17.75               31.09               6971461.00          0                   5.46                0                   0                   17659.00            -3.191161           -54.992826          F 
130390                          1                   0.0001000           38257               2154.72             17.75               31.09               6971461.00          33                  9.25                3.57                3.57                29916.00            -4.497836           -69.450565          F 
130330                          1                   0.0001000           38257               2154.72             17.75               31.09               6971461.00          263                 6.51                40.42               40.54               21051.00            -6.825051           -60.477192          F 
160015                          1                   0.0001000           38257               2154.72             17.75               31.09               6971461.00          404                 1.82                221.81              222.85              5893.00             1.157828            -52.523712          F 
130170                          1                   0.0001000           38257               2154.72             17.75               31.09               6971461.00          54                  8.81                6.13                6.13                28498.00            -7.362897           -62.485394          F 
150600                          1                   0.0001000           38257               2154.72             17.75               31.09               6971461.00          133                 9.36                14.21               14.23               30278.00            -2.120276           -53.660235          F 
150619                          1                   0.0001000           38257               2154.72             17.75               31.09               6971461.00          9                   8.81                1.02                1.02                28497.00            -4.241022           -55.210827          F 
130090                          1                   0.0001000           38257               2154.72             17.75               31.09               6971461.00          226                 3.01                75.20               75.40               9723.00             -7.403346           -64.096665          F 
160005                          1                   0.0001000           38257               2154.72             17.75               31.09               6971461.00          111                 1.34                83.02               83.12               4326.00             1.649528            -52.270468          F 
150805                          1                   0.0001000           38257               2154.72             17.75               31.09               6971461.00          25                  5.53                4.52                4.52                17892.00            -5.130084           -56.003417          F 
150565                          1                   0.0001000           38257               2154.72             17.75               31.09               6971461.00          19                  4.83                3.94                3.94                15614.00            -3.889977           -54.500599          F 
160050                          1                   0.0001000           38257               2154.72             17.75               31.09               6971461.00          130                 5.20                25.00               25.03               16826.00            3.088524            -51.904801          F 
150360                          1                   0.0001000           38257               2154.72             17.75               31.09               6971461.00          422                 29.83               14.15               14.21               96515.00            -5.871333           -56.496545          F 
130195                          1                   0.0001000           38257               2154.72             17.75               31.09               6971461.00          6                   2.45                2.45                2.45                7919.00             -6.682874           -68.114036          F 
150815                          1                   0.0001000           38257               2154.72             17.75               31.09               6971461.00          32                  18.51               1.73                1.73                59881.00            -3.583648           -53.807296          F 
160040                          1                   0.0001000           38257               2154.72             17.75               31.09               6971461.00          419                 4.41                95.07               95.53               14259.00            -0.0730322          -51.943908          F 
130014                          1                   0.0001000           38257               2154.72             17.75               31.09               6971461.00          24                  6.09                3.94                3.94                19694.00            -7.759871           -59.431439          F 
130060                          1                   0.0001000           38257               2154.72             17.75               31.09               6971461.00          13                  8.26                1.57                1.57                26737.00            -5.429327           -70.278296          F 
160053                          1                   0.0001000           38257               2154.72             17.75               31.09               6971461.00          677                 4.74                142.90              144.02              15328.00            0.587711            -51.673569          F 
160020                          1                   0.0001000           38257               2154.72             17.75               31.09               6971461.00          188                 2.43                77.21               77.38               7878.00             2.430849            -51.404322          F 
150445                          1                   0.0001000           38257               2154.72             17.75               31.09               6971461.00          5                   6.99                0.71                0.71                22631.00            -3.160218           -53.194916          F 
160080                          1                   0.0001000           38257               2154.72             17.75               31.09               6971461.00          28                  3.55                7.89                7.89                11487.00            -0.997903           -52.061167          F 
150590                          1                   0.0001000           38257               2154.72             17.75               31.09               6971461.00          21                  9.24                2.27                2.27                29890.00            -2.184494           -52.547960          F 
160023                          1                   0.0001000           38257               2154.72             17.75               31.09               6971461.00          280                 1.38                203.21              203.87              4458.00             0.958713            -51.419182          F 
160055                          1                   0.0001000           38257               2154.72             17.75               31.09               6971461.00          20                  0.90                22.12               22.12               2926.00             1.625299            -51.277065          F 
160060                          1                   0.0001000           38257               2154.72             17.75               31.09               6971461.00          328                 31.48               10.42               10.45               101864.00           0.128476            -51.379449          F 
150375                          1                   0.0001000           38257               2154.72             17.75               31.09               6971461.00          224                 10.72               20.90               20.95               34683.00            -7.445178           -57.302829          F 
130240                          1                   0.0001000           38257               2154.72             17.75               31.09               6971461.00          1749                8.04                217.48              221.95              26020.00            -8.375880           -65.812244          F 
160070                          1                   0.0001000           38257               2154.72             17.75               31.09               6971461.00          140                 2.76                50.80               50.88               8916.00             1.294034            -50.985687          F 
150172                          1                   0.0001000           38257               2154.72             17.75               31.09               6971461.00          45                  6.61                6.81                6.81                21386.00            -3.292151           -52.685423          F 
150310                          1                   0.0001000           38257               2154.72             17.75               31.09               6971461.00          4                   8.08                0.49                0.49                26150.00            -1.151921           -51.555276          F 
110080                          1                   0.0001000           38257               2154.72             17.75               31.09               6971461.00          1226                5.36                228.68              231.96              17346.00            -8.887011           -63.325581          F 
130350                          1                   0.0001000           38257               2154.72             17.75               31.09               6971461.00          206                 5.29                38.91               39.00               17131.00            -7.757795           -68.197229          F 
160010                          1                   0.0001000           38257               2154.72             17.75               31.09               6971461.00          11                  2.31                4.77                4.77                7465.00             1.764026            -50.581371          F 
110094                          1                   0.0001000           38257               2154.72             17.75               31.09               6971461.00          360                 2.86                126.08              126.61              9238.00             -9.170974           -62.565037          F 
110110                          1                   0.0001000           38257               2154.72             17.75               31.09               6971461.00          693                 2.69                257.75              259.83              8699.00             -9.170195           -63.044988          F 
110013                          1                   0.0001000           38257               2154.72             17.75               31.09               6971461.00          642                 9.18                69.91               70.43               29711.00            -9.204070           -62.010294          F 
160030                          1                   0.0001000           38257               2154.72             17.75               31.09               6971461.00          162                 113.85              1.42                1.42                368367.00           0.554818            -50.700863          F 
110020                          1                   0.0001000           38257               2154.72             17.75               31.09               6971461.00          4121                117.75              35.00               36.70               380974.00           -9.153039           -64.305489          F 
160025                          1                   0.0001000           38257               2154.72             17.75               31.09               6971461.00          13                  1.26                10.35               10.36               4062.00             0.532233            -50.651554          F 
160021                          1                   0.0001000           38257               2154.72             17.75               31.09               6971461.00          3                   1.38                2.17                2.17                4466.00             1.030315            -50.483699          F 
150835                          1                   0.0001000           38257               2154.72             17.75               31.09               6971461.00          116                 3.15                36.77               36.82               10206.00            -3.141047           -51.973342          F 
150030                          1                   0.0001000           38257               2154.72             17.75               31.09               6971461.00          15                  11.29               1.33                1.33                36524.00            -0.263841           -50.727746          F 
130140                          1                   0.0001000           38257               2154.72             17.75               31.09               6971461.00          7                   9.31                0.75                0.75                30125.00            -7.022778           -70.222033          F 
150450                          1                   0.0001000           38257               2154.72             17.75               31.09               6971461.00          14                  8.00                1.75                1.75                25887.00            -1.607856           -51.104066          F 
130020                          1                   0.0001000           38257               2154.72             17.75               31.09               6971461.00          134                 3.56                37.62               37.68               11523.00            -5.711940           -71.742673          F 
510325                          1                   0.0001000           38257               2154.72             17.75               31.09               6971461.00          105                 4.37                24.01               24.04               14149.00            -9.292283           -60.305531          F 
110026                          1                   0.0001000           38257               2154.72             17.75               31.09               6971461.00          101                 1.11                90.70               90.80               3603.00             -9.645106           -62.790311          F 
110040                          1                   0.0001000           38257               2154.72             17.75               31.09               6971461.00          473                 5.10                92.69               93.20               16510.00            -9.649274           -63.394283          F 
510080                          1                   0.0001000           38257               2154.72             17.75               31.09               6971461.00          13                  1.96                6.65                6.65                6328.00             -8.753341           -57.827599          F 
150180                          1                   0.0001000           38257               2154.72             17.75               31.09               6971461.00          112                 26.61               4.21                4.21                86084.00            -1.121333           -50.628584          F 
110175                          1                   0.0001000           38257               2154.72             17.75               31.09               6971461.00          162                 3.39                47.81               47.90               10962.00            -9.732685           -61.939355          F 
130150                          1                   0.0001000           38257               2154.72             17.75               31.09               6971461.00          1                   4.25                0.24                0.24                13746.00            -7.573750           -70.054927          F 
130070                          1                   0.0001000           38257               2154.72             17.75               31.09               6971461.00          10                  8.80                1.14                1.14                28480.00            -8.772979           -68.047540          F 
110002                          1                   0.0001000           38257               2154.72             17.75               31.09               6971461.00          468                 26.87               17.42               17.51               86924.00            -9.951979           -62.957373          F 
150060                          1                   0.0001000           38257               2154.72             17.75               31.09               6971461.00          104                 26.47               3.93                3.93                85649.00            -6.486303           -53.886671          F 
150580                          1                   0.0001000           38257               2154.72             17.75               31.09               6971461.00          314                 13.72               22.88               22.96               44393.00            -2.565541           -50.955536          F 
150780                          1                   0.0001000           38257               2154.72             17.75               31.09               6971461.00          256                 3.18                80.53               80.77               10285.00            -4.171559           -51.773388          F 
110045                          1                   0.0001000           38257               2154.72             17.75               31.09               6971461.00          401                 13.20               30.37               30.51               42717.00            -10.052159          -63.941154          F 
110160                          1                   0.0001000           38257               2154.72             17.75               31.09               6971461.00          183                 4.43                41.33               41.42               14326.00            -10.121814          -62.342289          F 
150503                          1                   0.0001000           38257               2154.72             17.75               31.09               6971461.00          113                 12.13               9.32                9.33                39245.00            -8.062463           -55.612052          F 
510337                          1                   0.0001000           38257               2154.72             17.75               31.09               6971461.00          5                   4.14                1.21                1.21                13390.00            -9.536841           -58.677801          F 
150250                          1                   0.0001000           38257               2154.72             17.75               31.09               6971461.00          127                 5.35                23.73               23.77               17313.00            -0.0296229          -49.829440          F 
110140                          1                   0.0001000           38257               2154.72             17.75               31.09               6971461.00          255                 5.22                48.87               49.02               16881.00            -10.210793          -63.372281          F 
150070                          1                   0.0001000           38257               2154.72             17.75               31.09               6971461.00          286                 6.59                43.43               43.57               21307.00            -0.827103           -49.962044          F 
110060                          1                   0.0001000           38257               2154.72             17.75               31.09               6971461.00          27                  1.69                15.99               15.99               5464.00             -10.331685          -62.987180          F 
130180                          1                   0.0001000           38257               2154.72             17.75               31.09               6971461.00          61                  5.50                11.08               11.09               17806.00            -7.181162           -71.415929          F 
150085                          1                   0.0001000           38257               2154.72             17.75               31.09               6971461.00          108                 1.99                54.39               54.45               6425.00             -3.997294           -51.301209          F 
110180                          1                   0.0001000           38257               2154.72             17.75               31.09               6971461.00          13                  3.23                4.03                4.03                10442.00            -10.384134          -62.093876          F 
110012                          1                   0.0001000           38257               2154.72             17.75               31.09               6971461.00          46                  35.07               1.31                1.31                113453.00           -10.462197          -61.757091          F 
510140                          1                   0.0001000           38257               2154.72             17.75               31.09               6971461.00          67                  5.99                11.19               11.20               19372.00            -10.187963          -59.839297          F 
150280                          1                   0.0001000           38257               2154.72             17.75               31.09               6971461.00          46                  7.29                6.31                6.32                23573.00            -1.583580           -49.988115          F 
110033                          1                   0.0001000           38257               2154.72             17.75               31.09               6971461.00          989                 6.29                157.29              159.11              20343.00            -10.382239          -64.629270          F 
110070                          1                   0.0001000           38257               2154.72             17.75               31.09               6971461.00          588                 5.75                102.18              102.87              18619.00            -10.485091          -63.799446          F 
120080                          1                   0.0001000           38257               2154.72             17.75               31.09               6971461.00          121                 3.81                31.74               31.78               12335.00            -9.629475           -67.701064          F 
510757                          1                   0.0001000           38257               2154.72             17.75               31.09               6971461.00          1                   1.34                0.74                0.74                4347.00             -10.463060          -61.010088          F 
510615                          1                   0.0001000           38257               2154.72             17.75               31.09               6971461.00          1                   3.03                0.33                0.33                9800.00             -9.768714           -58.076318          F 
120001                          1                   0.0001000           38257               2154.72             17.75               31.09               6971461.00          60                  3.64                16.47               16.48               11786.00            -9.934392           -66.948427          F 
110011                          1                   0.0001000           38257               2154.72             17.75               31.09               6971461.00          32                  17.38               1.84                1.84                56242.00            -10.592446          -62.584788          F 
150110                          1                   0.0001000           38257               2154.72             17.75               31.09               6971461.00          10                  4.21                2.38                2.38                13607.00            -2.372794           -50.181886          F 
110015                          1                   0.0001000           38257               2154.72             17.75               31.09               6971461.00          33                  12.59               2.62                2.62                40735.00            -10.610539          -62.172424          F 
120013                          1                   0.0001000           38257               2154.72             17.75               31.09               6971461.00          65                  2.70                24.03               24.05               8751.00             -9.613848           -68.175429          F 
150770                          1                   0.0001000           38257               2154.72             17.75               31.09               6971461.00          4                   6.09                0.66                0.66                19688.00            -1.434046           -49.680194          F 
110100                          1                   0.0001000           38257               2154.72             17.75               31.09               6971461.00          30                  5.81                5.17                5.17                18786.00            -10.748055          -63.183884          F 
150548                          1                   0.0001000           38257               2154.72             17.75               31.09               6971461.00          2395                9.64                248.53              255.59              31179.00            -3.684058           -50.631545          F 
120045                          1                   0.0001000           38257               2154.72             17.75               31.09               6971461.00          358                 6.49                55.16               55.38               21000.00            -9.996928           -67.427266          F 
150520                          1                   0.0001000           38257               2154.72             17.75               31.09               6971461.00          8                   8.21                0.97                0.97                26554.00            -2.278960           -49.902322          F 
150640                          1                   0.0001000           38257               2154.72             17.75               31.09               6971461.00          46                  1.73                26.52               26.54               5611.00             -0.583158           -49.314290          F 
110143                          1                   0.0001000           38257               2154.72             17.75               31.09               6971461.00          4                   2.94                1.36                1.36                9526.00             -10.889526          -62.532438          F 
110155                          1                   0.0001000           38257               2154.72             17.75               31.09               6971461.00          2                   1.82                1.10                1.10                5894.00             -10.943464          -62.279708          F 
510629                          1                   0.0001000           38257               2154.72             17.75               31.09               6971461.00          3                   2.72                1.10                1.10                8812.00             -9.593078           -56.684722          F 
510517                          1                   0.0001000           38257               2154.72             17.75               31.09               6971461.00          1                   1.98                0.50                0.50                6420.00             -10.359620          -58.592177          F 
120038                          1                   0.0001000           38257               2154.72             17.75               31.09               6971461.00          163                 5.26                31.00               31.05               17014.00            -10.248624          -67.339671          F 
510895                          1                   0.0001000           38257               2154.72             17.75               31.09               6971461.00          1                   2.75                0.36                0.36                8883.00             -9.964637           -57.251389          F 
150490                          1                   0.0001000           38257               2154.72             17.75               31.09               6971461.00          116                 8.58                13.52               13.54               27758.00            -1.355540           -49.309395          F 
150812                          2                   0.0001000           4271                875.34              4.88                5.08                2832119.00          5                   8.65                0.58                0.58                27987.00            -3.809797           -47.493553          F 
210542                          2                   0.0001000           4271                875.34              4.88                5.08                2832119.00          0                   9.00                0                   0                   29114.00            -4.271325           -47.260573          F 
150293                          2                   0.0001000           4271                875.34              4.88                5.08                2832119.00          2                   15.68               0.13                0.13                50739.00            -4.186537           -47.898194          F 
150550                          2                   0.0001000           4271                875.34              4.88                5.08                2832119.00          179                 27.47               6.52                6.53                88877.00            -3.203446           -47.603092          F 
210005                          2                   0.0001000           4271                875.34              4.88                5.08                2832119.00          1                   32.87               0.030               0.030               106357.00           -4.785872           -47.332250          F 
210200                          2                   0.0001000           4271                875.34              4.88                5.08                2832119.00          7                   11.85               0.59                0.59                38349.00            -3.900294           -46.418166          F 
150345                          2                   0.0001000           4271                875.34              4.88                5.08                2832119.00          89                  11.39               7.81                7.82                36851.00            -2.805973           -47.921740          F 
210203                          2                   0.0001000           4271                875.34              4.88                5.08                2832119.00          2                   6.05                0.33                0.33                19578.00            -4.600704           -46.688724          F 
211102                          2                   0.0001000           4271                875.34              4.88                5.08                2832119.00          0                   4.66                0                   0                   15087.00            -3.559519           -46.392487          F 
150618                          2                   0.0001000           4271                875.34              4.88                5.08                2832119.00          27                  14.31               1.89                1.89                46311.00            -4.517001           -48.459948          F 
210317                          2                   0.0001000           4271                875.34              4.88                5.08                2832119.00          116                 5.09                22.80               22.83               16464.00            -3.086137           -46.538028          F 
210325                          2                   0.0001000           4271                875.34              4.88                5.08                2832119.00          0                   3.82                0                   0                   12371.00            -5.057171           -47.829843          F 
210232                          2                   0.0001000           4271                875.34              4.88                5.08                2832119.00          1                   20.50               0.049               0.049               66326.00            -4.493661           -46.342388          F 
211085                          2                   0.0001000           4271                875.34              4.88                5.08                2832119.00          0                   2.60                0                   0                   8413.00             -5.158471           -47.353530          F 
211285                          2                   0.0001000           4271                875.34              4.88                5.08                2832119.00          0                   2.30                0                   0                   7443.00             -5.074890           -48.080618          F 
150800                          2                   0.0001000           4271                875.34              4.88                5.08                2832119.00          12                  15.95               0.75                0.75                51612.00            -2.635991           -48.267573          F 
210550                          2                   0.0001000           4271                875.34              4.88                5.08                2832119.00          0                   6.76                0                   0                   21866.00            -5.227371           -47.182857          F 
150013                          2                   0.0001000           4271                875.34              4.88                5.08                2832119.00          0                   2.20                0                   0                   7131.00             -4.957467           -48.424677          F 
210047                          2                   0.0001000           4271                875.34              4.88                5.08                2832119.00          3                   11.03               0.27                0.27                35695.00            -3.880456           -46.007745          F 
150309                          2                   0.0001000           4271                875.34              4.88                5.08                2832119.00          192                 9.67                19.85               19.89               31293.00            -4.027408           -49.005681          F 
210530                          2                   0.0001000           4271                875.34              4.88                5.08                2832119.00          0                   71.88               0                   0                   232560.00           -5.339671           -47.575263          F 
150795                          2                   0.0001000           4271                875.34              4.88                5.08                2832119.00          68                  16.61               4.09                4.10                53755.00            -2.907824           -48.736640          F 
150495                          2                   0.0001000           4271                875.34              4.88                5.08                2832119.00          12                  8.64                1.39                1.39                27943.00            -2.392513           -46.899644          F 
211176                          2                   0.0001000           4271                875.34              4.88                5.08                2832119.00          1                   5.62                0.18                0.18                18196.00            -5.325134           -47.107834          F 
171880                          2                   0.0001000           4271                875.34              4.88                5.08                2832119.00          0                   0.76                0                   0                   2448.00             -5.329724           -47.918762          F 
211153                          2                   0.0001000           4271                875.34              4.88                5.08                2832119.00          0                   3.46                0                   0                   11198.00            -5.133802           -48.369497          F 
150095                          2                   0.0001000           4271                875.34              4.88                5.08                2832119.00          16                  7.78                2.06                2.06                25174.00            -2.231219           -47.726444          F 
170389                          2                   0.0001000           4271                875.34              4.88                5.08                2832119.00          0                   1.38                0                   0                   4472.00             -5.336437           -48.010822          F 
211400                          2                   0.0001000           4271                875.34              4.88                5.08                2832119.00          3                   16.06               0.19                0.19                51966.00            -3.275512           -45.968477          F 
210465                          2                   0.0001000           4271                875.34              4.88                5.08                2832119.00          1                   4.05                0.25                0.25                13119.00            -3.421759           -45.920143          F 
172030                          2                   0.0001000           4271                875.34              4.88                5.08                2832119.00          0                   1.40                0                   0                   4534.00             -5.240695           -48.331520          F 
170380                          2                   0.0001000           4271                875.34              4.88                5.08                2832119.00          0                   2.48                0                   0                   8008.00             -5.337853           -48.137952          F 
211000                          2                   0.0001000           4271                875.34              4.88                5.08                2832119.00          21                  25.61               0.82                0.82                82854.00            -4.325910           -45.885268          F 
171830                          2                   0.0001000           4271                875.34              4.88                5.08                2832119.00          0                   2.64                0                   0                   8528.00             -5.472478           -47.783323          F 
150307                          2                   0.0001000           4271                875.34              4.88                5.08                2832119.00          3                   8.34                0.36                0.36                26991.00            -2.168291           -47.075261          F 
172020                          2                   0.0001000           4271                875.34              4.88                5.08                2832119.00          0                   2.97                0                   0                   9613.00             -5.542702           -47.595382          F 
210060                          2                   0.0001000           4271                875.34              4.88                5.08                2832119.00          11                  11.54               0.95                0.95                37345.00            -5.285725           -46.573078          F 
170255                          2                   0.0001000           4271                875.34              4.88                5.08                2832119.00          0                   4.61                0                   0                   14923.00            -5.497871           -47.929361          F 
210235                          2                   0.0001000           4271                875.34              4.88                5.08                2832119.00          0                   4.84                0                   0                   15644.00            -5.518122           -47.061504          F 
150157                          2                   0.0001000           4271                875.34              4.88                5.08                2832119.00          17                  4.40                3.86                3.87                14232.00            -5.054285           -48.763593          F 
150230                          2                   0.0001000           4271                875.34              4.88                5.08                2832119.00          3                   16.37               0.18                0.18                52960.00            -2.043740           -47.234217          F 
210735                          2                   0.0001000           4271                875.34              4.88                5.08                2832119.00          7                   4.35                1.61                1.61                14086.00            -2.896221           -45.955324          F 
210375                          2                   0.0001000           4271                875.34              4.88                5.08                2832119.00          0                   3.62                0                   0                   11721.00            -5.598304           -47.300223          F 
150405                          2                   0.0001000           4271                875.34              4.88                5.08                2832119.00          1                   6.98                0.14                0.14                22580.00            -1.990967           -47.512595          F 
172080                          2                   0.0001000           4271                875.34              4.88                5.08                2832119.00          0                   3.47                0                   0                   11225.00            -5.630039           -47.686391          F 
170740                          2                   0.0001000           4271                875.34              4.88                5.08                2832119.00          0                   2.96                0                   0                   9578.00             -5.326535           -48.540410          F 
210087                          2                   0.0001000           4271                875.34              4.88                5.08                2832119.00          1                   2.68                0.37                0.37                8664.00             -3.079638           -45.787376          F 
170290                          2                   0.0001000           4271                875.34              4.88                5.08                2832119.00          4                   2.46                1.62                1.62                7974.00             -5.645508           -47.766281          F 
150380                          2                   0.0001000           4271                875.34              4.88                5.08                2832119.00          36                  14.95               2.41                2.41                48368.00            -4.598468           -49.181178          F 
150178                          2                   0.0001000           4271                875.34              4.88                5.08                2832119.00          253                 14.29               17.70               17.75               46250.00            -3.733432           -49.370902          F 
211227                          2                   0.0001000           4271                875.34              4.88                5.08                2832119.00          1                   1.70                0.59                0.59                5497.00             -3.757538           -45.581194          F 
210455                          2                   0.0001000           4271                875.34              4.88                5.08                2832119.00          0                   4.05                0                   0                   13088.00            -5.718646           -47.324990          F 
150470                          2                   0.0001000           4271                875.34              4.88                5.08                2832119.00          1511                19.23               78.57               79.95               62223.00            -2.683914           -49.073983          F 
150720                          2                   0.0001000           4271                875.34              4.88                5.08                2832119.00          12                  9.96                1.20                1.20                32231.00            -1.883708           -47.771736          F 
170220                          2                   0.0001000           4271                875.34              4.88                5.08                2832119.00          0                   9.25                0                   0                   29936.00            -5.665337           -48.105949          F 
210095                          2                   0.0001000           4271                875.34              4.88                5.08                2832119.00          7                   8.29                0.84                0.84                26827.00            -5.060040           -45.954318          F 
210315                          2                   0.0001000           4271                875.34              4.88                5.08                2832119.00          9                   2.18                4.13                4.13                7052.00             -2.367505           -46.128105          F 
150275                          2                   0.0001000           4271                875.34              4.88                5.08                2832119.00          13                  7.78                1.67                1.67                25176.00            -1.883885           -47.974776          F 
171070                          2                   0.0001000           4271                875.34              4.88                5.08                2832119.00          0                   2.07                0                   0                   6706.00             -5.803729           -47.596510          F 
150020                          2                   0.0001000           4271                875.34              4.88                5.08                2832119.00          2                   19.52               0.10                0.10                63170.00            -2.035421           -48.411423          F 
150350                          2                   0.0001000           4271                875.34              4.88                5.08                2832119.00          0                   9.30                0                   0                   30080.00            -1.812345           -47.399582          F 
210040                          2                   0.0001000           4271                875.34              4.88                5.08                2832119.00          0                   2.08                0                   0                   6730.00             -4.168960           -45.503735          F 
210215                          2                   0.0001000           4271                875.34              4.88                5.08                2832119.00          0                   2.49                0                   0                   8065.00             -4.369485           -45.549445          F 
210637                          2                   0.0001000           4271                875.34              4.88                5.08                2832119.00          3                   3.24                0.93                0.93                10491.00            -2.452057           -45.988295          F 
150750                          2                   0.0001000           4271                875.34              4.88                5.08                2832119.00          11                  5.32                2.07                2.07                17207.00            -5.447389           -48.696990          F 
210850                          2                   0.0001000           4271                875.34              4.88                5.08                2832119.00          5                   9.05                0.55                0.55                29272.00            -3.691451           -45.437504          F 
210990                          2                   0.0001000           4271                875.34              4.88                5.08                2832119.00          0                   23.54               0                   0                   76173.00            -3.871839           -45.434294          F 
150497                          2                   0.0001000           4271                875.34              4.88                5.08                2832119.00          230                 4.43                51.86               52.00               14348.00            -4.980996           -49.230674          F 
210700                          2                   0.0001000           4271                875.34              4.88                5.08                2832119.00          0                   3.41                0                   0                   11020.00            -5.858256           -47.041181          F 
150195                          2                   0.0001000           4271                875.34              4.88                5.08                2832119.00          162                 6.42                25.25               25.29               20759.00            -1.991029           -46.439673          F 
211003                          2                   0.0001000           4271                875.34              4.88                5.08                2832119.00          2                   5.96                0.34                0.34                19271.00            -2.539736           -45.792268          F 
210635                          2                   0.0001000           4271                875.34              4.88                5.08                2832119.00          0                   2.15                0                   0                   6968.00             -4.736924           -45.558563          F 
150175                          2                   0.0001000           4271                875.34              4.88                5.08                2832119.00          0                   2.55                0                   0                   8243.00             -5.735954           -48.432343          F 
210955                          2                   0.0001000           4271                875.34              4.88                5.08                2832119.00          0                   2.22                0                   0                   7170.00             -5.961096           -47.313774          F 
210690                          2                   0.0001000           4271                875.34              4.88                5.08                2832119.00          19                  8.20                2.32                2.32                26546.00            -3.479863           -45.320156          F 
172010                          2                   0.0001000           4271                875.34              4.88                5.08                2832119.00          0                   0.89                0                   0                   2889.00             -5.974795           -47.939574          F 
171280                          2                   0.0001000           4271                875.34              4.88                5.08                2832119.00          0                   1.09                0                   0                   3524.00             -6.024203           -47.589794          F 
210825                          2                   0.0001000           4271                875.34              4.88                5.08                2832119.00          14                  7.49                1.87                1.87                24220.00            -2.989105           -45.429993          F 
211300                          2                   0.0001000           4271                875.34              4.88                5.08                2832119.00          0                   8.72                0                   0                   28205.00            -4.243861           -45.312642          F 
150715                          2                   0.0001000           4271                875.34              4.88                5.08                2832119.00          2                   7.49                0.27                0.27                24230.00            -5.657874           -48.730479          F 
210177                          2                   0.0001000           4271                875.34              4.88                5.08                2832119.00          0                   3.35                0                   0                   10829.00            -3.758452           -45.264977          F 
150655                          2                   0.0001000           4271                875.34              4.88                5.08                2832119.00          5                   6.13                0.82                0.82                19818.00            -1.657453           -46.927109          F 
211172                          2                   0.0001000           4271                875.34              4.88                5.08                2832119.00          0                   3.17                0                   0                   10268.00            -3.938769           -45.259330          F 
210810                          2                   0.0001000           4271                875.34              4.88                5.08                2832119.00          0                   5.90                0                   0                   19093.00            -4.519491           -45.361569          F 
150190                          2                   0.0001000           4271                875.34              4.88                5.08                2832119.00          13                  8.08                1.61                1.61                26143.00            -1.634175           -48.088935          F 
150760                          2                   0.0001000           4271                875.34              4.88                5.08                2832119.00          1                   14.71               0.068               0.068               47599.00            -1.552591           -47.611298          F 
210830                          2                   0.0001000           4271                875.34              4.88                5.08                2832119.00          1                   9.60                0.10                0.10                31047.00            -3.251174           -45.285441          F 
210923                          2                   0.0001000           4271                875.34              4.88                5.08                2832119.00          6                   1.59                3.77                3.77                5143.00             -2.318820           -45.773469          F 
210535                          2                   0.0001000           4271                875.34              4.88                5.08                2832119.00          0                   4.04                0                   0                   13081.00            -5.145868           -45.640663          F 
150549                          2                   0.0001000           4271                875.34              4.88                5.08                2832119.00          0                   2.79                0                   0                   9033.00             -5.926997           -48.370291          F 
150120                          2                   0.0001000           4271                875.34              4.88                5.08                2832119.00          447                 6.77                66.06               66.40               21893.00            -3.129242           -49.698861          F 
150810                          2                   0.0001000           4271                875.34              4.88                5.08                2832119.00          281                 27.08               10.38               10.41               87602.00            -3.855790           -49.820813          F 
150460                          2                   0.0001000           4271                875.34              4.88                5.08                2832119.00          0                   6.82                0                   0                   22054.00            -2.576520           -49.465753          F 
210565                          2                   0.0001000           4271                875.34              4.88                5.08                2832119.00          6                   2.00                2.99                2.99                6484.00             -1.917746           -46.115749          F 
150540                          2                   0.0001000           4271                875.34              4.88                5.08                2832119.00          1                   4.82                0.21                0.21                15605.00            -1.496053           -47.139522          F 
210598                          2                   0.0001000           4271                875.34              4.88                5.08                2832119.00          0                   2.04                0                   0                   6602.00             -6.103953           -46.924755          F 
210632                          2                   0.0001000           4271                875.34              4.88                5.08                2832119.00          108                 5.25                20.59               20.61               16971.00            -1.982063           -45.992607          F 
210596                          2                   0.0001000           4271                875.34              4.88                5.08                2832119.00          0                   2.47                0                   0                   7988.00             -4.929942           -45.400875          F 
210515                          2                   0.0001000           4271                875.34              4.88                5.08                2832119.00          0                   3.55                0                   0                   11489.00            -3.650085           -45.119947          F 
210255                          2                   0.0001000           4271                875.34              4.88                5.08                2832119.00          0                   4.10                0                   0                   13260.00            -6.176187           -47.263755          F 
150340                          2                   0.0001000           4271                875.34              4.88                5.08                2832119.00          0                   2.61                0                   0                   8430.00             -1.464844           -47.923111          F 
210740                          2                   0.0001000           4271                875.34              4.88                5.08                2832119.00          0                   5.26                0                   0                   17011.00            -4.094537           -45.120265          F 
150330                          2                   0.0001000           4271                875.34              4.88                5.08                2832119.00          0                   18.72               0                   0                   60558.00            -2.062684           -49.130853          F 
210870                          2                   0.0001000           4271                875.34              4.88                5.08                2832119.00          3                   8.92                0.34                0.34                28850.00            -3.851378           -45.093343          F 
171245                          2                   0.0001000           4271                875.34              4.88                5.08                2832119.00          0                   0.77                0                   0                   2488.00             -6.206258           -47.830401          F 
210467                          2                   0.0001000           4271                875.34              4.88                5.08                2832119.00          232                 10.38               22.34               22.40               33597.00            -2.061555           -45.818133          F 
150160                          2                   0.0001000           4271                875.34              4.88                5.08                2832119.00          1                   3.33                0.30                0.30                10762.00            -1.387175           -47.302176          F 
210197                          2                   0.0001000           4271                875.34              4.88                5.08                2832119.00          69                  1.96                35.26               35.29               6331.00             -1.762813           -46.178716          F 
210250                          3                   0.0001000           99                  2.38                41.53               41.58               11474.00            99                  2.38                41.53               41.58               11474.00            -3.382683           -45.030399          F 
510370                          4                   0.0001000           112                 17.81               6.29                6.30                58261.00            29                  2.92                9.93                9.93                9557.00             -11.918239          -54.167552          F 
510830                          4                   0.0001000           112                 17.81               6.29                6.30                58261.00            4                   1.78                2.24                2.24                5834.00             -11.528079          -54.315704          F 
510724                          4                   0.0001000           112                 17.81               6.29                6.30                58261.00            0                   1.35                0                   0                   4414.00             -11.935890          -54.903014          F 
510305                          4                   0.0001000           112                 17.81               6.29                6.30                58261.00            2                   3.69                0.54                0.54                12073.00            -11.448470          -55.048169          F 
510558                          4                   0.0001000           112                 17.81               6.29                6.30                58261.00            47                  5.70                8.25                8.25                18634.00            -10.886197          -54.053071          F 
510624                          4                   0.0001000           112                 17.81               6.29                6.30                58261.00            30                  2.37                12.66               12.67               7749.00             -12.990775          -54.766813          F 
210510                          5                   0.0001000           27                  3.43                7.87                7.87                22088.00            27                  3.43                7.87                7.87                22088.00            -2.621285           -43.870540          F 
172093                          6                   0.002900            6                   0.14                42.54               42.54               1369.00             6                   0.14                42.54               42.54               1369.00             -12.140223          -46.994389          F 
210663                          7                   0.7360              9                   1.25                7.20                7.20                8040.00             9                   1.25                7.20                7.20                8040.00             -3.758787           -44.476339          F 
