130360                          1                   0.0001000           2008                108.78              18.46               32.98               7609197.00          5                   0.33                15.15               15.16               23092.00            -0.318566           -65.522058          F 
130040                          1                   0.0001000           2008                108.78              18.46               32.98               7609197.00          14                  0.39                35.50               35.60               27589.00            -0.465180           -63.434588          F 
130280                          1                   0.0001000           2008                108.78              18.46               32.98               7609197.00          0                   0.26                0                   0                   18477.00            -2.428415           -65.038109          F 
130160                          1                   0.0001000           2008                108.78              18.46               32.98               7609197.00          0                   0.29                0                   0                   20199.00            -2.492180           -66.358452          F 
130380                          1                   0.0001000           2008                108.78              18.46               32.98               7609197.00          9                   0.63                14.36               14.39               43831.00            0.374453            -67.997697          F 
130426                          1                   0.0001000           2008                108.78              18.46               32.98               7609197.00          0                   0.19                0                   0                   13276.00            -3.167038           -65.411879          F 
130210                          1                   0.0001000           2008                108.78              18.46               32.98               7609197.00          0                   0.067               0                   0                   4660.00             -1.698117           -68.320288          F 
130220                          1                   0.0001000           2008                108.78              18.46               32.98               7609197.00          0                   0.19                0                   0                   13581.00            -3.524623           -66.306825          F 
130423                          1                   0.0001000           2008                108.78              18.46               32.98               7609197.00          0                   0.27                0                   0                   18632.00            -2.691643           -67.827923          F 
130002                          1                   0.0001000           2008                108.78              18.46               32.98               7609197.00          0                   0.22                0                   0                   15729.00            -3.701122           -65.330652          F 
130130                          1                   0.0001000           2008                108.78              18.46               32.98               7609197.00          0                   0.39                0                   0                   27303.00            -3.289026           -62.972665          F 
140028                          1                   0.0001000           2008                108.78              18.46               32.98               7609197.00          0                   0.15                0                   0                   10592.00            2.186649            -62.468913          F 
130420                          1                   0.0001000           2008                108.78              18.46               32.98               7609197.00          1                   0.89                1.12                1.12                62230.00            -4.468383           -65.529278          F 
130006                          1                   0.0001000           2008                108.78              18.46               32.98               7609197.00          0                   0.16                0                   0                   11047.00            -3.418321           -68.287308          F 
130320                          1                   0.0001000           2008                108.78              18.46               32.98               7609197.00          0                   0.26                0                   0                   18133.00            -2.046996           -61.701836          F 
140020                          1                   0.0001000           2008                108.78              18.46               32.98               7609197.00          0                   0.29                0                   0                   20537.00            0.990862            -61.471950          F 
130120                          1                   0.0001000           2008                108.78              18.46               32.98               7609197.00          2                   1.20                1.67                1.67                83929.00            -4.437162           -64.124619          F 
140005                          1                   0.0001000           2008                108.78              18.46               32.98               7609197.00          3                   0.23                13.07               13.08               16053.00            3.078187            -62.755259          F 
130370                          1                   0.0001000           2008                108.78              18.46               32.98               7609197.00          1                   0.33                2.99                2.99                23378.00            -3.051175           -69.087897          F 
140047                          1                   0.0001000           2008                108.78              18.46               32.98               7609197.00          8                   0.40                20.16               20.20               27756.00            0.0378310           -61.010414          F 
140030                          1                   0.0001000           2008                108.78              18.46               32.98               7609197.00          1                   0.24                4.21                4.21                16618.00            2.510145            -61.983632          F 
130083                          1                   0.0001000           2008                108.78              18.46               32.98               7609197.00          0                   0.18                0                   0                   12622.00            -3.081969           -61.877491          F 
130008                          1                   0.0001000           2008                108.78              18.46               32.98               7609197.00          0                   0.18                0                   0                   12653.00            -3.502503           -61.716696          F 
140002                          1                   0.0001000           2008                108.78              18.46               32.98               7609197.00          0                   0.16                0                   0                   11285.00            3.732874            -62.436863          F 
130100                          1                   0.0001000           2008                108.78              18.46               32.98               7609197.00          1                   0.40                2.49                2.49                28111.00            -5.118832           -67.337382          F 
130010                          1                   0.0001000           2008                108.78              18.46               32.98               7609197.00          0                   0.28                0                   0                   19749.00            -4.186645           -62.073001          F 
130230                          1                   0.0001000           2008                108.78              18.46               32.98               7609197.00          0                   0.23                0                   0                   16200.00            -4.713108           -68.403854          F 
130250                          1                   0.0001000           2008                108.78              18.46               32.98               7609197.00          1                   1.36                0.73                0.73                95330.00            -3.291606           -60.958222          F 
140060                          1                   0.0001000           2008                108.78              18.46               32.98               7609197.00          0                   0.11                0                   0                   7503.00             0.884349            -60.151701          F 
130406                          1                   0.0001000           2008                108.78              18.46               32.98               7609197.00          1                   0.89                1.12                1.12                62346.00            -4.027765           -69.681346          F 
140017                          1                   0.0001000           2008                108.78              18.46               32.98               7609197.00          0                   0.24                0                   0                   16516.00            2.272838            -60.542067          F 
130353                          1                   0.0001000           2008                108.78              18.46               32.98               7609197.00          4                   0.48                8.30                8.31                33703.00            -1.372564           -59.988741          F 
130063                          1                   0.0001000           2008                108.78              18.46               32.98               7609197.00          0                   0.27                0                   0                   18579.00            -4.603475           -61.787364          F 
130390                          1                   0.0001000           2008                108.78              18.46               32.98               7609197.00          0                   0.53                0                   0                   37300.00            -4.497836           -69.450565          F 
130260                          1                   0.0001000           2008                108.78              18.46               32.98               7609197.00          43                  29.94               1.44                1.44                2094391.00          -2.626021           -60.259483          F 
130185                          1                   0.0001000           2008                108.78              18.46               32.98               7609197.00          0                   0.67                0                   0                   46703.00            -3.095148           -60.480667          F 
140050                          1                   0.0001000           2008                108.78              18.46               32.98               7609197.00          0                   0.11                0                   0                   7629.00             0.635650            -59.844809          F 
130410                          1                   0.0001000           2008                108.78              18.46               32.98               7609197.00          1                   0.26                3.88                3.88                18039.00            -6.104509           -64.893865          F 
140010                          1                   0.0001000           2008                108.78              18.46               32.98               7609197.00          15                  4.67                3.21                3.22                326419.00           3.117964            -60.717850          F 
130255                          1                   0.0001000           2008                108.78              18.46               32.98               7609197.00          0                   0.42                0                   0                   29327.00            -3.779354           -60.697327          F 
140015                          1                   0.0001000           2008                108.78              18.46               32.98               7609197.00          0                   0.17                0                   0                   11843.00            2.787148            -60.100125          F 
130356                          1                   0.0001000           2008                108.78              18.46               32.98               7609197.00          3                   0.45                6.71                6.71                31274.00            -2.529891           -59.638156          F 
140023                          1                   0.0001000           2008                108.78              18.46               32.98               7609197.00          0                   0.13                0                   0                   9331.00             0.914772            -59.338066          F 
130110                          1                   0.0001000           2008                108.78              18.46               32.98               7609197.00          4                   0.53                7.58                7.58                36922.00            -3.770658           -60.183093          F 
140045                          1                   0.0001000           2008                108.78              18.46               32.98               7609197.00          2                   0.17                11.52               11.52               12144.00            4.168751            -60.839425          F 
130430                          1                   0.0001000           2008                108.78              18.46               32.98               7609197.00          0                   0.24                0                   0                   17065.00            -0.893871           -59.029898          F 
130115                          1                   0.0001000           2008                108.78              18.46               32.98               7609197.00          0                   0.41                0                   0                   28592.00            -3.286228           -59.599493          F 
130195                          1                   0.0001000           2008                108.78              18.46               32.98               7609197.00          2                   0.12                17.16               17.17               8153.00             -6.682874           -68.114036          F 
140040                          1                   0.0001000           2008                108.78              18.46               32.98               7609197.00          0                   0.15                0                   0                   10339.00            3.878942            -60.064912          F 
130030                          1                   0.0001000           2008                108.78              18.46               32.98               7609197.00          0                   0.54                0                   0                   37752.00            -3.788879           -59.528635          F 
130060                          1                   0.0001000           2008                108.78              18.46               32.98               7609197.00          0                   0.58                0                   0                   40417.00            -5.429327           -70.278296          F 
130395                          1                   0.0001000           2008                108.78              18.46               32.98               7609197.00          0                   0.19                0                   0                   13105.00            -1.946118           -58.702338          F 
130090                          1                   0.0001000           2008                108.78              18.46               32.98               7609197.00          187                 0.22                854.25              891.93              15312.00            -7.403346           -64.096665          F 
130200                          1                   0.0001000           2008                108.78              18.46               32.98               7609197.00          0                   0.13                0                   0                   9040.00             -2.498704           -58.619577          F 
140070                          1                   0.0001000           2008                108.78              18.46               32.98               7609197.00          0                   0.14                0                   0                   9664.00             4.683843            -60.280731          F 
130190                          1                   0.0001000           2008                108.78              18.46               32.98               7609197.00          1                   1.41                0.71                0.71                98503.00            -3.174662           -58.777136          F 
130270                          1                   0.0001000           2008                108.78              18.46               32.98               7609197.00          10                  0.77                12.98               13.01               53890.00            -6.459804           -61.446481          F 
130400                          1                   0.0001000           2008                108.78              18.46               32.98               7609197.00          0                   0.13                0                   0                   9147.00             -2.822093           -58.536128          F 
130080                          1                   0.0001000           2008                108.78              18.46               32.98               7609197.00          1                   0.57                1.75                1.75                39885.00            -4.957034           -59.534428          F 
130170                          1                   0.0001000           2008                108.78              18.46               32.98               7609197.00          142                 0.75                189.72              195.98              52354.00            -7.362897           -62.485394          F 
150300                          1                   0.0001000           2008                108.78              18.46               32.98               7609197.00          0                   0.10                0                   0                   7168.00             -1.158833           -57.806300          F 
130310                          1                   0.0001000           2008                108.78              18.46               32.98               7609197.00          0                   0.51                0                   0                   35800.00            -3.988364           -58.601783          F 
130350                          1                   0.0001000           2008                108.78              18.46               32.98               7609197.00          4                   0.28                14.36               14.37               19488.00            -7.757795           -68.197229          F 
130300                          1                   0.0001000           2008                108.78              18.46               32.98               7609197.00          0                   0.29                0                   0                   20633.00            -1.680483           -57.656536          F 
130240                          1                   0.0001000           2008                108.78              18.46               32.98               7609197.00          83                  0.63                131.74              134.24              44071.00            -8.375880           -65.812244          F 
130440                          1                   0.0001000           2008                108.78              18.46               32.98               7609197.00          0                   0.31                0                   0                   21650.00            -2.812240           -57.770143          F 
130140                          1                   0.0001000           2008                108.78              18.46               32.98               7609197.00          0                   0.49                0                   0                   34461.00            -7.022778           -70.222033          F 
130020                          1                   0.0001000           2008                108.78              18.46               32.98               7609197.00          8                   0.27                30.09               30.14               18599.00            -5.711940           -71.742673          F 
130330                          1                   0.0001000           2008                108.78              18.46               32.98               7609197.00          17                  0.35                48.11               48.29               24718.00            -6.825051           -60.477192          F 
130068                          1                   0.0001000           2008                108.78              18.46               32.98               7609197.00          0                   0.26                0                   0                   18080.00            -3.138082           -57.669942          F 
150530                          1                   0.0001000           2008                108.78              18.46               32.98               7609197.00          0                   1.00                0                   0                   70071.00            0.255032            -57.149736          F 
130150                          1                   0.0001000           2008                108.78              18.46               32.98               7609197.00          1                   0.27                3.65                3.65                19143.00            -7.573750           -70.054927          F 
130290                          1                   0.0001000           2008                108.78              18.46               32.98               7609197.00          330                 0.87                377.73              408.11              61110.00            -4.984990           -58.060916          F 
130050                          1                   0.0001000           2008                108.78              18.46               32.98               7609197.00          0                   0.44                0                   0                   31105.00            -3.129157           -57.172390          F 
130070                          1                   0.0001000           2008                108.78              18.46               32.98               7609197.00          21                  0.48                43.41               43.61               33840.00            -8.772979           -68.047540          F 
110080                          1                   0.0001000           2008                108.78              18.46               32.98               7609197.00          12                  0.35                33.96               34.05               24719.00            -8.887011           -63.325581          F 
110020                          1                   0.0001000           2008                108.78              18.46               32.98               7609197.00          133                 7.31                18.20               18.73               511219.00           -9.153039           -64.305489          F 
130340                          1                   0.0001000           2008                108.78              18.46               32.98               7609197.00          0                   1.61                0                   0                   112716.00           -2.688407           -56.854026          F 
130180                          1                   0.0001000           2008                108.78              18.46               32.98               7609197.00          27                  0.39                68.46               68.87               27587.00            -7.181162           -71.415929          F 
110110                          1                   0.0001000           2008                108.78              18.46               32.98               7609197.00          0                   0.15                0                   0                   10155.00            -9.170195           -63.044988          F 
150797                          1                   0.0001000           2008                108.78              18.46               32.98               7609197.00          0                   0.26                0                   0                   18105.00            -1.952134           -56.458364          F 
110094                          1                   0.0001000           2008                108.78              18.46               32.98               7609197.00          1                   0.31                3.22                3.22                21720.00            -9.170974           -62.565037          F 
110013                          1                   0.0001000           2008                108.78              18.46               32.98               7609197.00          8                   0.54                14.77               14.79               37899.00            -9.204070           -62.010294          F 
120080                          1                   0.0001000           2008                108.78              18.46               32.98               7609197.00          0                   0.24                0                   0                   17111.00            -9.629475           -67.701064          F 
110040                          1                   0.0001000           2008                108.78              18.46               32.98               7609197.00          0                   0.29                0                   0                   20569.00            -9.649274           -63.394283          F 
150390                          1                   0.0001000           2008                108.78              18.46               32.98               7609197.00          1                   0.79                1.27                1.27                55179.00            -2.622585           -56.221232          F 
130014                          1                   0.0001000           2008                108.78              18.46               32.98               7609197.00          7                   0.30                23.28               23.32               21031.00            -7.759871           -59.431439          F 
120013                          1                   0.0001000           2008                108.78              18.46               32.98               7609197.00          0                   0.14                0                   0                   9503.00             -9.613848           -68.175429          F 
110026                          1                   0.0001000           2008                108.78              18.46               32.98               7609197.00          0                   0.054               0                   0                   3790.00             -9.645106           -62.790311          F 
120001                          1                   0.0001000           2008                108.78              18.46               32.98               7609197.00          1                   0.20                4.95                4.95                14120.00            -9.934392           -66.948427          F 
150510                          1                   0.0001000           2008                108.78              18.46               32.98               7609197.00          1                   0.72                1.38                1.38                50596.00            -0.170427           -55.674947          F 
110045                          1                   0.0001000           2008                108.78              18.46               32.98               7609197.00          1                   0.55                1.82                1.82                38450.00            -10.052159          -63.941154          F 
120045                          1                   0.0001000           2008                108.78              18.46               32.98               7609197.00          0                   0.31                0                   0                   21369.00            -9.996928           -67.427266          F 
120060                          1                   0.0001000           2008                108.78              18.46               32.98               7609197.00          6                   0.56                10.64               10.66               39427.00            -8.238234           -71.446466          F 
110002                          1                   0.0001000           2008                108.78              18.46               32.98               7609197.00          4                   1.51                2.64                2.64                105896.00           -9.951979           -62.957373          F 
120034                          1                   0.0001000           2008                108.78              18.46               32.98               7609197.00          0                   0.13                0                   0                   8765.00             -9.380351           -69.854989          F 
130165                          1                   0.0001000           2008                108.78              18.46               32.98               7609197.00          412                 0.23                1791.65             1975.62             16085.00            -7.229841           -72.844424          F 
120030                          1                   0.0001000           2008                108.78              18.46               32.98               7609197.00          0                   0.46                0                   0                   32372.00            -8.926430           -70.747840          F 
110175                          1                   0.0001000           2008                108.78              18.46               32.98               7609197.00          1                   0.16                6.36                6.36                10999.00            -9.732685           -61.939355          F 
150100                          1                   0.0001000           2008                108.78              18.46               32.98               7609197.00          0                   0.23                0                   0                   15950.00            -3.667209           -56.016450          F 
120038                          1                   0.0001000           2008                108.78              18.46               32.98               7609197.00          0                   0.26                0                   0                   18336.00            -10.248624          -67.339671          F 
110033                          1                   0.0001000           2008                108.78              18.46               32.98               7609197.00          0                   0.40                0                   0                   28255.00            -10.382239          -64.629270          F 
110140                          1                   0.0001000           2008                108.78              18.46               32.98               7609197.00          1                   0.23                4.36                4.36                16032.00            -10.210793          -63.372281          F 
120040                          1                   0.0001000           2008                108.78              18.46               32.98               7609197.00          8                   5.39                1.48                1.48                377057.00           -10.066358          -68.371440          F 
120050                          1                   0.0001000           2008                108.78              18.46               32.98               7609197.00          0                   0.61                0                   0                   42451.00            -9.771845           -69.382700          F 
110160                          1                   0.0001000           2008                108.78              18.46               32.98               7609197.00          0                   0.16                0                   0                   11348.00            -10.121814          -62.342289          F 
120043                          1                   0.0001000           2008                108.78              18.46               32.98               7609197.00          0                   0.086               0                   0                   6021.00             -9.412364           -70.398018          F 
110070                          1                   0.0001000           2008                108.78              18.46               32.98               7609197.00          0                   0.21                0                   0                   14354.00            -10.485091          -63.799446          F 
110060                          1                   0.0001000           2008                108.78              18.46               32.98               7609197.00          0                   0.092               0                   0                   6414.00             -10.331685          -62.987180          F 
510325                          1                   0.0001000           2008                108.78              18.46               32.98               7609197.00          78                  0.50                156.40              159.19              34885.00            -9.292283           -60.305531          F 
120017                          1                   0.0001000           2008                108.78              18.46               32.98               7609197.00          0                   0.15                0                   0                   10820.00            -10.474157          -67.835782          F 
150040                          1                   0.0001000           2008                108.78              18.46               32.98               7609197.00          1                   0.79                1.27                1.27                54960.00            -0.536230           -55.069883          F 
150285                          1                   0.0001000           2008                108.78              18.46               32.98               7609197.00          0                   0.20                0                   0                   13783.00            -1.845743           -55.113264          F 
120020                          1                   0.0001000           2008                108.78              18.46               32.98               7609197.00          92                  1.17                78.41               80.05               82075.00            -7.974126           -72.761548          F 
150360                          1                   0.0001000           2008                108.78              18.46               32.98               7609197.00          108                 1.41                76.71               78.60               98485.00            -5.871333           -56.496545          F 
110180                          1                   0.0001000           2008                108.78              18.46               32.98               7609197.00          0                   0.12                0                   0                   8138.00             -10.384134          -62.093876          F 
150805                          1                   0.0001000           2008                108.78              18.46               32.98               7609197.00          2                   0.26                7.65                7.66                18280.00            -5.130084           -56.003417          F 
120033                          1                   0.0001000           2008                108.78              18.46               32.98               7609197.00          6                   0.25                23.92               23.95               17545.00            -7.503753           -73.439585          F 
120070                          1                   0.0001000           2008                108.78              18.46               32.98               7609197.00          0                   0.26                0                   0                   17894.00            -10.575880          -68.505122          F 
110011                          1                   0.0001000           2008                108.78              18.46               32.98               7609197.00          0                   0.80                0                   0                   55806.00            -10.592446          -62.584788          F 
110100                          1                   0.0001000           2008                108.78              18.46               32.98               7609197.00          0                   0.14                0                   0                   9933.00             -10.748055          -63.183884          F 
150680                          1                   0.0001000           2008                108.78              18.46               32.98               7609197.00          3                   4.21                0.71                0.71                294447.00           -2.764647           -55.093854          F 
120042                          1                   0.0001000           2008                108.78              18.46               32.98               7609197.00          0                   0.25                0                   0                   17464.00            -7.841819           -73.222514          F 
110012                          1                   0.0001000           2008                108.78              18.46               32.98               7609197.00          0                   1.88                0                   0                   131560.00           -10.462197          -61.757091          F 
110015                          1                   0.0001000           2008                108.78              18.46               32.98               7609197.00          0                   0.57                0                   0                   39840.00            -10.610539          -62.172424          F 
150375                          1                   0.0001000           2008                108.78              18.46               32.98               7609197.00          7                   0.59                11.80               11.82               41490.00            -7.445178           -57.302829          F 
120039                          1                   0.0001000           2008                108.78              18.46               32.98               7609197.00          0                   0.16                0                   0                   11059.00            -8.489533           -72.721389          F 
150145                          1                   0.0001000           2008                108.78              18.46               32.98               7609197.00          0                   0.25                0                   0                   17145.00            -3.191161           -54.992826          F 
120032                          1                   0.0001000           2008                108.78              18.46               32.98               7609197.00          0                   0.11                0                   0                   7685.00             -9.243211           -71.907488          F 
110143                          1                   0.0001000           2008                108.78              18.46               32.98               7609197.00          0                   0.11                0                   0                   7796.00             -10.889526          -62.532438          F 
120025                          1                   0.0001000           2008                108.78              18.46               32.98               7609197.00          0                   0.24                0                   0                   17038.00            -10.889162          -68.618498          F 
150619                          1                   0.0001000           2008                108.78              18.46               32.98               7609197.00          0                   0.69                0                   0                   47971.00            -4.241022           -55.210827          F 
110010                          1                   0.0001000           2008                108.78              18.46               32.98               7609197.00          0                   0.67                0                   0                   47048.00            -11.305773          -64.537463          F 
120010                          1                   0.0001000           2008                108.78              18.46               32.98               7609197.00          0                   0.35                0                   0                   24311.00            -10.747736          -69.207484          F 
110130                          1                   0.0001000           2008                108.78              18.46               32.98               7609197.00          1                   0.18                5.68                5.68                12308.00            -11.076985          -62.848279          F 
510757                          1                   0.0001000           2008                108.78              18.46               32.98               7609197.00          1                   0.055               18.30               18.30               3823.00             -10.463060          -61.010088          F 
110155                          1                   0.0001000           2008                108.78              18.46               32.98               7609197.00          0                   0.071               0                   0                   4966.00             -10.943464          -62.279708          F 
150480                          1                   0.0001000           2008                108.78              18.46               32.98               7609197.00          2                   0.81                2.48                2.48                56391.00            -1.119762           -54.365806          F 
110170                          1                   0.0001000           2008                108.78              18.46               32.98               7609197.00          0                   0.19                0                   0                   13198.00            -11.103908          -62.424021          F 
120035                          1                   0.0001000           2008                108.78              18.46               32.98               7609197.00          0                   0.25                0                   0                   17401.00            -9.099817           -72.558104          F 
120005                          1                   0.0001000           2008                108.78              18.46               32.98               7609197.00          0                   0.098               0                   0                   6863.00             -10.779491          -70.006358          F 
510140                          1                   0.0001000           2008                108.78              18.46               32.98               7609197.00          0                   0.30                0                   0                   21011.00            -10.187963          -59.839297          F 
110034                          1                   0.0001000           2008                108.78              18.46               32.98               7609197.00          0                   0.24                0                   0                   16902.00            -11.311455          -62.544783          F 
510080                          1                   0.0001000           2008                108.78              18.46               32.98               7609197.00          0                   0.14                0                   0                   9551.00             -8.753341           -57.827599          F 
110025                          1                   0.0001000           2008                108.78              18.46               32.98               7609197.00          0                   0.32                0                   0                   22337.00            -11.166190          -61.877898          F 
510337                          1                   0.0001000           2008                108.78              18.46               32.98               7609197.00          0                   0.26                0                   0                   18209.00            -9.536841           -58.677801          F 
110120                          1                   0.0001000           2008                108.78              18.46               32.98               7609197.00          0                   0.15                0                   0                   10786.00            -11.160345          -61.568926          F 
150565                          1                   0.0001000           2008                108.78              18.46               32.98               7609197.00          0                   0.42                0                   0                   29336.00            -3.889977           -54.500599          F 
110032                          1                   0.0001000           2008                108.78              18.46               32.98               7609197.00          0                   0.34                0                   0                   24059.00            -11.628169          -62.941940          F 
150050                          1                   0.0001000           2008                108.78              18.46               32.98               7609197.00          157                 0.48                329.96              342.07              33282.00            0.284350            -53.893460          F 
160021                          2                   0.0001000           229                 12.77               17.93               18.85               893410.00           1                   0.079               12.66               12.67               5523.00             1.030315            -50.483699          F 
160030                          2                   0.0001000           229                 12.77               17.93               18.85               893410.00           53                  6.65                7.96                8.05                465495.00           0.554818            -50.700863          F 
160025                          2                   0.0001000           229                 12.77               17.93               18.85               893410.00           0                   0.072               0                   0                   5061.00             0.532233            -50.651554          F 
160070                          2                   0.0001000           229                 12.77               17.93               18.85               893410.00           0                   0.22                0                   0                   15665.00            1.294034            -50.985687          F 
160010                          2                   0.0001000           229                 12.77               17.93               18.85               893410.00           10                  0.12                80.49               80.67               8690.00             1.764026            -50.581371          F 
160023                          2                   0.0001000           229                 12.77               17.93               18.85               893410.00           0                   0.10                0                   0                   7087.00             0.958713            -51.419182          F 
160055                          2                   0.0001000           229                 12.77               17.93               18.85               893410.00           0                   0.067               0                   0                   4655.00             1.625299            -51.277065          F 
150250                          2                   0.0001000           229                 12.77               17.93               18.85               893410.00           10                  0.33                30.65               30.72               22821.00            -0.0296229          -49.829440          F 
160053                          2                   0.0001000           229                 12.77               17.93               18.85               893410.00           1                   0.29                3.47                3.47                20143.00            0.587711            -51.673569          F 
160060                          2                   0.0001000           229                 12.77               17.93               18.85               893410.00           9                   1.63                5.53                5.54                113854.00           0.128476            -51.379449          F 
150030                          2                   0.0001000           229                 12.77               17.93               18.85               893410.00           80                  0.54                148.12              150.84              37778.00            -0.263841           -50.727746          F 
160020                          2                   0.0001000           229                 12.77               17.93               18.85               893410.00           4                   0.15                27.05               27.07               10345.00            2.430849            -51.404322          F 
160040                          2                   0.0001000           229                 12.77               17.93               18.85               893410.00           3                   0.29                10.50               10.51               19981.00            -0.0730322          -51.943908          F 
160005                          2                   0.0001000           229                 12.77               17.93               18.85               893410.00           0                   0.072               0                   0                   5025.00             1.649528            -52.270468          F 
150070                          2                   0.0001000           229                 12.77               17.93               18.85               893410.00           27                  0.40                67.42               67.83               28012.00            -0.827103           -49.962044          F 
150640                          2                   0.0001000           229                 12.77               17.93               18.85               893410.00           0                   0.14                0                   0                   9635.00             -0.583158           -49.314290          F 
160015                          2                   0.0001000           229                 12.77               17.93               18.85               893410.00           2                   0.21                9.61                9.61                14560.00            1.157828            -52.523712          F 
150180                          2                   0.0001000           229                 12.77               17.93               18.85               893410.00           29                  1.42                20.47               20.60               99080.00            -1.121333           -50.628584          F 
150543                          3                   0.0001000           106                 1.03                103.38              105.89              72512.00            57                  0.44                128.54              130.20              31359.00            -7.525492           -51.432537          F 
150808                          3                   0.0001000           106                 1.03                103.38              105.89              72512.00            47                  0.54                87.65               88.58               37920.00            -6.820174           -51.391396          F 
150125                          3                   0.0001000           106                 1.03                103.38              105.89              72512.00            2                   0.046               43.75               43.77               3233.00             -7.486340           -50.634226          F 
