120001                          1                   0.0001000           7399                187.68              39.42               65.99               2880556.00          38                  0.77                49.49               49.59               11786.00            -9.934392           -66.948427          F 
120045                          1                   0.0001000           7399                187.68              39.42               65.99               2880556.00          1                   1.37                0.73                0.73                21000.00            -9.996928           -67.427266          F 
120038                          1                   0.0001000           7399                187.68              39.42               65.99               2880556.00          1                   1.11                0.90                0.90                17014.00            -10.248624          -67.339671          F 
120080                          1                   0.0001000           7399                187.68              39.42               65.99               2880556.00          4                   0.80                4.98                4.98                12335.00            -9.629475           -67.701064          F 
120017                          1                   0.0001000           7399                187.68              39.42               65.99               2880556.00          0                   0.48                0                   0                   7403.00             -10.474157          -67.835782          F 
120013                          1                   0.0001000           7399                187.68              39.42               65.99               2880556.00          0                   0.57                0                   0                   8751.00             -9.613848           -68.175429          F 
120040                          1                   0.0001000           7399                187.68              39.42               65.99               2880556.00          71                  20.47               3.47                3.48                314127.00           -10.066358          -68.371440          F 
130070                          1                   0.0001000           7399                187.68              39.42               65.99               2880556.00          408                 1.86                219.88              224.92              28480.00            -8.772979           -68.047540          F 
120070                          1                   0.0001000           7399                187.68              39.42               65.99               2880556.00          0                   0.91                0                   0                   13893.00            -10.575880          -68.505122          F 
120025                          1                   0.0001000           7399                187.68              39.42               65.99               2880556.00          0                   0.92                0                   0                   14193.00            -10.889162          -68.618498          F 
130240                          1                   0.0001000           7399                187.68              39.42               65.99               2880556.00          802                 1.70                473.07              494.96              26020.00            -8.375880           -65.812244          F 
110033                          1                   0.0001000           7399                187.68              39.42               65.99               2880556.00          11                  1.33                8.30                8.30                20343.00            -10.382239          -64.629270          F 
120010                          1                   0.0001000           7399                187.68              39.42               65.99               2880556.00          1                   1.18                0.85                0.85                18056.00            -10.747736          -69.207484          F 
120050                          1                   0.0001000           7399                187.68              39.42               65.99               2880556.00          2                   2.19                0.91                0.91                33614.00            -9.771845           -69.382700          F 
130350                          1                   0.0001000           7399                187.68              39.42               65.99               2880556.00          5                   1.12                4.48                4.48                17131.00            -7.757795           -68.197229          F 
110020                          1                   0.0001000           7399                187.68              39.42               65.99               2880556.00          558                 24.82               22.48               23.16               380974.00           -9.153039           -64.305489          F 
110010                          1                   0.0001000           7399                187.68              39.42               65.99               2880556.00          10                  2.74                3.65                3.65                42082.00            -11.305773          -64.537463          F 
120034                          1                   0.0001000           7399                187.68              39.42               65.99               2880556.00          0                   0.51                0                   0                   7843.00             -9.380351           -69.854989          F 
110045                          1                   0.0001000           7399                187.68              39.42               65.99               2880556.00          56                  2.78                20.12               20.18               42717.00            -10.052159          -63.941154          F 
120005                          1                   0.0001000           7399                187.68              39.42               65.99               2880556.00          1                   0.34                2.98                2.98                5153.00             -10.779491          -70.006358          F 
110070                          1                   0.0001000           7399                187.68              39.42               65.99               2880556.00          11                  1.21                9.07                9.07                18619.00            -10.485091          -63.799446          F 
120043                          1                   0.0001000           7399                187.68              39.42               65.99               2880556.00          1                   0.23                4.28                4.28                3583.00             -9.412364           -70.398018          F 
130195                          1                   0.0001000           7399                187.68              39.42               65.99               2880556.00          3                   0.52                5.81                5.82                7919.00             -6.682874           -68.114036          F 
110040                          1                   0.0001000           7399                187.68              39.42               65.99               2880556.00          9                   1.08                8.37                8.37                16510.00            -9.649274           -63.394283          F 
110140                          1                   0.0001000           7399                187.68              39.42               65.99               2880556.00          1                   1.10                0.91                0.91                16881.00            -10.210793          -63.372281          F 
110008                          1                   0.0001000           7399                187.68              39.42               65.99               2880556.00          0                   0.76                0                   0                   11735.00            -12.147321          -64.058780          F 
110080                          1                   0.0001000           7399                187.68              39.42               65.99               2880556.00          4                   1.13                3.54                3.54                17346.00            -8.887011           -63.325581          F 
130090                          1                   0.0001000           7399                187.68              39.42               65.99               2880556.00          1242                0.63                1960.57             2104.92             9723.00             -7.403346           -64.096665          F 
110100                          1                   0.0001000           7399                187.68              39.42               65.99               2880556.00          0                   1.22                0                   0                   18786.00            -10.748055          -63.183884          F 
130150                          1                   0.0001000           7399                187.68              39.42               65.99               2880556.00          4                   0.90                4.47                4.47                13746.00            -7.573750           -70.054927          F 
120030                          1                   0.0001000           7399                187.68              39.42               65.99               2880556.00          1                   2.56                0.39                0.39                39365.00            -8.926430           -70.747840          F 
110060                          1                   0.0001000           7399                187.68              39.42               65.99               2880556.00          0                   0.36                0                   0                   5464.00             -10.331685          -62.987180          F 
110110                          1                   0.0001000           7399                187.68              39.42               65.99               2880556.00          4                   0.57                7.06                7.06                8699.00             -9.170195           -63.044988          F 
110002                          1                   0.0001000           7399                187.68              39.42               65.99               2880556.00          76                  5.66                13.42               13.47               86924.00            -9.951979           -62.957373          F 
110150                          1                   0.0001000           7399                187.68              39.42               65.99               2880556.00          2                   1.06                1.89                1.89                16225.00            -11.807291          -63.230667          F 
110026                          1                   0.0001000           7399                187.68              39.42               65.99               2880556.00          0                   0.23                0                   0                   3603.00             -9.645106           -62.790311          F 
110130                          1                   0.0001000           7399                187.68              39.42               65.99               2880556.00          2                   0.92                2.17                2.17                14152.00            -11.076985          -62.848279          F 
110032                          1                   0.0001000           7399                187.68              39.42               65.99               2880556.00          1                   2.03                0.49                0.49                31198.00            -11.628169          -62.941940          F 
130410                          1                   0.0001000           7399                187.68              39.42               65.99               2880556.00          1                   1.12                0.89                0.89                17160.00            -6.104509           -64.893865          F 
110011                          1                   0.0001000           7399                187.68              39.42               65.99               2880556.00          8                   3.66                2.18                2.18                56242.00            -10.592446          -62.584788          F 
130140                          1                   0.0001000           7399                187.68              39.42               65.99               2880556.00          3                   1.96                1.53                1.53                30125.00            -7.022778           -70.222033          F 
110094                          1                   0.0001000           7399                187.68              39.42               65.99               2880556.00          11                  0.60                18.28               18.29               9238.00             -9.170974           -62.565037          F 
110143                          1                   0.0001000           7399                187.68              39.42               65.99               2880556.00          0                   0.62                0                   0                   9526.00             -10.889526          -62.532438          F 
110149                          1                   0.0001000           7399                187.68              39.42               65.99               2880556.00          2                   1.15                1.74                1.74                17610.00            -12.368674          -63.122203          F 
110160                          1                   0.0001000           7399                187.68              39.42               65.99               2880556.00          1                   0.93                1.07                1.07                14326.00            -10.121814          -62.342289          F 
110034                          1                   0.0001000           7399                187.68              39.42               65.99               2880556.00          1                   1.27                0.79                0.79                19542.00            -11.311455          -62.544783          F 
110170                          1                   0.0001000           7399                187.68              39.42               65.99               2880556.00          0                   1.16                0                   0                   17761.00            -11.103908          -62.424021          F 
110155                          1                   0.0001000           7399                187.68              39.42               65.99               2880556.00          0                   0.38                0                   0                   5894.00             -10.943464          -62.279708          F 
110015                          1                   0.0001000           7399                187.68              39.42               65.99               2880556.00          3                   2.65                1.13                1.13                40735.00            -10.610539          -62.172424          F 
120060                          1                   0.0001000           7399                187.68              39.42               65.99               2880556.00          0                   2.00                0                   0                   30711.00            -8.238234           -71.446466          F 
110180                          1                   0.0001000           7399                187.68              39.42               65.99               2880556.00          3                   0.68                4.41                4.41                10442.00            -10.384134          -62.093876          F 
130100                          1                   0.0001000           7399                187.68              39.42               65.99               2880556.00          1                   1.72                0.58                0.58                26377.00            -5.118832           -67.337382          F 
110014                          1                   0.0001000           7399                187.68              39.42               65.99               2880556.00          1                   1.17                0.85                0.85                18005.00            -11.564334          -62.233031          F 
110013                          1                   0.0001000           7399                187.68              39.42               65.99               2880556.00          69                  1.94                35.64               35.78               29711.00            -9.204070           -62.010294          F 
120032                          1                   0.0001000           7399                187.68              39.42               65.99               2880556.00          0                   0.30                0                   0                   4662.00             -9.243211           -71.907488          F 
110175                          1                   0.0001000           7399                187.68              39.42               65.99               2880556.00          2                   0.71                2.80                2.80                10962.00            -9.732685           -61.939355          F 
110050                          1                   0.0001000           7399                187.68              39.42               65.99               2880556.00          0                   0.84                0                   0                   12916.00            -11.681047          -62.083187          F 
130170                          1                   0.0001000           7399                187.68              39.42               65.99               2880556.00          332                 1.86                178.81              182.13              28498.00            -7.362897           -62.485394          F 
110025                          1                   0.0001000           7399                187.68              39.42               65.99               2880556.00          1                   1.65                0.61                0.61                25313.00            -11.166190          -61.877898          F 
110012                          1                   0.0001000           7399                187.68              39.42               65.99               2880556.00          13                  7.39                1.76                1.76                113453.00           -10.462197          -61.757091          F 
130180                          1                   0.0001000           7399                187.68              39.42               65.99               2880556.00          283                 1.16                243.94              247.80              17806.00            -7.181162           -71.415929          F 
110090                          1                   0.0001000           7399                187.68              39.42               65.99               2880556.00          0                   0.27                0                   0                   4092.00             -11.470879          -61.879911          F 
110001                          1                   0.0001000           7399                187.68              39.42               65.99               2880556.00          1                   1.89                0.53                0.53                29005.00            -12.470071          -62.274560          F 
110028                          1                   0.0001000           7399                187.68              39.42               65.99               2880556.00          1                   3.25                0.31                0.31                49907.00            -11.732560          -61.771453          F 
130230                          1                   0.0001000           7399                187.68              39.42               65.99               2880556.00          0                   1.82                0                   0                   27955.00            -4.713108           -68.403854          F 
110120                          1                   0.0001000           7399                187.68              39.42               65.99               2880556.00          1                   0.73                1.37                1.37                11223.00            -11.160345          -61.568926          F 
110029                          1                   0.0001000           7399                187.68              39.42               65.99               2880556.00          0                   0.72                0                   0                   11067.00            -12.027061          -61.700877          F 
130060                          1                   0.0001000           7399                187.68              39.42               65.99               2880556.00          0                   1.74                0                   0                   26737.00            -5.429327           -70.278296          F 
120035                          1                   0.0001000           7399                187.68              39.42               65.99               2880556.00          0                   0.55                0                   0                   8482.00             -9.099817           -72.558104          F 
110037                          1                   0.0001000           7399                187.68              39.42               65.99               2880556.00          1                   1.01                0.99                0.99                15454.00            -12.593622          -61.880777          F 
130420                          1                   0.0001000           7399                187.68              39.42               65.99               2880556.00          0                   4.69                0                   0                   71975.00            -4.468383           -65.529278          F 
110004                          1                   0.0001000           7399                187.68              39.42               65.99               2880556.00          13                  4.98                2.61                2.61                76422.00            -11.301237          -61.324689          F 
110148                          1                   0.0001000           7399                187.68              39.42               65.99               2880556.00          0                   0.47                0                   0                   7266.00             -11.904682          -61.467066          F 
110147                          1                   0.0001000           7399                187.68              39.42               65.99               2880556.00          2                   0.29                6.99                6.99                4393.00             -11.878589          -61.315189          F 
510757                          1                   0.0001000           7399                187.68              39.42               65.99               2880556.00          622                 0.28                2196.15             2274.26             4347.00             -10.463060          -61.010088          F 
120039                          1                   0.0001000           7399                187.68              39.42               65.99               2880556.00          0                   0.32                0                   0                   4851.00             -8.489533           -72.721389          F 
110145                          1                   0.0001000           7399                187.68              39.42               65.99               2880556.00          0                   0.21                0                   0                   3204.00             -12.262291          -61.415241          F 
130390                          1                   0.0001000           7399                187.68              39.42               65.99               2880556.00          0                   1.95                0                   0                   29916.00            -4.497836           -69.450565          F 
120020                          1                   0.0001000           7399                187.68              39.42               65.99               2880556.00          69                  5.65                12.21               12.25               86725.00            -7.974126           -72.761548          F 
130120                          1                   0.0001000           7399                187.68              39.42               65.99               2880556.00          0                   5.70                0                   0                   87468.00            -4.437162           -64.124619          F 
110146                          1                   0.0001000           7399                187.68              39.42               65.99               2880556.00          0                   0.17                0                   0                   2633.00             -13.173850          -61.545322          F 
110009                          1                   0.0001000           7399                187.68              39.42               65.99               2880556.00          5                   1.80                2.78                2.79                27559.00            -11.351368          -60.784721          F 
110018                          1                   0.0001000           7399                187.68              39.42               65.99               2880556.00          4                   2.05                1.95                1.95                31415.00            -11.894543          -60.830315          F 
130020                          1                   0.0001000           7399                187.68              39.42               65.99               2880556.00          16                  0.75                21.31               21.33               11523.00            -5.711940           -71.742673          F 
130165                          1                   0.0001000           7399                187.68              39.42               65.99               2880556.00          1509                0.80                1894.07             2066.23             12228.00            -7.229841           -72.844424          F 
130002                          1                   0.0001000           7399                187.68              39.42               65.99               2880556.00          2                   0.96                2.08                2.08                14776.00            -3.701122           -65.330652          F 
130220                          1                   0.0001000           7399                187.68              39.42               65.99               2880556.00          0                   0.50                0                   0                   7687.00             -3.524623           -66.306825          F 
130270                          1                   0.0001000           7399                187.68              39.42               65.99               2880556.00          261                 2.49                104.95              106.48              38168.00            -6.459804           -61.446481          F 
110005                          1                   0.0001000           7399                187.68              39.42               65.99               2880556.00          0                   1.12                0                   0                   17215.00            -13.203669          -61.260843          F 
110007                          1                   0.0001000           7399                187.68              39.42               65.99               2880556.00          0                   0.61                0                   0                   9409.00             -12.926666          -61.091715          F 
110092                          1                   0.0001000           7399                187.68              39.42               65.99               2880556.00          1                   0.43                2.31                2.31                6649.00             -12.537404          -60.898400          F 
130406                          1                   0.0001000           7399                187.68              39.42               65.99               2880556.00          2                   2.94                0.68                0.68                45085.00            -4.027765           -69.681346          F 
120042                          1                   0.0001000           7399                187.68              39.42               65.99               2880556.00          10                  0.65                15.37               15.37               9989.00             -7.841819           -73.222514          F 
510325                          1                   0.0001000           7399                187.68              39.42               65.99               2880556.00          703                 0.92                762.59              793.36              14149.00            -9.292283           -60.305531          F 
130006                          1                   0.0001000           7399                187.68              39.42               65.99               2880556.00          4                   0.60                6.71                6.71                9150.00             -3.418321           -68.287308          F 
120033                          1                   0.0001000           7399                187.68              39.42               65.99               2880556.00          7                   0.85                8.19                8.19                13116.00            -7.503753           -73.439585          F 
110030                          1                   0.0001000           7399                187.68              39.42               65.99               2880556.00          9                   4.29                2.10                2.10                65807.00            -12.087986          -60.252451          F 
130426                          1                   0.0001000           7399                187.68              39.42               65.99               2880556.00          0                   0.89                0                   0                   13729.00            -3.167038           -65.411879          F 
510140                          1                   0.0001000           7399                187.68              39.42               65.99               2880556.00          91                  1.26                72.10               72.46               19372.00            -10.187963          -59.839297          F 
150195                          2                   0.0001000           377                 1.33                283.36              289.36              20759.00            377                 1.33                283.36              289.36              20759.00            -1.991029           -46.439673          F 
150050                          3                   0.0001000           350                 2.23                157.30              160.38              34338.00            350                 2.23                157.30              160.38              34338.00            0.284350            -53.893460          F 
150730                          4                   0.0001000           459                 123.54              3.72                3.79                2907441.00          3                   1.78                1.69                1.69                41813.00            -7.233186           -52.252675          F 
150543                          4                   0.0001000           459                 123.54              3.72                3.79                2907441.00          0                   0.85                0                   0                   20054.00            -7.525492           -51.432537          F 
150808                          4                   0.0001000           459                 123.54              3.72                3.79                2907441.00          0                   0.88                0                   0                   20826.00            -6.820174           -51.391396          F 
150276                          4                   0.0001000           459                 123.54              3.72                3.79                2907441.00          1                   0.26                3.79                3.79                6207.00             -8.458321           -51.221011          F 
150125                          4                   0.0001000           459                 123.54              3.72                3.79                2907441.00          1                   0.14                7.04                7.04                3345.00             -7.486340           -50.634226          F 
150060                          4                   0.0001000           459                 123.54              3.72                3.79                2907441.00          22                  3.64                6.05                6.05                85649.00            -6.486303           -53.886671          F 
150034                          4                   0.0001000           459                 123.54              3.72                3.79                2907441.00          0                   1.42                0                   0                   33350.00            -6.773035           -50.430070          F 
150553                          4                   0.0001000           459                 123.54              3.72                3.79                2907441.00          5                   4.05                1.24                1.24                95225.00            -6.155342           -50.496123          F 
150555                          4                   0.0001000           459                 123.54              3.72                3.79                2907441.00          0                   0.38                0                   0                   8939.00             -7.737187           -50.123353          F 
150613                          4                   0.0001000           459                 123.54              3.72                3.79                2907441.00          1                   3.06                0.33                0.33                72085.00            -8.069353           -50.198021          F 
150215                          4                   0.0001000           459                 123.54              3.72                3.79                2907441.00          0                   0.59                0                   0                   13870.00            -6.424110           -50.085921          F 
150616                          4                   0.0001000           459                 123.54              3.72                3.79                2907441.00          1                   0.46                2.18                2.18                10818.00            -7.340746           -49.895407          F 
150658                          4                   0.0001000           459                 123.54              3.72                3.79                2907441.00          1                   0.58                1.72                1.72                13710.00            -8.633727           -50.314447          F 
150840                          4                   0.0001000           459                 123.54              3.72                3.79                2907441.00          2                   1.26                1.59                1.59                29606.00            -6.917853           -49.635135          F 
150304                          4                   0.0001000           459                 123.54              3.72                3.79                2907441.00          0                   0.65                0                   0                   15342.00            -7.548373           -49.576097          F 
150670                          4                   0.0001000           459                 123.54              3.72                3.79                2907441.00          11                  1.81                6.09                6.09                42523.00            -9.364016           -50.611231          F 
150775                          4                   0.0001000           459                 123.54              3.72                3.79                2907441.00          2                   0.12                17.10               17.11               2752.00             -6.838854           -49.569799          F 
150420                          4                   0.0001000           459                 123.54              3.72                3.79                2907441.00          20                  8.53                2.34                2.35                200801.00           -5.629796           -50.017016          F 
150277                          4                   0.0001000           459                 123.54              3.72                3.79                2907441.00          1                   0.59                1.71                1.71                13785.00            -6.229166           -49.624553          F 
510774                          4                   0.0001000           459                 123.54              3.72                3.79                2907441.00          0                   0.063               0                   0                   1483.00             -10.064857          -52.541103          F 
510860                          4                   0.0001000           459                 123.54              3.72                3.79                2907441.00          0                   0.85                0                   0                   20108.00            -9.980623           -51.404814          F 
150270                          4                   0.0001000           459                 123.54              3.72                3.79                2907441.00          0                   1.89                0                   0                   44375.00            -8.182560           -49.512625          F 
150780                          4                   0.0001000           459                 123.54              3.72                3.79                2907441.00          1                   0.44                2.29                2.29                10285.00            -4.171559           -51.773388          F 
150370                          4                   0.0001000           459                 123.54              3.72                3.79                2907441.00          19                  2.77                6.86                6.86                65229.00            -5.114819           -49.869663          F 
510642                          4                   0.0001000           459                 123.54              3.72                3.79                2907441.00          1                   0.76                1.31                1.31                17978.00            -10.147782          -53.587442          F 
150295                          4                   0.0001000           459                 123.54              3.72                3.79                2907441.00          2                   1.83                1.09                1.09                43013.00            -6.069488           -49.245444          F 
170190                          4                   0.0001000           459                 123.54              3.72                3.79                2907441.00          0                   0.26                0                   0                   6105.00             -8.939322           -49.504685          F 
510335                          4                   0.0001000           459                 123.54              3.72                3.79                2907441.00          0                   1.22                0                   0                   28594.00            -10.403493          -51.698039          F 
170390                          4                   0.0001000           459                 123.54              3.72                3.79                2907441.00          1                   0.18                5.46                5.46                4314.00             -9.400390           -49.848105          F 
171180                          4                   0.0001000           459                 123.54              3.72                3.79                2907441.00          0                   0.11                0                   0                   2668.00             -8.140277           -49.110602          F 
171886                          4                   0.0001000           459                 123.54              3.72                3.79                2907441.00          0                   0.30                0                   0                   6970.00             -7.093920           -48.973845          F 
170230                          4                   0.0001000           459                 123.54              3.72                3.79                2907441.00          0                   0.28                0                   0                   6641.00             -7.723272           -48.999890          F 
170600                          4                   0.0001000           459                 123.54              3.72                3.79                2907441.00          0                   0.17                0                   0                   3892.00             -8.436865           -49.162374          F 
150563                          4                   0.0001000           459                 123.54              3.72                3.79                2907441.00          0                   0.61                0                   0                   14389.00            -6.540877           -49.011864          F 
150506                          4                   0.0001000           459                 123.54              3.72                3.79                2907441.00          27                  2.19                12.31               12.32               51627.00            -4.502833           -50.271560          F 
150085                          4                   0.0001000           459                 123.54              3.72                3.79                2907441.00          6                   0.27                21.98               21.98               6425.00             -3.997294           -51.301209          F 
510777                          4                   0.0001000           459                 123.54              3.72                3.79                2907441.00          0                   0.29                0                   0                   6759.00             -10.332303          -50.792279          F 
150503                          4                   0.0001000           459                 123.54              3.72                3.79                2907441.00          40                  1.67                23.99               24.04               39245.00            -8.062463           -55.612052          F 
510410                          4                   0.0001000           459                 123.54              3.72                3.79                2907441.00          5                   1.44                3.48                3.48                33791.00            -9.775286           -54.617359          F 
510560                          4                   0.0001000           459                 123.54              3.72                3.79                2907441.00          2                   0.51                3.90                3.90                12078.00            -10.011788          -54.361207          F 
510735                          4                   0.0001000           459                 123.54              3.72                3.79                2907441.00          0                   0.30                0                   0                   6997.00             -10.696430          -52.616401          F 
171665                          4                   0.0001000           459                 123.54              3.72                3.79                2907441.00          0                   0.24                0                   0                   5553.00             -8.379551           -48.917014          F 
171250                          4                   0.0001000           459                 123.54              3.72                3.79                2907441.00          0                   0.17                0                   0                   4070.00             -9.787699           -49.699800          F 
170130                          4                   0.0001000           459                 123.54              3.72                3.79                2907441.00          0                   0.37                0                   0                   8614.00             -6.945681           -48.633226          F 
170830                          4                   0.0001000           459                 123.54              3.72                3.79                2907441.00          0                   0.20                0                   0                   4608.00             -8.873690           -49.010009          F 
510677                          4                   0.0001000           459                 123.54              3.72                3.79                2907441.00          1                   0.40                2.49                2.49                9465.00             -10.825476          -51.712660          F 
150745                          4                   0.0001000           459                 123.54              3.72                3.79                2907441.00          3                   1.16                2.59                2.59                27242.00            -6.189164           -48.748216          F 
170210                          4                   0.0001000           459                 123.54              3.72                3.79                2907441.00          0                   5.53                0                   0                   130105.00           -7.331699           -48.587995          F 
171110                          4                   0.0001000           459                 123.54              3.72                3.79                2907441.00          0                   0.072               0                   0                   1687.00             -8.451479           -48.752157          F 
170025                          4                   0.0001000           459                 123.54              3.72                3.79                2907441.00          0                   0.10                0                   0                   2392.00             -9.480412           -49.309816          F 
170215                          4                   0.0001000           459                 123.54              3.72                3.79                2907441.00          0                   0.24                0                   0                   5691.00             -6.791078           -48.525078          F 
170720                          4                   0.0001000           459                 123.54              3.72                3.79                2907441.00          0                   0.29                0                   0                   6766.00             -9.271299           -49.066506          F 
150497                          4                   0.0001000           459                 123.54              3.72                3.79                2907441.00          1                   0.61                1.64                1.64                14348.00            -4.980996           -49.230674          F 
170710                          4                   0.0001000           459                 123.54              3.72                3.79                2907441.00          0                   0.26                0                   0                   6137.00             -9.694686           -49.354809          F 
170550                          4                   0.0001000           459                 123.54              3.72                3.79                2907441.00          0                   1.21                0                   0                   28467.00            -8.076361           -48.529741          F 
171750                          4                   0.0001000           459                 123.54              3.72                3.79                2907441.00          0                   0.17                0                   0                   4106.00             -10.210136          -49.872433          F 
171670                          4                   0.0001000           459                 123.54              3.72                3.79                2907441.00          0                   0.42                0                   0                   9810.00             -8.837011           -48.764716          F 
172210                          4                   0.0001000           459                 123.54              3.72                3.79                2907441.00          1                   0.54                1.84                1.84                12799.00            -6.545346           -48.451503          F 
150715                          4                   0.0001000           459                 123.54              3.72                3.79                2907441.00          2                   1.03                1.94                1.94                24230.00            -5.657874           -48.730479          F 
170388                          4                   0.0001000           459                 123.54              3.72                3.79                2907441.00          0                   0.092               0                   0                   2170.00             -7.045626           -48.374851          F 
171488                          4                   0.0001000           459                 123.54              3.72                3.79                2907441.00          0                   0.45                0                   0                   10653.00            -7.637938           -48.360190          F 
150548                          4                   0.0001000           459                 123.54              3.72                3.79                2907441.00          35                  1.32                26.42               26.47               31179.00            -3.684058           -50.631545          F 
150750                          4                   0.0001000           459                 123.54              3.72                3.79                2907441.00          2                   0.73                2.74                2.74                17207.00            -5.447389           -48.696990          F 
150815                          4                   0.0001000           459                 123.54              3.72                3.79                2907441.00          0                   2.54                0                   0                   59881.00            -3.583648           -53.807296          F 
150172                          4                   0.0001000           459                 123.54              3.72                3.79                2907441.00          0                   0.91                0                   0                   21386.00            -3.292151           -52.685423          F 
510269                          4                   0.0001000           459                 123.54              3.72                3.79                2907441.00          0                   0.28                0                   0                   6530.00             -11.201057          -51.823179          F 
510530                          4                   0.0001000           459                 123.54              3.72                3.79                2907441.00          0                   0.087               0                   0                   2053.00             -11.007852          -50.935617          F 
510626                          4                   0.0001000           459                 123.54              3.72                3.79                2907441.00          0                   0.28                0                   0                   6508.00             -9.752651           -55.402225          F 
171720                          4                   0.0001000           459                 123.54              3.72                3.79                2907441.00          1                   0.16                6.32                6.32                3724.00             -6.738786           -48.240380          F 
150565                          4                   0.0001000           459                 123.54              3.72                3.79                2907441.00          0                   0.66                0                   0                   15614.00            -3.889977           -54.500599          F 
150380                          4                   0.0001000           459                 123.54              3.72                3.79                2907441.00          4                   2.06                1.95                1.95                48368.00            -4.598468           -49.181178          F 
510558                          4                   0.0001000           459                 123.54              3.72                3.79                2907441.00          3                   0.79                3.79                3.79                18634.00            -10.886197          -54.053071          F 
170930                          4                   0.0001000           459                 123.54              3.72                3.79                2907441.00          0                   0.90                0                   0                   21175.00            -8.739062           -48.441524          F 
150549                          4                   0.0001000           459                 123.54              3.72                3.79                2907441.00          3                   0.38                7.82                7.82                9033.00             -5.926997           -48.370291          F 
150175                          4                   0.0001000           459                 123.54              3.72                3.79                2907441.00          0                   0.35                0                   0                   8243.00             -5.735954           -48.432343          F 
150157                          4                   0.0001000           459                 123.54              3.72                3.79                2907441.00          0                   0.60                0                   0                   14232.00            -5.054285           -48.763593          F 
150835                          4                   0.0001000           459                 123.54              3.72                3.79                2907441.00          0                   0.43                0                   0                   10206.00            -3.141047           -51.973342          F 
171570                          4                   0.0001000           459                 123.54              3.72                3.79                2907441.00          0                   0.16                0                   0                   3665.00             -7.886432           -48.155852          F 
171330                          4                   0.0001000           459                 123.54              3.72                3.79                2907441.00          0                   0.53                0                   0                   12463.00            -9.417515           -48.683039          F 
170740                          4                   0.0001000           459                 123.54              3.72                3.79                2907441.00          0                   0.41                0                   0                   9578.00             -5.326535           -48.540410          F 
150810                          4                   0.0001000           459                 123.54              3.72                3.79                2907441.00          33                  3.72                8.87                8.88                87602.00            -3.855790           -49.820813          F 
172130                          4                   0.0001000           459                 123.54              3.72                3.79                2907441.00          0                   0.063               0                   0                   1471.00             -8.356626           -48.211064          F 
170100                          4                   0.0001000           459                 123.54              3.72                3.79                2907441.00          1                   0.52                1.94                1.94                12156.00            -6.232422           -48.187246          F 
171855                          4                   0.0001000           459                 123.54              3.72                3.79                2907441.00          0                   0.16                0                   0                   3749.00             -6.460393           -48.136170          F 
150445                          4                   0.0001000           459                 123.54              3.72                3.79                2907441.00          3                   0.96                3.12                3.12                22631.00            -3.160218           -53.194916          F 
150619                          4                   0.0001000           459                 123.54              3.72                3.79                2907441.00          1                   1.21                0.83                0.83                28497.00            -4.241022           -55.210827          F 
170460                          4                   0.0001000           459                 123.54              3.72                3.79                2907441.00          0                   0.050               0                   0                   1184.00             -10.165599          -49.196403          F 
510785                          4                   0.0001000           459                 123.54              3.72                3.79                2907441.00          1                   0.39                2.55                2.55                9226.00             -11.452949          -51.961623          F 
172208                          4                   0.0001000           459                 123.54              3.72                3.79                2907441.00          0                   0.47                0                   0                   11022.00            -6.911250           -48.001719          F 
510805                          4                   0.0001000           459                 123.54              3.72                3.79                2907441.00          0                   0.49                0                   0                   11514.00            -10.507189          -54.979631          F 
171870                          4                   0.0001000           459                 123.54              3.72                3.79                2907441.00          0                   0.12                0                   0                   2833.00             -9.235825           -48.451896          F 
150805                          4                   0.0001000           459                 123.54              3.72                3.79                2907441.00          0                   0.76                0                   0                   17892.00            -5.130084           -56.003417          F 
172125                          4                   0.0001000           459                 123.54              3.72                3.79                2907441.00          0                   0.056               0                   0                   1311.00             -8.938316           -48.259466          F 
510880                          4                   0.0001000           459                 123.54              3.72                3.79                2907441.00          2                   0.23                8.57                8.57                5491.00             -10.288990          -55.336868          F 
171190                          4                   0.0001000           459                 123.54              3.72                3.79                2907441.00          0                   0.39                0                   0                   9102.00             -11.035890          -50.160454          F 
170300                          4                   0.0001000           459                 123.54              3.72                3.79                2907441.00          0                   0.48                0                   0                   11257.00            -7.175027           -47.855975          F 
172030                          4                   0.0001000           459                 123.54              3.72                3.79                2907441.00          0                   0.19                0                   0                   4534.00             -5.240695           -48.331520          F 
170105                          4                   0.0001000           459                 123.54              3.72                3.79                2907441.00          0                   0.12                0                   0                   2898.00             -6.435321           -47.912895          F 
211153                          4                   0.0001000           459                 123.54              3.72                3.79                2907441.00          0                   0.48                0                   0                   11198.00            -5.133802           -48.369497          F 
170220                          4                   0.0001000           459                 123.54              3.72                3.79                2907441.00          0                   1.27                0                   0                   29936.00            -5.665337           -48.105949          F 
170770                          4                   0.0001000           459                 123.54              3.72                3.79                2907441.00          0                   0.37                0                   0                   8754.00             -7.496709           -47.793945          F 
150360                          4                   0.0001000           459                 123.54              3.72                3.79                2907441.00          113                 4.10                27.55               27.72               96515.00            -5.871333           -56.496545          F 
150013                          4                   0.0001000           459                 123.54              3.72                3.79                2907441.00          0                   0.30                0                   0                   7131.00             -4.957467           -48.424677          F 
171320                          4                   0.0001000           459                 123.54              3.72                3.79                2907441.00          0                   1.20                0                   0                   28239.00            -9.754121           -48.551251          F 
172010                          4                   0.0001000           459                 123.54              3.72                3.79                2907441.00          0                   0.12                0                   0                   2889.00             -5.974795           -47.939574          F 
170610                          4                   0.0001000           459                 123.54              3.72                3.79                2907441.00          0                   0.29                0                   0                   6862.00             -10.637071          -49.313222          F 
170650                          4                   0.0001000           459                 123.54              3.72                3.79                2907441.00          0                   0.21                0                   0                   5000.00             -6.762994           -47.768374          F 
170380                          4                   0.0001000           459                 123.54              3.72                3.79                2907441.00          0                   0.34                0                   0                   8008.00             -5.337853           -48.137952          F 
171245                          4                   0.0001000           459                 123.54              3.72                3.79                2907441.00          0                   0.11                0                   0                   2488.00             -6.206258           -47.830401          F 
171610                          4                   0.0001000           459                 123.54              3.72                3.79                2907441.00          0                   1.80                0                   0                   42319.00            -10.221048          -48.826153          F 
510619                          4                   0.0001000           459                 123.54              3.72                3.79                2907441.00          0                   0.16                0                   0                   3671.00             -10.920430          -54.900941          F 
150178                          4                   0.0001000           459                 123.54              3.72                3.79                2907441.00          2                   1.97                1.02                1.02                46250.00            -3.733432           -49.370902          F 
171430                          4                   0.0001000           459                 123.54              3.72                3.79                2907441.00          0                   0.25                0                   0                   5888.00             -6.330341           -47.781024          F 
172000                          4                   0.0001000           459                 123.54              3.72                3.79                2907441.00          0                   0.12                0                   0                   2847.00             -6.472275           -47.750401          F 
150309                          4                   0.0001000           459                 123.54              3.72                3.79                2907441.00          11                  1.33                8.27                8.28                31293.00            -4.027408           -49.005681          F 
510279                          4                   0.0001000           459                 123.54              3.72                3.79                2907441.00          0                   0.39                0                   0                   9065.00             -10.104998          -55.830530          F 
510035                          4                   0.0001000           459                 123.54              3.72                3.79                2907441.00          0                   0.19                0                   0                   4564.00             -11.810796          -51.749943          F 
171845                          4                   0.0001000           459                 123.54              3.72                3.79                2907441.00          0                   0.11                0                   0                   2669.00             -10.422585          -48.883228          F 
171380                          4                   0.0001000           459                 123.54              3.72                3.79                2907441.00          0                   0.25                0                   0                   5930.00             -6.599692           -47.642572          F 
170389                          4                   0.0001000           459                 123.54              3.72                3.79                2907441.00          0                   0.19                0                   0                   4472.00             -5.336437           -48.010822          F 
171650                          4                   0.0001000           459                 123.54              3.72                3.79                2907441.00          0                   0.38                0                   0                   9017.00             -9.227345           -48.034066          F 
170255                          4                   0.0001000           459                 123.54              3.72                3.79                2907441.00          0                   0.63                0                   0                   14923.00            -5.497871           -47.929361          F 
171500                          4                   0.0001000           459                 123.54              3.72                3.79                2907441.00          0                   0.14                0                   0                   3273.00             -10.549682          -48.974513          F 
171888                          4                   0.0001000           459                 123.54              3.72                3.79                2907441.00          0                   0.10                0                   0                   2463.00             -8.824490           -47.848520          F 
510320                          4                   0.0001000           459                 123.54              3.72                3.79                2907441.00          0                   1.14                0                   0                   26738.00            -10.622571          -55.468060          F 
150618                          4                   0.0001000           459                 123.54              3.72                3.79                2907441.00          2                   1.97                1.02                1.02                46311.00            -4.517001           -48.459948          F 
211285                          4                   0.0001000           459                 123.54              3.72                3.79                2907441.00          0                   0.32                0                   0                   7443.00             -5.074890           -48.080618          F 
170330                          4                   0.0001000           459                 123.54              3.72                3.79                2907441.00          0                   0.094               0                   0                   2204.00             -9.012931           -47.879306          F 
172110                          4                   0.0001000           459                 123.54              3.72                3.79                2907441.00          0                   0.25                0                   0                   5927.00             -9.602798           -48.140289          F 
171880                          4                   0.0001000           459                 123.54              3.72                3.79                2907441.00          0                   0.10                0                   0                   2448.00             -5.329724           -47.918762          F 
171200                          4                   0.0001000           459                 123.54              3.72                3.79                2907441.00          0                   0.15                0                   0                   3513.00             -9.848403           -48.290044          F 
170290                          4                   0.0001000           459                 123.54              3.72                3.79                2907441.00          0                   0.34                0                   0                   7974.00             -5.645508           -47.766281          F 
171050                          4                   0.0001000           459                 123.54              3.72                3.79                2907441.00          0                   0.28                0                   0                   6569.00             -8.571292           -47.668879          F 
171889                          4                   0.0001000           459                 123.54              3.72                3.79                2907441.00          0                   0.082               0                   0                   1939.00             -10.971089          -49.295639          F 
510830                          4                   0.0001000           459                 123.54              3.72                3.79                2907441.00          0                   0.25                0                   0                   5834.00             -11.528079          -54.315704          F 
170030                          4                   0.0001000           459                 123.54              3.72                3.79                2907441.00          0                   0.16                0                   0                   3650.00             -6.487760           -47.513418          F 
171830                          4                   0.0001000           459                 123.54              3.72                3.79                2907441.00          0                   0.36                0                   0                   8528.00             -5.472478           -47.783323          F 
172120                          4                   0.0001000           459                 123.54              3.72                3.79                2907441.00          0                   1.15                0                   0                   26994.00            -6.256965           -47.537582          F 
171280                          4                   0.0001000           459                 123.54              3.72                3.79                2907441.00          0                   0.15                0                   0                   3524.00             -6.024203           -47.589794          F 
172080                          4                   0.0001000           459                 123.54              3.72                3.79                2907441.00          0                   0.48                0                   0                   11225.00            -5.630039           -47.686391          F 
150120                          4                   0.0001000           459                 123.54              3.72                3.79                2907441.00          0                   0.93                0                   0                   21893.00            -3.129242           -49.698861          F 
171070                          4                   0.0001000           459                 123.54              3.72                3.79                2907441.00          0                   0.28                0                   0                   6706.00             -5.803729           -47.596510          F 
150580                          4                   0.0001000           459                 123.54              3.72                3.79                2907441.00          2                   1.89                1.06                1.06                44393.00            -2.565541           -50.955536          F 
510788                          4                   0.0001000           459                 123.54              3.72                3.79                2907441.00          0                   0.057               0                   0                   1345.00             -12.022095          -51.362144          F 
150145                          4                   0.0001000           459                 123.54              3.72                3.79                2907441.00          0                   0.75                0                   0                   17659.00            -3.191161           -54.992826          F 
170755                          4                   0.0001000           459                 123.54              3.72                3.79                2907441.00          0                   0.16                0                   0                   3807.00             -10.809587          -48.874459          F 
210325                          4                   0.0001000           459                 123.54              3.72                3.79                2907441.00          0                   0.53                0                   0                   12371.00            -5.057171           -47.829843          F 
172020                          4                   0.0001000           459                 123.54              3.72                3.79                2907441.00          0                   0.41                0                   0                   9613.00             -5.542702           -47.595382          F 
510025                          4                   0.0001000           459                 123.54              3.72                3.79                2907441.00          5                   2.01                2.49                2.49                47281.00            -10.054593          -56.366407          F 
510706                          4                   0.0001000           459                 123.54              3.72                3.79                2907441.00          0                   0.44                0                   0                   10428.00            -12.161387          -52.742100          F 
171820                          4                   0.0001000           459                 123.54              3.72                3.79                2907441.00          0                   2.00                0                   0                   47141.00            -10.544219          -48.496576          F 
510629                          4                   0.0001000           459                 123.54              3.72                3.79                2907441.00          1                   0.37                2.67                2.67                8812.00             -9.593078           -56.684722          F 
510185                          4                   0.0001000           459                 123.54              3.72                3.79                2907441.00          0                   0.20                0                   0                   4703.00             -12.216986          -51.739360          F 
210280                          4                   0.0001000           459                 123.54              3.72                3.79                2907441.00          0                   1.00                0                   0                   23493.00            -7.373260           -47.202634          F 
150375                          4                   0.0001000           459                 123.54              3.72                3.79                2907441.00          51                  1.47                34.61               34.70               34683.00            -7.445178           -57.302829          F 
