130330                          1                   0.0001000           4124                47.27               87.24               142.77              1440928.00          22                  0.87                25.36               25.41               26443.00            -6.825051           -60.477192          F 
130270                          1                   0.0001000           4124                47.27               87.24               142.77              1440928.00          92                  1.88                48.85               49.27               57405.00            -6.459804           -61.446481          F 
130014                          1                   0.0001000           4124                47.27               87.24               142.77              1440928.00          48                  0.75                64.34               64.63               22739.00            -7.759871           -59.431439          F 
130170                          1                   0.0001000           4124                47.27               87.24               142.77              1440928.00          212                 1.88                112.98              115.28              57195.00            -7.362897           -62.485394          F 
130080                          1                   0.0001000           4124                47.27               87.24               142.77              1440928.00          6                   1.39                4.32                4.32                42328.00            -4.957034           -59.534428          F 
510325                          1                   0.0001000           4124                47.27               87.24               142.77              1440928.00          327                 1.35                242.41              250.15              41117.00            -9.292283           -60.305531          F 
130063                          1                   0.0001000           4124                47.27               87.24               142.77              1440928.00          0                   0.67                0                   0                   20503.00            -4.603475           -61.787364          F 
110013                          1                   0.0001000           4124                47.27               87.24               142.77              1440928.00          11                  1.37                8.04                8.04                41724.00            -9.204070           -62.010294          F 
130290                          1                   0.0001000           4124                47.27               87.24               142.77              1440928.00          1360                2.17                626.59              719.39              66159.00            -4.984990           -58.060916          F 
130255                          1                   0.0001000           4124                47.27               87.24               142.77              1440928.00          0                   1.11                0                   0                   33981.00            -3.779354           -60.697327          F 
130110                          1                   0.0001000           4124                47.27               87.24               142.77              1440928.00          6                   1.27                4.71                4.71                38820.00            -3.770658           -60.183093          F 
130010                          1                   0.0001000           4124                47.27               87.24               142.77              1440928.00          1                   0.72                1.39                1.39                21937.00            -4.186645           -62.073001          F 
110094                          1                   0.0001000           4124                47.27               87.24               142.77              1440928.00          5                   0.89                5.62                5.62                27131.00            -9.170974           -62.565037          F 
130030                          1                   0.0001000           4124                47.27               87.24               142.77              1440928.00          0                   1.35                0                   0                   41005.00            -3.788879           -59.528635          F 
150375                          1                   0.0001000           4124                47.27               87.24               142.77              1440928.00          196                 0.23                859.37              875.65              6952.00             -7.445178           -57.302829          F 
510337                          1                   0.0001000           4124                47.27               87.24               142.77              1440928.00          1                   0.68                1.47                1.47                20717.00            -9.536841           -58.677801          F 
110175                          1                   0.0001000           4124                47.27               87.24               142.77              1440928.00          0                   0.38                0                   0                   11545.00            -9.732685           -61.939355          F 
510080                          1                   0.0001000           4124                47.27               87.24               142.77              1440928.00          0                   0.34                0                   0                   10431.00            -8.753341           -57.827599          F 
130310                          1                   0.0001000           4124                47.27               87.24               142.77              1440928.00          0                   1.27                0                   0                   38665.00            -3.988364           -58.601783          F 
510140                          1                   0.0001000           4124                47.27               87.24               142.77              1440928.00          16                  0.76                21.14               21.17               23067.00            -10.187963          -59.839297          F 
110110                          1                   0.0001000           4124                47.27               87.24               142.77              1440928.00          1                   0.35                2.82                2.82                10819.00            -9.170195           -63.044988          F 
110080                          1                   0.0001000           4124                47.27               87.24               142.77              1440928.00          15                  0.92                16.29               16.31               28068.00            -8.887011           -63.325581          F 
130008                          1                   0.0001000           4124                47.27               87.24               142.77              1440928.00          0                   0.47                0                   0                   14292.00            -3.502503           -61.716696          F 
130250                          1                   0.0001000           4124                47.27               87.24               142.77              1440928.00          0                   3.27                0                   0                   99613.00            -3.291606           -60.958222          F 
110026                          1                   0.0001000           4124                47.27               87.24               142.77              1440928.00          0                   0.13                0                   0                   3843.00             -9.645106           -62.790311          F 
130090                          1                   0.0001000           4124                47.27               87.24               142.77              1440928.00          1082                0.52                2063.74             2300.02             15981.00            -7.403346           -64.096665          F 
130115                          1                   0.0001000           4124                47.27               87.24               142.77              1440928.00          1                   1.03                0.97                0.97                31459.00            -3.286228           -59.599493          F 
510757                          1                   0.0001000           4124                47.27               87.24               142.77              1440928.00          5                   0.13                37.46               37.47               4069.00             -10.463060          -61.010088          F 
130185                          1                   0.0001000           4124                47.27               87.24               142.77              1440928.00          4                   1.63                2.45                2.45                49718.00            -3.095148           -60.480667          F 
110160                          1                   0.0001000           4124                47.27               87.24               142.77              1440928.00          0                   0.34                0                   0                   10348.00            -10.121814          -62.342289          F 
510615                          1                   0.0001000           4124                47.27               87.24               142.77              1440928.00          1                   0.53                1.90                1.90                16052.00            -9.768714           -58.076318          F 
110012                          1                   0.0001000           4124                47.27               87.24               142.77              1440928.00          3                   4.30                0.70                0.70                131026.00           -10.462197          -61.757091          F 
110180                          1                   0.0001000           4124                47.27               87.24               142.77              1440928.00          0                   0.21                0                   0                   6490.00             -10.384134          -62.093876          F 
110002                          1                   0.0001000           4124                47.27               87.24               142.77              1440928.00          13                  3.65                3.57                3.57                111148.00           -9.951979           -62.957373          F 
130083                          1                   0.0001000           4124                47.27               87.24               142.77              1440928.00          0                   0.44                0                   0                   13482.00            -3.081969           -61.877491          F 
510517                          1                   0.0001000           4124                47.27               87.24               142.77              1440928.00          0                   0.55                0                   0                   16811.00            -10.359620          -58.592177          F 
130190                          1                   0.0001000           4124                47.27               87.24               142.77              1440928.00          0                   3.41                0                   0                   104046.00           -3.174662           -58.777136          F 
110040                          1                   0.0001000           4124                47.27               87.24               142.77              1440928.00          1                   0.73                1.37                1.37                22258.00            -9.649274           -63.394283          F 
150360                          1                   0.0001000           4124                47.27               87.24               142.77              1440928.00          695                 3.33                208.63              223.31              101541.00           -5.871333           -56.496545          F 
510675                          2                   0.0001000           348                 1.49                233.89              241.85              46105.00            348                 1.49                233.89              241.85              46105.00            -15.515107          -59.455385          F 
160027                          3                   0.0001000           308                 3.41                90.30               92.99               103971.00           20                  1.72                11.66               11.68               52302.00            1.096940            -53.306000          F 
160015                          3                   0.0001000           308                 3.41                90.30               92.99               103971.00           3                   0.58                5.19                5.19                17625.00            1.157828            -52.523712          F 
150050                          3                   0.0001000           308                 3.41                90.30               92.99               103971.00           285                 1.12                255.17              262.25              34044.00            0.284350            -53.893460          F 
150640                          4                   0.0001000           27                  3.35                8.07                8.08                122701.00           0                   0.29                0                   0                   10496.00            -0.583158           -49.314290          F 
150200                          4                   0.0001000           27                  3.35                8.07                8.08                122701.00           0                   0.66                0                   0                   24355.00            -0.869047           -48.877684          F 
150570                          4                   0.0001000           27                  3.35                8.07                8.08                122701.00           0                   0.87                0                   0                   32007.00            -1.117579           -49.077239          F 
150790                          4                   0.0001000           27                  3.35                8.07                8.08                122701.00           1                   0.70                1.42                1.42                25752.00            -0.492471           -48.637322          F 
150070                          4                   0.0001000           27                  3.35                8.07                8.08                122701.00           26                  0.82                31.67               31.75               30091.00            -0.827103           -49.962044          F 
150613                          5                   0.0001000           22                  2.82                7.81                7.82                86326.00            22                  2.82                7.81                7.82                86326.00            -8.069353           -50.198021          F 
500797                          6                   0.6374              3                   0.039               76.88               76.90               3588.00             3                   0.039               76.88               76.90               3588.00             -22.669936          -53.431275          F 
