130360                          1                   0.0001000           1755                89.44               19.62               36.90               7499594.00          1                   0.27                3.74                3.74                22404.00            -0.318566           -65.522058          F 
130040                          1                   0.0001000           1755                89.44               19.62               36.90               7499594.00          31                  0.33                94.76               95.56               27433.00            -0.465180           -63.434588          F 
130280                          1                   0.0001000           1755                89.44               19.62               36.90               7499594.00          0                   0.22                0                   0                   18423.00            -2.428415           -65.038109          F 
130160                          1                   0.0001000           1755                89.44               19.62               36.90               7499594.00          0                   0.25                0                   0                   20742.00            -2.492180           -66.358452          F 
130380                          1                   0.0001000           1755                89.44               19.62               36.90               7499594.00          5                   0.51                9.73                9.74                43094.00            0.374453            -67.997697          F 
130426                          1                   0.0001000           1755                89.44               19.62               36.90               7499594.00          0                   0.16                0                   0                   13121.00            -3.167038           -65.411879          F 
130210                          1                   0.0001000           1755                89.44               19.62               36.90               7499594.00          1                   0.061               16.36               16.37               5125.00             -1.698117           -68.320288          F 
130220                          1                   0.0001000           1755                89.44               19.62               36.90               7499594.00          1                   0.16                6.35                6.35                13198.00            -3.524623           -66.306825          F 
130423                          1                   0.0001000           1755                89.44               19.62               36.90               7499594.00          0                   0.22                0                   0                   18478.00            -2.691643           -67.827923          F 
130002                          1                   0.0001000           1755                89.44               19.62               36.90               7499594.00          0                   0.19                0                   0                   15545.00            -3.701122           -65.330652          F 
130130                          1                   0.0001000           1755                89.44               19.62               36.90               7499594.00          1                   0.32                3.13                3.13                26777.00            -3.289026           -62.972665          F 
140028                          1                   0.0001000           1755                89.44               19.62               36.90               7499594.00          0                   0.12                0                   0                   10320.00            2.186649            -62.468913          F 
130420                          1                   0.0001000           1755                89.44               19.62               36.90               7499594.00          4                   0.74                5.37                5.38                62444.00            -4.468383           -65.529278          F 
130006                          1                   0.0001000           1755                89.44               19.62               36.90               7499594.00          1                   0.13                7.73                7.73                10847.00            -3.418321           -68.287308          F 
130320                          1                   0.0001000           1755                89.44               19.62               36.90               7499594.00          0                   0.21                0                   0                   17671.00            -2.046996           -61.701836          F 
140020                          1                   0.0001000           1755                89.44               19.62               36.90               7499594.00          0                   0.24                0                   0                   20261.00            0.990862            -61.471950          F 
130120                          1                   0.0001000           1755                89.44               19.62               36.90               7499594.00          0                   0.99                0                   0                   83078.00            -4.437162           -64.124619          F 
140005                          1                   0.0001000           1755                89.44               19.62               36.90               7499594.00          1                   0.19                5.18                5.18                16176.00            3.078187            -62.755259          F 
130370                          1                   0.0001000           1755                89.44               19.62               36.90               7499594.00          0                   0.28                0                   0                   23688.00            -3.051175           -69.087897          F 
140047                          1                   0.0001000           1755                89.44               19.62               36.90               7499594.00          21                  0.33                64.53               64.90               27288.00            0.0378310           -61.010414          F 
140030                          1                   0.0001000           1755                89.44               19.62               36.90               7499594.00          2                   0.20                10.24               10.24               16380.00            2.510145            -61.983632          F 
130083                          1                   0.0001000           1755                89.44               19.62               36.90               7499594.00          0                   0.15                0                   0                   12420.00            -3.081969           -61.877491          F 
130008                          1                   0.0001000           1755                89.44               19.62               36.90               7499594.00          1                   0.15                6.81                6.81                12320.00            -3.502503           -61.716696          F 
140002                          1                   0.0001000           1755                89.44               19.62               36.90               7499594.00          0                   0.13                0                   0                   11006.00            3.732874            -62.436863          F 
130100                          1                   0.0001000           1755                89.44               19.62               36.90               7499594.00          0                   0.33                0                   0                   27880.00            -5.118832           -67.337382          F 
130010                          1                   0.0001000           1755                89.44               19.62               36.90               7499594.00          1                   0.23                4.35                4.35                19292.00            -4.186645           -62.073001          F 
130230                          1                   0.0001000           1755                89.44               19.62               36.90               7499594.00          0                   0.20                0                   0                   16585.00            -4.713108           -68.403854          F 
130250                          1                   0.0001000           1755                89.44               19.62               36.90               7499594.00          2                   1.12                1.78                1.78                94175.00            -3.291606           -60.958222          F 
140060                          1                   0.0001000           1755                89.44               19.62               36.90               7499594.00          0                   0.088               0                   0                   7407.00             0.884349            -60.151701          F 
130406                          1                   0.0001000           1755                89.44               19.62               36.90               7499594.00          6                   0.73                8.24                8.26                61028.00            -4.027765           -69.681346          F 
140017                          1                   0.0001000           1755                89.44               19.62               36.90               7499594.00          0                   0.19                0                   0                   16149.00            2.272838            -60.542067          F 
130353                          1                   0.0001000           1755                89.44               19.62               36.90               7499594.00          4                   0.39                10.22               10.23               32812.00            -1.372564           -59.988741          F 
130063                          1                   0.0001000           1755                89.44               19.62               36.90               7499594.00          0                   0.22                0                   0                   18171.00            -4.603475           -61.787364          F 
130390                          1                   0.0001000           1755                89.44               19.62               36.90               7499594.00          0                   0.44                0                   0                   36536.00            -4.497836           -69.450565          F 
130260                          1                   0.0001000           1755                89.44               19.62               36.90               7499594.00          66                  24.54               2.69                2.72                2057711.00          -2.626021           -60.259483          F 
130185                          1                   0.0001000           1755                89.44               19.62               36.90               7499594.00          1                   0.55                1.82                1.82                45984.00            -3.095148           -60.480667          F 
140050                          1                   0.0001000           1755                89.44               19.62               36.90               7499594.00          0                   0.090               0                   0                   7516.00             0.635650            -59.844809          F 
130410                          1                   0.0001000           1755                89.44               19.62               36.90               7499594.00          0                   0.22                0                   0                   18152.00            -6.104509           -64.893865          F 
140010                          1                   0.0001000           1755                89.44               19.62               36.90               7499594.00          20                  3.82                5.23                5.25                320714.00           3.117964            -60.717850          F 
130255                          1                   0.0001000           1755                89.44               19.62               36.90               7499594.00          0                   0.34                0                   0                   28413.00            -3.779354           -60.697327          F 
140015                          1                   0.0001000           1755                89.44               19.62               36.90               7499594.00          1                   0.14                7.14                7.14                11739.00            2.787148            -60.100125          F 
130356                          1                   0.0001000           1755                89.44               19.62               36.90               7499594.00          4                   0.36                10.99               11.00               30530.00            -2.529891           -59.638156          F 
140023                          1                   0.0001000           1755                89.44               19.62               36.90               7499594.00          1                   0.11                9.15                9.15                9165.00             0.914772            -59.338066          F 
130110                          1                   0.0001000           1755                89.44               19.62               36.90               7499594.00          1                   0.43                2.30                2.30                36435.00            -3.770658           -60.183093          F 
140045                          1                   0.0001000           1755                89.44               19.62               36.90               7499594.00          1                   0.14                7.04                7.04                11908.00            4.168751            -60.839425          F 
130430                          1                   0.0001000           1755                89.44               19.62               36.90               7499594.00          1                   0.20                4.89                4.89                17163.00            -0.893871           -59.029898          F 
130115                          1                   0.0001000           1755                89.44               19.62               36.90               7499594.00          1                   0.33                3.00                3.00                27981.00            -3.286228           -59.599493          F 
130195                          1                   0.0001000           1755                89.44               19.62               36.90               7499594.00          0                   0.098               0                   0                   8179.00             -6.682874           -68.114036          F 
140040                          1                   0.0001000           1755                89.44               19.62               36.90               7499594.00          0                   0.12                0                   0                   10148.00            3.878942            -60.064912          F 
130030                          1                   0.0001000           1755                89.44               19.62               36.90               7499594.00          0                   0.44                0                   0                   37033.00            -3.788879           -59.528635          F 
130060                          1                   0.0001000           1755                89.44               19.62               36.90               7499594.00          1                   0.47                2.12                2.12                39484.00            -5.429327           -70.278296          F 
130395                          1                   0.0001000           1755                89.44               19.62               36.90               7499594.00          0                   0.15                0                   0                   12781.00            -1.946118           -58.702338          F 
130090                          1                   0.0001000           1755                89.44               19.62               36.90               7499594.00          60                  0.18                332.53              338.07              15130.00            -7.403346           -64.096665          F 
130200                          1                   0.0001000           1755                89.44               19.62               36.90               7499594.00          0                   0.11                0                   0                   8953.00             -2.498704           -58.619577          F 
140070                          1                   0.0001000           1755                89.44               19.62               36.90               7499594.00          0                   0.11                0                   0                   9488.00             4.683843            -60.280731          F 
130190                          1                   0.0001000           1755                89.44               19.62               36.90               7499594.00          5                   1.16                4.32                4.32                97122.00            -3.174662           -58.777136          F 
130270                          1                   0.0001000           1755                89.44               19.62               36.90               7499594.00          14                  0.63                22.13               22.21               53053.00            -6.459804           -61.446481          F 
130400                          1                   0.0001000           1755                89.44               19.62               36.90               7499594.00          0                   0.11                0                   0                   9081.00             -2.822093           -58.536128          F 
130080                          1                   0.0001000           1755                89.44               19.62               36.90               7499594.00          3                   0.47                6.40                6.41                39292.00            -4.957034           -59.534428          F 
130170                          1                   0.0001000           1755                89.44               19.62               36.90               7499594.00          46                  0.61                75.19               76.13               51302.00            -7.362897           -62.485394          F 
150300                          1                   0.0001000           1755                89.44               19.62               36.90               7499594.00          0                   0.087               0                   0                   7333.00             -1.158833           -57.806300          F 
130310                          1                   0.0001000           1755                89.44               19.62               36.90               7499594.00          0                   0.42                0                   0                   35156.00            -3.988364           -58.601783          F 
130350                          1                   0.0001000           1755                89.44               19.62               36.90               7499594.00          6                   0.23                25.96               26.00               19378.00            -7.757795           -68.197229          F 
130300                          1                   0.0001000           1755                89.44               19.62               36.90               7499594.00          1                   0.24                4.12                4.12                20358.00            -1.680483           -57.656536          F 
130240                          1                   0.0001000           1755                89.44               19.62               36.90               7499594.00          197                 0.52                381.83              403.57              43263.00            -8.375880           -65.812244          F 
130440                          1                   0.0001000           1755                89.44               19.62               36.90               7499594.00          0                   0.25                0                   0                   21140.00            -2.812240           -57.770143          F 
130140                          1                   0.0001000           1755                89.44               19.62               36.90               7499594.00          7                   0.41                17.25               17.28               34025.00            -7.022778           -70.222033          F 
130020                          1                   0.0001000           1755                89.44               19.62               36.90               7499594.00          0                   0.22                0                   0                   18133.00            -5.711940           -71.742673          F 
130330                          1                   0.0001000           1755                89.44               19.62               36.90               7499594.00          6                   0.29                20.69               20.72               24315.00            -6.825051           -60.477192          F 
130068                          1                   0.0001000           1755                89.44               19.62               36.90               7499594.00          0                   0.21                0                   0                   17668.00            -3.138082           -57.669942          F 
150530                          1                   0.0001000           1755                89.44               19.62               36.90               7499594.00          0                   0.82                0                   0                   69024.00            0.255032            -57.149736          F 
130150                          1                   0.0001000           1755                89.44               19.62               36.90               7499594.00          10                  0.22                44.64               44.76               18786.00            -7.573750           -70.054927          F 
130290                          1                   0.0001000           1755                89.44               19.62               36.90               7499594.00          122                 0.72                170.55              176.42              59983.00            -4.984990           -58.060916          F 
130050                          1                   0.0001000           1755                89.44               19.62               36.90               7499594.00          0                   0.37                0                   0                   30658.00            -3.129157           -57.172390          F 
130070                          1                   0.0001000           1755                89.44               19.62               36.90               7499594.00          14                  0.40                35.04               35.18               33498.00            -8.772979           -68.047540          F 
110080                          1                   0.0001000           1755                89.44               19.62               36.90               7499594.00          5                   0.29                17.36               17.38               24155.00            -8.887011           -63.325581          F 
110020                          1                   0.0001000           1755                89.44               19.62               36.90               7499594.00          147                 6.00                24.52               25.51               502748.00           -9.153039           -64.305489          F 
130340                          1                   0.0001000           1755                89.44               19.62               36.90               7499594.00          0                   1.33                0                   0                   111575.00           -2.688407           -56.854026          F 
130180                          1                   0.0001000           1755                89.44               19.62               36.90               7499594.00          34                  0.32                106.14              107.13              26860.00            -7.181162           -71.415929          F 
110110                          1                   0.0001000           1755                89.44               19.62               36.90               7499594.00          0                   0.12                0                   0                   9995.00             -9.170195           -63.044988          F 
150797                          1                   0.0001000           1755                89.44               19.62               36.90               7499594.00          0                   0.21                0                   0                   17946.00            -1.952134           -56.458364          F 
110094                          1                   0.0001000           1755                89.44               19.62               36.90               7499594.00          0                   0.25                0                   0                   20974.00            -9.170974           -62.565037          F 
110013                          1                   0.0001000           1755                89.44               19.62               36.90               7499594.00          19                  0.44                42.87               43.09               37167.00            -9.204070           -62.010294          F 
120080                          1                   0.0001000           1755                89.44               19.62               36.90               7499594.00          0                   0.20                0                   0                   16757.00            -9.629475           -67.701064          F 
110040                          1                   0.0001000           1755                89.44               19.62               36.90               7499594.00          0                   0.24                0                   0                   20210.00            -9.649274           -63.394283          F 
150390                          1                   0.0001000           1755                89.44               19.62               36.90               7499594.00          0                   0.64                0                   0                   53989.00            -2.622585           -56.221232          F 
130014                          1                   0.0001000           1755                89.44               19.62               36.90               7499594.00          6                   0.25                24.37               24.40               20648.00            -7.759871           -59.431439          F 
120013                          1                   0.0001000           1755                89.44               19.62               36.90               7499594.00          0                   0.11                0                   0                   9339.00             -9.613848           -68.175429          F 
110026                          1                   0.0001000           1755                89.44               19.62               36.90               7499594.00          1                   0.045               22.36               22.37               3750.00             -9.645106           -62.790311          F 
120001                          1                   0.0001000           1755                89.44               19.62               36.90               7499594.00          3                   0.17                18.14               18.15               13869.00            -9.934392           -66.948427          F 
150510                          1                   0.0001000           1755                89.44               19.62               36.90               7499594.00          8                   0.60                13.29               13.32               50459.00            -0.170427           -55.674947          F 
110045                          1                   0.0001000           1755                89.44               19.62               36.90               7499594.00          4                   0.45                8.86                8.87                37838.00            -10.052159          -63.941154          F 
120045                          1                   0.0001000           1755                89.44               19.62               36.90               7499594.00          1                   0.25                3.96                3.96                21182.00            -9.996928           -67.427266          F 
120060                          1                   0.0001000           1755                89.44               19.62               36.90               7499594.00          4                   0.46                8.64                8.65                38819.00            -8.238234           -71.446466          F 
110002                          1                   0.0001000           1755                89.44               19.62               36.90               7499594.00          3                   1.25                2.41                2.41                104401.00           -9.951979           -62.957373          F 
120034                          1                   0.0001000           1755                89.44               19.62               36.90               7499594.00          0                   0.10                0                   0                   8641.00             -9.380351           -69.854989          F 
130165                          1                   0.0001000           1755                89.44               19.62               36.90               7499594.00          209                 0.19                1107.37             1174.62             15826.00            -7.229841           -72.844424          F 
120030                          1                   0.0001000           1755                89.44               19.62               36.90               7499594.00          0                   0.39                0                   0                   32385.00            -8.926430           -70.747840          F 
110175                          1                   0.0001000           1755                89.44               19.62               36.90               7499594.00          0                   0.13                0                   0                   10843.00            -9.732685           -61.939355          F 
150100                          1                   0.0001000           1755                89.44               19.62               36.90               7499594.00          0                   0.19                0                   0                   15953.00            -3.667209           -56.016450          F 
120038                          1                   0.0001000           1755                89.44               19.62               36.90               7499594.00          0                   0.22                0                   0                   18159.00            -10.248624          -67.339671          F 
110033                          1                   0.0001000           1755                89.44               19.62               36.90               7499594.00          0                   0.33                0                   0                   27600.00            -10.382239          -64.629270          F 
110140                          1                   0.0001000           1755                89.44               19.62               36.90               7499594.00          0                   0.19                0                   0                   15873.00            -10.210793          -63.372281          F 
120040                          1                   0.0001000           1755                89.44               19.62               36.90               7499594.00          14                  4.42                3.17                3.18                370550.00           -10.066358          -68.371440          F 
120050                          1                   0.0001000           1755                89.44               19.62               36.90               7499594.00          0                   0.50                0                   0                   41750.00            -9.771845           -69.382700          F 
110160                          1                   0.0001000           1755                89.44               19.62               36.90               7499594.00          0                   0.14                0                   0                   11347.00            -10.121814          -62.342289          F 
120043                          1                   0.0001000           1755                89.44               19.62               36.90               7499594.00          0                   0.069               0                   0                   5809.00             -9.412364           -70.398018          F 
110070                          1                   0.0001000           1755                89.44               19.62               36.90               7499594.00          1                   0.17                5.90                5.90                14220.00            -10.485091          -63.799446          F 
110060                          1                   0.0001000           1755                89.44               19.62               36.90               7499594.00          0                   0.076               0                   0                   6367.00             -10.331685          -62.987180          F 
510325                          1                   0.0001000           1755                89.44               19.62               36.90               7499594.00          312                 0.40                779.21              852.01              33575.00            -9.292283           -60.305531          F 
120017                          1                   0.0001000           1755                89.44               19.62               36.90               7499594.00          0                   0.13                0                   0                   10498.00            -10.474157          -67.835782          F 
150040                          1                   0.0001000           1755                89.44               19.62               36.90               7499594.00          0                   0.65                0                   0                   54662.00            -0.536230           -55.069883          F 
150285                          1                   0.0001000           1755                89.44               19.62               36.90               7499594.00          0                   0.16                0                   0                   13562.00            -1.845743           -55.113264          F 
120020                          1                   0.0001000           1755                89.44               19.62               36.90               7499594.00          51                  0.97                52.46               53.19               81519.00            -7.974126           -72.761548          F 
150360                          1                   0.0001000           1755                89.44               19.62               36.90               7499594.00          103                 1.17                87.73               90.25               98446.00            -5.871333           -56.496545          F 
110180                          1                   0.0001000           1755                89.44               19.62               36.90               7499594.00          0                   0.098               0                   0                   8231.00             -10.384134          -62.093876          F 
150805                          1                   0.0001000           1755                89.44               19.62               36.90               7499594.00          0                   0.22                0                   0                   18084.00            -5.130084           -56.003417          F 
120033                          1                   0.0001000           1755                89.44               19.62               36.90               7499594.00          6                   0.20                29.30               29.34               17173.00            -7.503753           -73.439585          F 
120070                          1                   0.0001000           1755                89.44               19.62               36.90               7499594.00          0                   0.21                0                   0                   17608.00            -10.575880          -68.505122          F 
110011                          1                   0.0001000           1755                89.44               19.62               36.90               7499594.00          0                   0.66                0                   0                   55738.00            -10.592446          -62.584788          F 
110100                          1                   0.0001000           1755                89.44               19.62               36.90               7499594.00          0                   0.12                0                   0                   10127.00            -10.748055          -63.183884          F 
150680                          1                   0.0001000           1755                89.44               19.62               36.90               7499594.00          6                   3.49                1.72                1.72                292520.00           -2.764647           -55.093854          F 
120042                          1                   0.0001000           1755                89.44               19.62               36.90               7499594.00          2                   0.20                9.88                9.88                16974.00            -7.841819           -73.222514          F 
110012                          1                   0.0001000           1755                89.44               19.62               36.90               7499594.00          0                   1.56                0                   0                   130419.00           -10.462197          -61.757091          F 
110015                          1                   0.0001000           1755                89.44               19.62               36.90               7499594.00          0                   0.48                0                   0                   39924.00            -10.610539          -62.172424          F 
150375                          1                   0.0001000           1755                89.44               19.62               36.90               7499594.00          6                   0.49                12.13               12.14               41490.00            -7.445178           -57.302829          F 
120039                          1                   0.0001000           1755                89.44               19.62               36.90               7499594.00          1                   0.13                7.79                7.80                10759.00            -8.489533           -72.721389          F 
150145                          1                   0.0001000           1755                89.44               19.62               36.90               7499594.00          0                   0.20                0                   0                   17036.00            -3.191161           -54.992826          F 
120032                          1                   0.0001000           1755                89.44               19.62               36.90               7499594.00          0                   0.090               0                   0                   7509.00             -9.243211           -71.907488          F 
110143                          1                   0.0001000           1755                89.44               19.62               36.90               7499594.00          0                   0.093               0                   0                   7824.00             -10.889526          -62.532438          F 
120025                          1                   0.0001000           1755                89.44               19.62               36.90               7499594.00          0                   0.20                0                   0                   16731.00            -10.889162          -68.618498          F 
150619                          1                   0.0001000           1755                89.44               19.62               36.90               7499594.00          0                   0.56                0                   0                   46804.00            -4.241022           -55.210827          F 
110010                          1                   0.0001000           1755                89.44               19.62               36.90               7499594.00          0                   0.56                0                   0                   46632.00            -11.305773          -64.537463          F 
120010                          1                   0.0001000           1755                89.44               19.62               36.90               7499594.00          0                   0.28                0                   0                   23849.00            -10.747736          -69.207484          F 
110130                          1                   0.0001000           1755                89.44               19.62               36.90               7499594.00          0                   0.15                0                   0                   12360.00            -11.076985          -62.848279          F 
510757                          1                   0.0001000           1755                89.44               19.62               36.90               7499594.00          7                   0.045               154.79              155.09              3792.00             -10.463060          -61.010088          F 
110155                          1                   0.0001000           1755                89.44               19.62               36.90               7499594.00          1                   0.060               16.76               16.76               5003.00             -10.943464          -62.279708          F 
150480                          1                   0.0001000           1755                89.44               19.62               36.90               7499594.00          1                   0.67                1.49                1.49                56312.00            -1.119762           -54.365806          F 
110170                          1                   0.0001000           1755                89.44               19.62               36.90               7499594.00          0                   0.16                0                   0                   13293.00            -11.103908          -62.424021          F 
120035                          1                   0.0001000           1755                89.44               19.62               36.90               7499594.00          0                   0.20                0                   0                   16895.00            -9.099817           -72.558104          F 
120005                          1                   0.0001000           1755                89.44               19.62               36.90               7499594.00          1                   0.080               12.44               12.45               6738.00             -10.779491          -70.006358          F 
510140                          1                   0.0001000           1755                89.44               19.62               36.90               7499594.00          1                   0.25                4.06                4.06                20657.00            -10.187963          -59.839297          F 
110034                          1                   0.0001000           1755                89.44               19.62               36.90               7499594.00          0                   0.20                0                   0                   17063.00            -11.311455          -62.544783          F 
510080                          1                   0.0001000           1755                89.44               19.62               36.90               7499594.00          0                   0.11                0                   0                   9400.00             -8.753341           -57.827599          F 
110025                          1                   0.0001000           1755                89.44               19.62               36.90               7499594.00          0                   0.27                0                   0                   22557.00            -11.166190          -61.877898          F 
510337                          1                   0.0001000           1755                89.44               19.62               36.90               7499594.00          0                   0.21                0                   0                   17716.00            -9.536841           -58.677801          F 
110120                          1                   0.0001000           1755                89.44               19.62               36.90               7499594.00          0                   0.13                0                   0                   10823.00            -11.160345          -61.568926          F 
150565                          1                   0.0001000           1755                89.44               19.62               36.90               7499594.00          0                   0.34                0                   0                   28533.00            -3.889977           -54.500599          F 
110032                          1                   0.0001000           1755                89.44               19.62               36.90               7499594.00          0                   0.29                0                   0                   23933.00            -11.628169          -62.941940          F 
150050                          1                   0.0001000           1755                89.44               19.62               36.90               7499594.00          126                 0.40                316.60              327.89              33372.00            0.284350            -53.893460          F 
160021                          2                   0.0001000           204                 11.69               17.45               18.43               980113.00           0                   0.064               0                   0                   5407.00             1.030315            -50.483699          F 
160030                          2                   0.0001000           204                 11.69               17.45               18.43               980113.00           34                  5.44                6.25                6.30                456171.00           0.554818            -50.700863          F 
160025                          2                   0.0001000           204                 11.69               17.45               18.43               980113.00           0                   0.059               0                   0                   4949.00             0.532233            -50.651554          F 
160070                          2                   0.0001000           204                 11.69               17.45               18.43               980113.00           0                   0.18                0                   0                   15212.00            1.294034            -50.985687          F 
160010                          2                   0.0001000           204                 11.69               17.45               18.43               980113.00           5                   0.10                48.63               48.69               8622.00             1.764026            -50.581371          F 
160023                          2                   0.0001000           204                 11.69               17.45               18.43               980113.00           0                   0.082               0                   0                   6901.00             0.958713            -51.419182          F 
160055                          2                   0.0001000           204                 11.69               17.45               18.43               980113.00           0                   0.054               0                   0                   4531.00             1.625299            -51.277065          F 
150250                          2                   0.0001000           204                 11.69               17.45               18.43               980113.00           8                   0.27                29.73               29.79               22566.00            -0.0296229          -49.829440          F 
160053                          2                   0.0001000           204                 11.69               17.45               18.43               980113.00           2                   0.23                8.53                8.53                19669.00            0.587711            -51.673569          F 
160060                          2                   0.0001000           204                 11.69               17.45               18.43               980113.00           9                   1.34                6.73                6.74                112218.00           0.128476            -51.379449          F 
150030                          2                   0.0001000           204                 11.69               17.45               18.43               980113.00           55                  0.45                123.32              125.19              37398.00            -0.263841           -50.727746          F 
160020                          2                   0.0001000           204                 11.69               17.45               18.43               980113.00           7                   0.12                57.76               57.86               10163.00            2.430849            -51.404322          F 
160040                          2                   0.0001000           204                 11.69               17.45               18.43               980113.00           0                   0.23                0                   0                   19571.00            -0.0730322          -51.943908          F 
160005                          2                   0.0001000           204                 11.69               17.45               18.43               980113.00           7                   0.059               118.87              119.09              4938.00             1.649528            -52.270468          F 
150070                          2                   0.0001000           204                 11.69               17.45               18.43               980113.00           29                  0.33                88.30               89.00               27540.00            -0.827103           -49.962044          F 
150640                          2                   0.0001000           204                 11.69               17.45               18.43               980113.00           0                   0.11                0                   0                   9417.00             -0.583158           -49.314290          F 
160015                          2                   0.0001000           204                 11.69               17.45               18.43               980113.00           4                   0.17                23.98               24.00               13988.00            1.157828            -52.523712          F 
150180                          2                   0.0001000           204                 11.69               17.45               18.43               980113.00           27                  1.17                23.05               23.21               98231.00            -1.121333           -50.628584          F 
150790                          2                   0.0001000           204                 11.69               17.45               18.43               980113.00           0                   0.29                0                   0                   24286.00            -0.492471           -48.637322          F 
150310                          2                   0.0001000           204                 11.69               17.45               18.43               980113.00           3                   0.38                7.95                7.96                31623.00            -1.151921           -51.555276          F 
150200                          2                   0.0001000           204                 11.69               17.45               18.43               980113.00           0                   0.27                0                   0                   22449.00            -0.869047           -48.877684          F 
160050                          2                   0.0001000           204                 11.69               17.45               18.43               980113.00           14                  0.29                48.38               48.57               24263.00            3.088524            -51.904801          F 
150555                          3                   0.0001000           23                  3.31                6.96                6.99                418202.00           0                   0.044               0                   0                   5535.00             -7.737187           -50.123353          F 
150613                          3                   0.0001000           23                  3.31                6.96                6.99                418202.00           5                   0.64                7.83                7.84                80797.00            -8.069353           -50.198021          F 
150616                          3                   0.0001000           23                  3.31                6.96                6.99                418202.00           0                   0.14                0                   0                   17738.00            -7.340746           -49.895407          F 
150125                          3                   0.0001000           23                  3.31                6.96                6.99                418202.00           2                   0.026               77.42               77.46               3267.00             -7.486340           -50.634226          F 
150304                          3                   0.0001000           23                  3.31                6.96                6.99                418202.00           0                   0.15                0                   0                   19261.00            -7.548373           -49.576097          F 
150270                          3                   0.0001000           23                  3.31                6.96                6.99                418202.00           0                   0.37                0                   0                   46395.00            -8.182560           -49.512625          F 
150658                          3                   0.0001000           23                  3.31                6.96                6.99                418202.00           0                   0.16                0                   0                   19925.00            -8.633727           -50.314447          F 
150840                          3                   0.0001000           23                  3.31                6.96                6.99                418202.00           0                   0.34                0                   0                   42833.00            -6.917853           -49.635135          F 
150034                          3                   0.0001000           23                  3.31                6.96                6.99                418202.00           0                   0.21                0                   0                   26305.00            -6.773035           -50.430070          F 
150775                          3                   0.0001000           23                  3.31                6.96                6.99                418202.00           0                   0.044               0                   0                   5587.00             -6.838854           -49.569799          F 
171180                          3                   0.0001000           23                  3.31                6.96                6.99                418202.00           0                   0.018               0                   0                   2245.00             -8.140277           -49.110602          F 
170230                          3                   0.0001000           23                  3.31                6.96                6.99                418202.00           0                   0.054               0                   0                   6799.00             -7.723272           -48.999890          F 
170600                          3                   0.0001000           23                  3.31                6.96                6.99                418202.00           0                   0.043               0                   0                   5424.00             -8.436865           -49.162374          F 
150276                          3                   0.0001000           23                  3.31                6.96                6.99                418202.00           1                   0.098               10.18               10.18               12423.00            -8.458321           -51.221011          F 
171886                          3                   0.0001000           23                  3.31                6.96                6.99                418202.00           0                   0.057               0                   0                   7232.00             -7.093920           -48.973845          F 
150215                          3                   0.0001000           23                  3.31                6.96                6.99                418202.00           0                   0.27                0                   0                   33632.00            -6.424110           -50.085921          F 
150543                          3                   0.0001000           23                  3.31                6.96                6.99                418202.00           10                  0.24                41.09               41.20               30776.00            -7.525492           -51.432537          F 
170190                          3                   0.0001000           23                  3.31                6.96                6.99                418202.00           0                   0.054               0                   0                   6863.00             -8.939322           -49.504685          F 
171665                          3                   0.0001000           23                  3.31                6.96                6.99                418202.00           0                   0.043               0                   0                   5381.00             -8.379551           -48.917014          F 
171110                          3                   0.0001000           23                  3.31                6.96                6.99                418202.00           0                   0.020               0                   0                   2476.00             -8.451479           -48.752157          F 
150808                          3                   0.0001000           23                  3.31                6.96                6.99                418202.00           5                   0.30                16.95               16.97               37308.00            -6.820174           -51.391396          F 
150175                          4                   0.8985              3                   0.058               51.77               51.82               14656.00            2                   0.029               69.95               69.99               7232.00             -5.735954           -48.432343          F 
150549                          4                   0.8985              3                   0.058               51.77               51.82               14656.00            1                   0.029               34.07               34.08               7424.00             -5.926997           -48.370291          F 
