130360                          1                   0.0001000           3764                184.17              20.44               40.56               7788025.00          4                   0.58                6.92                6.93                24436.00            -0.318566           -65.522058          F 
130040                          1                   0.0001000           3764                184.17              20.44               40.56               7788025.00          39                  0.65                60.27               60.58               27364.00            -0.465180           -63.434588          F 
130280                          1                   0.0001000           3764                184.17              20.44               40.56               7788025.00          0                   0.43                0                   0                   18186.00            -2.428415           -65.038109          F 
130160                          1                   0.0001000           3764                184.17              20.44               40.56               7788025.00          0                   0.43                0                   0                   18221.00            -2.492180           -66.358452          F 
130380                          1                   0.0001000           3764                184.17              20.44               40.56               7788025.00          1                   1.06                0.94                0.94                44816.00            0.374453            -67.997697          F 
130426                          1                   0.0001000           3764                184.17              20.44               40.56               7788025.00          0                   0.32                0                   0                   13387.00            -3.167038           -65.411879          F 
130210                          1                   0.0001000           3764                184.17              20.44               40.56               7788025.00          2                   0.077               25.90               25.91               3265.00             -1.698117           -68.320288          F 
130220                          1                   0.0001000           3764                184.17              20.44               40.56               7788025.00          0                   0.34                0                   0                   14312.00            -3.524623           -66.306825          F 
130423                          1                   0.0001000           3764                184.17              20.44               40.56               7788025.00          0                   0.44                0                   0                   18610.00            -2.691643           -67.827923          F 
130002                          1                   0.0001000           3764                184.17              20.44               40.56               7788025.00          0                   0.38                0                   0                   15860.00            -3.701122           -65.330652          F 
130130                          1                   0.0001000           3764                184.17              20.44               40.56               7788025.00          0                   0.66                0                   0                   28100.00            -3.289026           -62.972665          F 
140028                          1                   0.0001000           3764                184.17              20.44               40.56               7788025.00          0                   0.27                0                   0                   11600.00            2.186649            -62.468913          F 
130420                          1                   0.0001000           3764                184.17              20.44               40.56               7788025.00          3                   1.42                2.11                2.11                60154.00            -4.468383           -65.529278          F 
130006                          1                   0.0001000           3764                184.17              20.44               40.56               7788025.00          0                   0.27                0                   0                   11332.00            -3.418321           -68.287308          F 
130320                          1                   0.0001000           3764                184.17              20.44               40.56               7788025.00          0                   0.45                0                   0                   18974.00            -2.046996           -61.701836          F 
140020                          1                   0.0001000           3764                184.17              20.44               40.56               7788025.00          11                  0.51                21.57               21.60               21564.00            0.990862            -61.471950          F 
130120                          1                   0.0001000           3764                184.17              20.44               40.56               7788025.00          2                   1.99                1.00                1.00                84272.00            -4.437162           -64.124619          F 
140005                          1                   0.0001000           3764                184.17              20.44               40.56               7788025.00          5                   0.37                13.52               13.53               15638.00            3.078187            -62.755259          F 
130370                          1                   0.0001000           3764                184.17              20.44               40.56               7788025.00          4                   0.52                7.70                7.70                21966.00            -3.051175           -69.087897          F 
140047                          1                   0.0001000           3764                184.17              20.44               40.56               7788025.00          36                  0.70                51.55               51.79               29533.00            0.0378310           -61.010414          F 
140030                          1                   0.0001000           3764                184.17              20.44               40.56               7788025.00          4                   0.41                9.65                9.65                17528.00            2.510145            -61.983632          F 
130083                          1                   0.0001000           3764                184.17              20.44               40.56               7788025.00          0                   0.30                0                   0                   12877.00            -3.081969           -61.877491          F 
130008                          1                   0.0001000           3764                184.17              20.44               40.56               7788025.00          1                   0.31                3.19                3.19                13269.00            -3.502503           -61.716696          F 
140002                          1                   0.0001000           3764                184.17              20.44               40.56               7788025.00          2                   0.29                6.82                6.83                12394.00            3.732874            -62.436863          F 
130100                          1                   0.0001000           3764                184.17              20.44               40.56               7788025.00          1                   0.66                1.51                1.51                28076.00            -5.118832           -67.337382          F 
130010                          1                   0.0001000           3764                184.17              20.44               40.56               7788025.00          0                   0.49                0                   0                   20538.00            -4.186645           -62.073001          F 
130230                          1                   0.0001000           3764                184.17              20.44               40.56               7788025.00          0                   0.35                0                   0                   14753.00            -4.713108           -68.403854          F 
130250                          1                   0.0001000           3764                184.17              20.44               40.56               7788025.00          3                   2.28                1.32                1.32                96236.00            -3.291606           -60.958222          F 
140060                          1                   0.0001000           3764                184.17              20.44               40.56               7788025.00          0                   0.19                0                   0                   7860.00             0.884349            -60.151701          F 
130406                          1                   0.0001000           3764                184.17              20.44               40.56               7788025.00          1                   1.53                0.66                0.66                64488.00            -4.027765           -69.681346          F 
140017                          1                   0.0001000           3764                184.17              20.44               40.56               7788025.00          1                   0.42                2.37                2.37                17868.00            2.272838            -60.542067          F 
130353                          1                   0.0001000           3764                184.17              20.44               40.56               7788025.00          5                   0.84                5.98                5.98                35352.00            -1.372564           -59.988741          F 
130063                          1                   0.0001000           3764                184.17              20.44               40.56               7788025.00          0                   0.46                0                   0                   19258.00            -4.603475           -61.787364          F 
130390                          1                   0.0001000           3764                184.17              20.44               40.56               7788025.00          0                   0.91                0                   0                   38515.00            -4.497836           -69.450565          F 
130260                          1                   0.0001000           3764                184.17              20.44               40.56               7788025.00          94                  50.74               1.85                1.86                2145444.00          -2.626021           -60.259483          F 
130185                          1                   0.0001000           3764                184.17              20.44               40.56               7788025.00          3                   1.12                2.67                2.67                47571.00            -3.095148           -60.480667          F 
140050                          1                   0.0001000           3764                184.17              20.44               40.56               7788025.00          0                   0.19                0                   0                   8052.00             0.635650            -59.844809          F 
130410                          1                   0.0001000           3764                184.17              20.44               40.56               7788025.00          0                   0.41                0                   0                   17299.00            -6.104509           -64.893865          F 
140010                          1                   0.0001000           3764                184.17              20.44               40.56               7788025.00          69                  8.88                7.77                7.84                375374.00           3.117964            -60.717850          F 
130255                          1                   0.0001000           3764                184.17              20.44               40.56               7788025.00          0                   0.74                0                   0                   31147.00            -3.779354           -60.697327          F 
140015                          1                   0.0001000           3764                184.17              20.44               40.56               7788025.00          0                   0.29                0                   0                   12257.00            2.787148            -60.100125          F 
130356                          1                   0.0001000           3764                184.17              20.44               40.56               7788025.00          4                   0.77                5.19                5.19                32577.00            -2.529891           -59.638156          F 
140023                          1                   0.0001000           3764                184.17              20.44               40.56               7788025.00          1                   0.24                4.25                4.25                9950.00             0.914772            -59.338066          F 
130110                          1                   0.0001000           3764                184.17              20.44               40.56               7788025.00          1                   0.88                1.13                1.13                37384.00            -3.770658           -60.183093          F 
140045                          1                   0.0001000           3764                184.17              20.44               40.56               7788025.00          7                   0.37                19.00               19.02               15580.00            4.168751            -60.839425          F 
130430                          1                   0.0001000           3764                184.17              20.44               40.56               7788025.00          0                   0.39                0                   0                   16383.00            -0.893871           -59.029898          F 
130115                          1                   0.0001000           3764                184.17              20.44               40.56               7788025.00          2                   0.70                2.86                2.86                29595.00            -3.286228           -59.599493          F 
130195                          1                   0.0001000           3764                184.17              20.44               40.56               7788025.00          0                   0.19                0                   0                   7888.00             -6.682874           -68.114036          F 
140040                          1                   0.0001000           3764                184.17              20.44               40.56               7788025.00          1                   0.26                3.83                3.83                11045.00            3.878942            -60.064912          F 
130030                          1                   0.0001000           3764                184.17              20.44               40.56               7788025.00          0                   0.92                0                   0                   38830.00            -3.788879           -59.528635          F 
130060                          1                   0.0001000           3764                184.17              20.44               40.56               7788025.00          0                   0.99                0                   0                   42020.00            -5.429327           -70.278296          F 
130395                          1                   0.0001000           3764                184.17              20.44               40.56               7788025.00          0                   0.32                0                   0                   13685.00            -1.946118           -58.702338          F 
130090                          1                   0.0001000           3764                184.17              20.44               40.56               7788025.00          816                 0.37                2233.42             2510.10             15450.00            -7.403346           -64.096665          F 
130200                          1                   0.0001000           3764                184.17              20.44               40.56               7788025.00          1                   0.21                4.67                4.67                9064.00             -2.498704           -58.619577          F 
140070                          1                   0.0001000           3764                184.17              20.44               40.56               7788025.00          0                   0.24                0                   0                   10325.00            4.683843            -60.280731          F 
130190                          1                   0.0001000           3764                184.17              20.44               40.56               7788025.00          2                   2.36                0.85                0.85                99955.00            -3.174662           -58.777136          F 
130270                          1                   0.0001000           3764                184.17              20.44               40.56               7788025.00          36                  1.30                27.73               27.86               54907.00            -6.459804           -61.446481          F 
130400                          1                   0.0001000           3764                184.17              20.44               40.56               7788025.00          0                   0.22                0                   0                   9110.00             -2.822093           -58.536128          F 
130080                          1                   0.0001000           3764                184.17              20.44               40.56               7788025.00          5                   0.96                5.21                5.22                40565.00            -4.957034           -59.534428          F 
130170                          1                   0.0001000           3764                184.17              20.44               40.56               7788025.00          152                 1.28                119.03              121.50              54001.00            -7.362897           -62.485394          F 
150300                          1                   0.0001000           3764                184.17              20.44               40.56               7788025.00          21                  0.17                121.33              121.67              7319.00             -1.158833           -57.806300          F 
130310                          1                   0.0001000           3764                184.17              20.44               40.56               7788025.00          0                   0.87                0                   0                   36721.00            -3.988364           -58.601783          F 
130350                          1                   0.0001000           3764                184.17              20.44               40.56               7788025.00          0                   0.46                0                   0                   19329.00            -7.757795           -68.197229          F 
130300                          1                   0.0001000           3764                184.17              20.44               40.56               7788025.00          85                  0.49                171.99              173.98              20899.00            -1.680483           -57.656536          F 
130240                          1                   0.0001000           3764                184.17              20.44               40.56               7788025.00          198                 1.07                185.06              190.12              45245.00            -8.375880           -65.812244          F 
130440                          1                   0.0001000           3764                184.17              20.44               40.56               7788025.00          0                   0.53                0                   0                   22537.00            -2.812240           -57.770143          F 
130140                          1                   0.0001000           3764                184.17              20.44               40.56               7788025.00          1                   0.82                1.21                1.21                34840.00            -7.022778           -70.222033          F 
130020                          1                   0.0001000           3764                184.17              20.44               40.56               7788025.00          5                   0.46                10.88               10.88               19438.00            -5.711940           -71.742673          F 
130330                          1                   0.0001000           3764                184.17              20.44               40.56               7788025.00          128                 0.60                214.48              218.23              25237.00            -6.825051           -60.477192          F 
130068                          1                   0.0001000           3764                184.17              20.44               40.56               7788025.00          0                   0.44                0                   0                   18781.00            -3.138082           -57.669942          F 
150530                          1                   0.0001000           3764                184.17              20.44               40.56               7788025.00          18                  1.71                10.55               10.57               72160.00            0.255032            -57.149736          F 
130150                          1                   0.0001000           3764                184.17              20.44               40.56               7788025.00          0                   0.47                0                   0                   19668.00            -7.573750           -70.054927          F 
130290                          1                   0.0001000           3764                184.17              20.44               40.56               7788025.00          454                 1.48                305.93              325.86              62755.00            -4.984990           -58.060916          F 
130050                          1                   0.0001000           3764                184.17              20.44               40.56               7788025.00          0                   0.75                0                   0                   31593.00            -3.129157           -57.172390          F 
130070                          1                   0.0001000           3764                184.17              20.44               40.56               7788025.00          11                  0.80                13.69               13.71               33976.00            -8.772979           -68.047540          F 
110080                          1                   0.0001000           3764                184.17              20.44               40.56               7788025.00          6                   0.61                9.76                9.77                25983.00            -8.887011           -63.325581          F 
110020                          1                   0.0001000           3764                184.17              20.44               40.56               7788025.00          152                 12.29               12.37               12.61               519531.00           -9.153039           -64.305489          F 
130340                          1                   0.0001000           3764                184.17              20.44               40.56               7788025.00          1                   2.68                0.37                0.37                113168.00           -2.688407           -56.854026          F 
130180                          1                   0.0001000           3764                184.17              20.44               40.56               7788025.00          5                   0.68                7.31                7.31                28933.00            -7.181162           -71.415929          F 
110110                          1                   0.0001000           3764                184.17              20.44               40.56               7788025.00          1                   0.24                4.12                4.12                10272.00            -9.170195           -63.044988          F 
150797                          1                   0.0001000           3764                184.17              20.44               40.56               7788025.00          0                   0.44                0                   0                   18619.00            -1.952134           -56.458364          F 
110094                          1                   0.0001000           3764                184.17              20.44               40.56               7788025.00          0                   0.57                0                   0                   24226.00            -9.170974           -62.565037          F 
110013                          1                   0.0001000           3764                184.17              20.44               40.56               7788025.00          3                   0.92                3.24                3.25                39097.00            -9.204070           -62.010294          F 
120080                          1                   0.0001000           3764                184.17              20.44               40.56               7788025.00          0                   0.43                0                   0                   18180.00            -9.629475           -67.701064          F 
110040                          1                   0.0001000           3764                184.17              20.44               40.56               7788025.00          0                   0.50                0                   0                   20999.00            -9.649274           -63.394283          F 
150390                          1                   0.0001000           3764                184.17              20.44               40.56               7788025.00          0                   1.35                0                   0                   56908.00            -2.622585           -56.221232          F 
130014                          1                   0.0001000           3764                184.17              20.44               40.56               7788025.00          24                  0.51                47.02               47.17               21583.00            -7.759871           -59.431439          F 
120013                          1                   0.0001000           3764                184.17              20.44               40.56               7788025.00          0                   0.24                0                   0                   10111.00            -9.613848           -68.175429          F 
110026                          1                   0.0001000           3764                184.17              20.44               40.56               7788025.00          0                   0.088               0                   0                   3723.00             -9.645106           -62.790311          F 
120001                          1                   0.0001000           3764                184.17              20.44               40.56               7788025.00          4                   0.36                11.26               11.27               15020.00            -9.934392           -66.948427          F 
150510                          1                   0.0001000           3764                184.17              20.44               40.56               7788025.00          0                   1.23                0                   0                   51964.00            -0.170427           -55.674947          F 
110045                          1                   0.0001000           3764                184.17              20.44               40.56               7788025.00          1                   0.92                1.09                1.09                38937.00            -10.052159          -63.941154          F 
120045                          1                   0.0001000           3764                184.17              20.44               40.56               7788025.00          0                   0.54                0                   0                   22810.00            -9.996928           -67.427266          F 
120060                          1                   0.0001000           3764                184.17              20.44               40.56               7788025.00          0                   0.99                0                   0                   41976.00            -8.238234           -71.446466          F 
110002                          1                   0.0001000           3764                184.17              20.44               40.56               7788025.00          13                  2.51                5.18                5.19                106168.00           -9.951979           -62.957373          F 
120034                          1                   0.0001000           3764                184.17              20.44               40.56               7788025.00          0                   0.22                0                   0                   9336.00             -9.380351           -69.854989          F 
130165                          1                   0.0001000           3764                184.17              20.44               40.56               7788025.00          294                 0.39                757.34              788.63              16416.00            -7.229841           -72.844424          F 
120030                          1                   0.0001000           3764                184.17              20.44               40.56               7788025.00          0                   0.82                0                   0                   34675.00            -8.926430           -70.747840          F 
110175                          1                   0.0001000           3764                184.17              20.44               40.56               7788025.00          0                   0.26                0                   0                   11028.00            -9.732685           -61.939355          F 
150100                          1                   0.0001000           3764                184.17              20.44               40.56               7788025.00          0                   0.39                0                   0                   16371.00            -3.667209           -56.016450          F 
120038                          1                   0.0001000           3764                184.17              20.44               40.56               7788025.00          0                   0.46                0                   0                   19565.00            -10.248624          -67.339671          F 
110033                          1                   0.0001000           3764                184.17              20.44               40.56               7788025.00          0                   0.70                0                   0                   29757.00            -10.382239          -64.629270          F 
110140                          1                   0.0001000           3764                184.17              20.44               40.56               7788025.00          0                   0.37                0                   0                   15695.00            -10.210793          -63.372281          F 
120040                          1                   0.0001000           3764                184.17              20.44               40.56               7788025.00          15                  9.49                1.58                1.58                401155.00           -10.066358          -68.371440          F 
120050                          1                   0.0001000           3764                184.17              20.44               40.56               7788025.00          0                   1.07                0                   0                   45177.00            -9.771845           -69.382700          F 
110160                          1                   0.0001000           3764                184.17              20.44               40.56               7788025.00          0                   0.25                0                   0                   10494.00            -10.121814          -62.342289          F 
120043                          1                   0.0001000           3764                184.17              20.44               40.56               7788025.00          0                   0.15                0                   0                   6362.00             -9.412364           -70.398018          F 
110070                          1                   0.0001000           3764                184.17              20.44               40.56               7788025.00          0                   0.33                0                   0                   14009.00            -10.485091          -63.799446          F 
110060                          1                   0.0001000           3764                184.17              20.44               40.56               7788025.00          0                   0.15                0                   0                   6190.00             -10.331685          -62.987180          F 
510325                          1                   0.0001000           3764                184.17              20.44               40.56               7788025.00          207                 0.88                234.80              241.53              37280.00            -9.292283           -60.305531          F 
120017                          1                   0.0001000           3764                184.17              20.44               40.56               7788025.00          0                   0.27                0                   0                   11456.00            -10.474157          -67.835782          F 
150040                          1                   0.0001000           3764                184.17              20.44               40.56               7788025.00          3                   1.34                2.25                2.25                56480.00            -0.536230           -55.069883          F 
150285                          1                   0.0001000           3764                184.17              20.44               40.56               7788025.00          0                   0.34                0                   0                   14197.00            -1.845743           -55.113264          F 
120020                          1                   0.0001000           3764                184.17              20.44               40.56               7788025.00          121                 2.07                58.36               59.32               87673.00            -7.974126           -72.761548          F 
150360                          1                   0.0001000           3764                184.17              20.44               40.56               7788025.00          402                 2.39                168.15              177.75              101097.00           -5.871333           -56.496545          F 
110180                          1                   0.0001000           3764                184.17              20.44               40.56               7788025.00          0                   0.17                0                   0                   6998.00             -10.384134          -62.093876          F 
150805                          1                   0.0001000           3764                184.17              20.44               40.56               7788025.00          4                   0.44                8.99                9.00                18807.00            -5.130084           -56.003417          F 
120033                          1                   0.0001000           3764                184.17              20.44               40.56               7788025.00          16                  0.44                36.30               36.38               18638.00            -7.503753           -73.439585          F 
120070                          1                   0.0001000           3764                184.17              20.44               40.56               7788025.00          0                   0.45                0                   0                   19048.00            -10.575880          -68.505122          F 
110011                          1                   0.0001000           3764                184.17              20.44               40.56               7788025.00          0                   1.23                0                   0                   51933.00            -10.592446          -62.584788          F 
110100                          1                   0.0001000           3764                184.17              20.44               40.56               7788025.00          0                   0.19                0                   0                   8095.00             -10.748055          -63.183884          F 
150680                          1                   0.0001000           3764                184.17              20.44               40.56               7788025.00          7                   7.16                0.98                0.98                302667.00           -2.764647           -55.093854          F 
120042                          1                   0.0001000           3764                184.17              20.44               40.56               7788025.00          3                   0.44                6.86                6.86                18504.00            -7.841819           -73.222514          F 
110012                          1                   0.0001000           3764                184.17              20.44               40.56               7788025.00          2                   3.02                0.66                0.66                127907.00           -10.462197          -61.757091          F 
110015                          1                   0.0001000           3764                184.17              20.44               40.56               7788025.00          3                   0.86                3.49                3.49                36340.00            -10.610539          -62.172424          F 
150375                          1                   0.0001000           3764                184.17              20.44               40.56               7788025.00          14                  0.21                66.53               66.65               8899.00             -7.445178           -57.302829          F 
120039                          1                   0.0001000           3764                184.17              20.44               40.56               7788025.00          0                   0.28                0                   0                   11720.00            -8.489533           -72.721389          F 
150145                          1                   0.0001000           3764                184.17              20.44               40.56               7788025.00          0                   0.42                0                   0                   17624.00            -3.191161           -54.992826          F 
120032                          1                   0.0001000           3764                184.17              20.44               40.56               7788025.00          0                   0.19                0                   0                   8159.00             -9.243211           -71.907488          F 
110143                          1                   0.0001000           3764                184.17              20.44               40.56               7788025.00          0                   0.17                0                   0                   7047.00             -10.889526          -62.532438          F 
120025                          1                   0.0001000           3764                184.17              20.44               40.56               7788025.00          0                   0.43                0                   0                   18122.00            -10.889162          -68.618498          F 
150619                          1                   0.0001000           3764                184.17              20.44               40.56               7788025.00          0                   1.17                0                   0                   49503.00            -4.241022           -55.210827          F 
110010                          1                   0.0001000           3764                184.17              20.44               40.56               7788025.00          1                   1.08                0.92                0.92                45783.00            -11.305773          -64.537463          F 
120010                          1                   0.0001000           3764                184.17              20.44               40.56               7788025.00          1                   0.61                1.64                1.64                25848.00            -10.747736          -69.207484          F 
110130                          1                   0.0001000           3764                184.17              20.44               40.56               7788025.00          0                   0.26                0                   0                   11080.00            -11.076985          -62.848279          F 
510757                          1                   0.0001000           3764                184.17              20.44               40.56               7788025.00          1                   0.094               10.66               10.66               3966.00             -10.463060          -61.010088          F 
110155                          1                   0.0001000           3764                184.17              20.44               40.56               7788025.00          0                   0.10                0                   0                   4384.00             -10.943464          -62.279708          F 
150480                          1                   0.0001000           3764                184.17              20.44               40.56               7788025.00          0                   1.37                0                   0                   57900.00            -1.119762           -54.365806          F 
110170                          1                   0.0001000           3764                184.17              20.44               40.56               7788025.00          0                   0.28                0                   0                   11665.00            -11.103908          -62.424021          F 
120035                          1                   0.0001000           3764                184.17              20.44               40.56               7788025.00          0                   0.44                0                   0                   18430.00            -9.099817           -72.558104          F 
120005                          1                   0.0001000           3764                184.17              20.44               40.56               7788025.00          0                   0.17                0                   0                   7300.00             -10.779491          -70.006358          F 
510140                          1                   0.0001000           3764                184.17              20.44               40.56               7788025.00          4                   0.52                7.69                7.70                21987.00            -10.187963          -59.839297          F 
110034                          1                   0.0001000           3764                184.17              20.44               40.56               7788025.00          0                   0.35                0                   0                   14722.00            -11.311455          -62.544783          F 
510080                          1                   0.0001000           3764                184.17              20.44               40.56               7788025.00          0                   0.24                0                   0                   9979.00             -8.753341           -57.827599          F 
110025                          1                   0.0001000           3764                184.17              20.44               40.56               7788025.00          0                   0.46                0                   0                   19409.00            -11.166190          -61.877898          F 
510337                          1                   0.0001000           3764                184.17              20.44               40.56               7788025.00          0                   0.46                0                   0                   19254.00            -9.536841           -58.677801          F 
110120                          1                   0.0001000           3764                184.17              20.44               40.56               7788025.00          0                   0.23                0                   0                   9762.00             -11.160345          -61.568926          F 
150565                          1                   0.0001000           3764                184.17              20.44               40.56               7788025.00          0                   0.72                0                   0                   30293.00            -3.889977           -54.500599          F 
110032                          1                   0.0001000           3764                184.17              20.44               40.56               7788025.00          0                   0.54                0                   0                   22931.00            -11.628169          -62.941940          F 
150050                          1                   0.0001000           3764                184.17              20.44               40.56               7788025.00          216                 0.81                267.53              275.54              34142.00            0.284350            -53.893460          F 
150250                          2                   0.0001000           169                 2.39                70.66               72.29               101143.00           26                  0.56                46.82               46.98               23482.00            -0.0296229          -49.829440          F 
150640                          2                   0.0001000           169                 2.39                70.66               72.29               101143.00           0                   0.24                0                   0                   9939.00             -0.583158           -49.314290          F 
150070                          2                   0.0001000           169                 2.39                70.66               72.29               101143.00           51                  0.68                74.73               75.24               28859.00            -0.827103           -49.962044          F 
150030                          2                   0.0001000           169                 2.39                70.66               72.29               101143.00           92                  0.92                100.11              101.35              38863.00            -0.263841           -50.727746          F 
150195                          3                   0.0001000           67                  0.77                86.81               87.59               33178.00            67                  0.77                86.81               87.59               33178.00            -1.991029           -46.439673          F 
150506                          4                   0.1083              16                  3.32                4.82                4.83                286918.00           5                   0.86                5.79                5.80                74602.00            -4.502833           -50.271560          F 
150370                          4                   0.1083              16                  3.32                4.82                4.83                286918.00           0                   0.62                0                   0                   53182.00            -5.114819           -49.869663          F 
150810                          4                   0.1083              16                  3.32                4.82                4.83                286918.00           1                   1.30                0.77                0.77                112148.00           -3.855790           -49.820813          F 
150548                          4                   0.1083              16                  3.32                4.82                4.83                286918.00           10                  0.54                18.40               18.42               46986.00            -3.684058           -50.631545          F 
150345                          5                   0.9812              21                  7.38                2.85                2.85                973435.00           0                   0.47                0                   0                   62455.00            -2.805973           -47.921740          F 
150800                          5                   0.9812              21                  7.38                2.85                2.85                973435.00           0                   0.48                0                   0                   62854.00            -2.635991           -48.267573          F 
150550                          5                   0.9812              21                  7.38                2.85                2.85                973435.00           0                   0.85                0                   0                   111764.00           -3.203446           -47.603092          F 
150095                          5                   0.9812              21                  7.38                2.85                2.85                973435.00           1                   0.23                4.27                4.27                30896.00            -2.231219           -47.726444          F 
150795                          5                   0.9812              21                  7.38                2.85                2.85                973435.00           0                   0.79                0                   0                   103664.00           -2.907824           -48.736640          F 
150405                          5                   0.9812              21                  7.38                2.85                2.85                973435.00           0                   0.23                0                   0                   29917.00            -1.990967           -47.512595          F 
150020                          5                   0.9812              21                  7.38                2.85                2.85                973435.00           0                   0.42                0                   0                   55513.00            -2.035421           -48.411423          F 
150275                          5                   0.9812              21                  7.38                2.85                2.85                973435.00           0                   0.25                0                   0                   32847.00            -1.883885           -47.974776          F 
150720                          5                   0.9812              21                  7.38                2.85                2.85                973435.00           0                   0.24                0                   0                   31837.00            -1.883708           -47.771736          F 
150230                          5                   0.9812              21                  7.38                2.85                2.85                973435.00           0                   0.41                0                   0                   54179.00            -2.043740           -47.234217          F 
150307                          5                   0.9812              21                  7.38                2.85                2.85                973435.00           0                   0.20                0                   0                   26020.00            -2.168291           -47.075261          F 
150812                          5                   0.9812              21                  7.38                2.85                2.85                973435.00           0                   0.44                0                   0                   57632.00            -3.809797           -47.493553          F 
150495                          5                   0.9812              21                  7.38                2.85                2.85                973435.00           13                  0.16                80.52               80.66               21291.00            -2.392513           -46.899644          F 
150350                          5                   0.9812              21                  7.38                2.85                2.85                973435.00           0                   0.25                0                   0                   32504.00            -1.812345           -47.399582          F 
150470                          5                   0.9812              21                  7.38                2.85                2.85                973435.00           0                   0.61                0                   0                   80988.00            -2.683914           -49.073983          F 
150190                          5                   0.9812              21                  7.38                2.85                2.85                973435.00           0                   0.22                0                   0                   28832.00            -1.634175           -48.088935          F 
150760                          5                   0.9812              21                  7.38                2.85                2.85                973435.00           1                   0.44                2.26                2.26                58328.00            -1.552591           -47.611298          F 
150340                          5                   0.9812              21                  7.38                2.85                2.85                973435.00           0                   0.088               0                   0                   11559.00            -1.464844           -47.923111          F 
150293                          5                   0.9812              21                  7.38                2.85                2.85                973435.00           0                   0.45                0                   0                   58956.00            -4.186537           -47.898194          F 
210317                          5                   0.9812              21                  7.38                2.85                2.85                973435.00           6                   0.16                36.98               37.01               21399.00            -3.086137           -46.538028          F 
