130140                          1                   0.0001000           3840                182.82              21.00               43.34               8016786.00          0                   0.81                0                   0                   35700.00            -7.022778           -70.222033          F 
130150                          1                   0.0001000           3840                182.82              21.00               43.34               8016786.00          1                   0.47                2.15                2.15                20393.00            -7.573750           -70.054927          F 
130180                          1                   0.0001000           3840                182.82              21.00               43.34               8016786.00          7                   0.69                10.09               10.09               30436.00            -7.181162           -71.415929          F 
130060                          1                   0.0001000           3840                182.82              21.00               43.34               8016786.00          0                   1.00                0                   0                   43935.00            -5.429327           -70.278296          F 
120060                          1                   0.0001000           3840                182.82              21.00               43.34               8016786.00          0                   0.98                0                   0                   43151.00            -8.238234           -71.446466          F 
120030                          1                   0.0001000           3840                182.82              21.00               43.34               8016786.00          0                   0.80                0                   0                   34884.00            -8.926430           -70.747840          F 
130020                          1                   0.0001000           3840                182.82              21.00               43.34               8016786.00          2                   0.47                4.30                4.30                20398.00            -5.711940           -71.742673          F 
130195                          1                   0.0001000           3840                182.82              21.00               43.34               8016786.00          0                   0.18                0                   0                   7814.00             -6.682874           -68.114036          F 
130350                          1                   0.0001000           3840                182.82              21.00               43.34               8016786.00          0                   0.45                0                   0                   19522.00            -7.757795           -68.197229          F 
120034                          1                   0.0001000           3840                182.82              21.00               43.34               8016786.00          0                   0.22                0                   0                   9581.00             -9.380351           -69.854989          F 
120043                          1                   0.0001000           3840                182.82              21.00               43.34               8016786.00          0                   0.15                0                   0                   6717.00             -9.412364           -70.398018          F 
130165                          1                   0.0001000           3840                182.82              21.00               43.34               8016786.00          146                 0.39                378.01              385.72              16937.00            -7.229841           -72.844424          F 
130390                          1                   0.0001000           3840                182.82              21.00               43.34               8016786.00          0                   0.91                0                   0                   40073.00            -4.497836           -69.450565          F 
120020                          1                   0.0001000           3840                182.82              21.00               43.34               8016786.00          97                  2.03                47.75               48.39               89072.00            -7.974126           -72.761548          F 
130070                          1                   0.0001000           3840                182.82              21.00               43.34               8016786.00          50                  0.79                63.31               63.74               34635.00            -8.772979           -68.047540          F 
120032                          1                   0.0001000           3840                182.82              21.00               43.34               8016786.00          0                   0.19                0                   0                   8473.00             -9.243211           -71.907488          F 
120050                          1                   0.0001000           3840                182.82              21.00               43.34               8016786.00          1                   1.06                0.94                0.94                46511.00            -9.771845           -69.382700          F 
120039                          1                   0.0001000           3840                182.82              21.00               43.34               8016786.00          0                   0.28                0                   0                   12241.00            -8.489533           -72.721389          F 
130230                          1                   0.0001000           3840                182.82              21.00               43.34               8016786.00          1                   0.32                3.16                3.16                13886.00            -4.713108           -68.403854          F 
130406                          1                   0.0001000           3840                182.82              21.00               43.34               8016786.00          0                   1.53                0                   0                   67182.00            -4.027765           -69.681346          F 
120042                          1                   0.0001000           3840                182.82              21.00               43.34               8016786.00          1                   0.44                2.27                2.27                19351.00            -7.841819           -73.222514          F 
120035                          1                   0.0001000           3840                182.82              21.00               43.34               8016786.00          0                   0.44                0                   0                   19299.00            -9.099817           -72.558104          F 
120033                          1                   0.0001000           3840                182.82              21.00               43.34               8016786.00          3                   0.44                6.81                6.81                19311.00            -7.503753           -73.439585          F 
120013                          1                   0.0001000           3840                182.82              21.00               43.34               8016786.00          1                   0.24                4.21                4.21                10420.00            -9.613848           -68.175429          F 
130100                          1                   0.0001000           3840                182.82              21.00               43.34               8016786.00          1                   0.65                1.54                1.54                28508.00            -5.118832           -67.337382          F 
120040                          1                   0.0001000           3840                182.82              21.00               43.34               8016786.00          13                  9.43                1.38                1.38                413418.00           -10.066358          -68.371440          F 
120080                          1                   0.0001000           3840                182.82              21.00               43.34               8016786.00          5                   0.43                11.65               11.66               18824.00            -9.629475           -67.701064          F 
120005                          1                   0.0001000           3840                182.82              21.00               43.34               8016786.00          0                   0.17                0                   0                   7534.00             -10.779491          -70.006358          F 
120010                          1                   0.0001000           3840                182.82              21.00               43.34               8016786.00          1                   0.61                1.64                1.64                26702.00            -10.747736          -69.207484          F 
120070                          1                   0.0001000           3840                182.82              21.00               43.34               8016786.00          0                   0.45                0                   0                   19596.00            -10.575880          -68.505122          F 
120045                          1                   0.0001000           3840                182.82              21.00               43.34               8016786.00          0                   0.53                0                   0                   23236.00            -9.996928           -67.427266          F 
130006                          1                   0.0001000           3840                182.82              21.00               43.34               8016786.00          0                   0.27                0                   0                   11736.00            -3.418321           -68.287308          F 
130370                          1                   0.0001000           3840                182.82              21.00               43.34               8016786.00          0                   0.48                0                   0                   21243.00            -3.051175           -69.087897          F 
120025                          1                   0.0001000           3840                182.82              21.00               43.34               8016786.00          0                   0.43                0                   0                   18696.00            -10.889162          -68.618498          F 
120017                          1                   0.0001000           3840                182.82              21.00               43.34               8016786.00          0                   0.27                0                   0                   12008.00            -10.474157          -67.835782          F 
120038                          1                   0.0001000           3840                182.82              21.00               43.34               8016786.00          0                   0.46                0                   0                   19955.00            -10.248624          -67.339671          F 
120001                          1                   0.0001000           3840                182.82              21.00               43.34               8016786.00          7                   0.35                19.82               19.83               15490.00            -9.934392           -66.948427          F 
130240                          1                   0.0001000           3840                182.82              21.00               43.34               8016786.00          219                 1.07                204.84              211.17              46882.00            -8.375880           -65.812244          F 
130423                          1                   0.0001000           3840                182.82              21.00               43.34               8016786.00          0                   0.43                0                   0                   18897.00            -2.691643           -67.827923          F 
130220                          1                   0.0001000           3840                182.82              21.00               43.34               8016786.00          0                   0.34                0                   0                   15106.00            -3.524623           -66.306825          F 
130420                          1                   0.0001000           3840                182.82              21.00               43.34               8016786.00          0                   1.36                0                   0                   59547.00            -4.468383           -65.529278          F 
130410                          1                   0.0001000           3840                182.82              21.00               43.34               8016786.00          4                   0.39                10.31               10.31               17015.00            -6.104509           -64.893865          F 
130210                          1                   0.0001000           3840                182.82              21.00               43.34               8016786.00          2                   0.051               38.96               38.97               2251.00             -1.698117           -68.320288          F 
130002                          1                   0.0001000           3840                182.82              21.00               43.34               8016786.00          1                   0.37                2.70                2.70                16220.00            -3.701122           -65.330652          F 
130160                          1                   0.0001000           3840                182.82              21.00               43.34               8016786.00          0                   0.39                0                   0                   17005.00            -2.492180           -66.358452          F 
130090                          1                   0.0001000           3840                182.82              21.00               43.34               8016786.00          668                 0.36                1853.15             2040.30             15807.00            -7.403346           -64.096665          F 
130426                          1                   0.0001000           3840                182.82              21.00               43.34               8016786.00          0                   0.31                0                   0                   13690.00            -3.167038           -65.411879          F 
110020                          1                   0.0001000           3840                182.82              21.00               43.34               8016786.00          175                 12.30               14.23               14.55               539354.00           -9.153039           -64.305489          F 
110033                          1                   0.0001000           3840                182.82              21.00               43.34               8016786.00          1                   0.72                1.40                1.40                31392.00            -10.382239          -64.629270          F 
130120                          1                   0.0001000           3840                182.82              21.00               43.34               8016786.00          3                   1.96                1.53                1.53                85910.00            -4.437162           -64.124619          F 
110045                          1                   0.0001000           3840                182.82              21.00               43.34               8016786.00          1                   0.92                1.09                1.09                40356.00            -10.052159          -63.941154          F 
130280                          1                   0.0001000           3840                182.82              21.00               43.34               8016786.00          0                   0.42                0                   0                   18261.00            -2.428415           -65.038109          F 
110010                          1                   0.0001000           3840                182.82              21.00               43.34               8016786.00          1                   1.06                0.94                0.94                46556.00            -11.305773          -64.537463          F 
110080                          1                   0.0001000           3840                182.82              21.00               43.34               8016786.00          10                  0.62                16.01               16.03               27388.00            -8.887011           -63.325581          F 
110070                          1                   0.0001000           3840                182.82              21.00               43.34               8016786.00          0                   0.33                0                   0                   14266.00            -10.485091          -63.799446          F 
110040                          1                   0.0001000           3840                182.82              21.00               43.34               8016786.00          0                   0.50                0                   0                   21847.00            -9.649274           -63.394283          F 
110110                          1                   0.0001000           3840                182.82              21.00               43.34               8016786.00          0                   0.24                0                   0                   10641.00            -9.170195           -63.044988          F 
110140                          1                   0.0001000           3840                182.82              21.00               43.34               8016786.00          0                   0.37                0                   0                   16007.00            -10.210793          -63.372281          F 
130170                          1                   0.0001000           3840                182.82              21.00               43.34               8016786.00          194                 1.28                151.52              155.65              56144.00            -7.362897           -62.485394          F 
130380                          1                   0.0001000           3840                182.82              21.00               43.34               8016786.00          8                   1.06                7.58                7.58                46303.00            0.374453            -67.997697          F 
110002                          1                   0.0001000           3840                182.82              21.00               43.34               8016786.00          7                   2.50                2.80                2.80                109523.00           -9.951979           -62.957373          F 
110026                          1                   0.0001000           3840                182.82              21.00               43.34               8016786.00          0                   0.087               0                   0                   3804.00             -9.645106           -62.790311          F 
110094                          1                   0.0001000           3840                182.82              21.00               43.34               8016786.00          6                   0.60                10.05               10.06               26183.00            -9.170974           -62.565037          F 
110060                          1                   0.0001000           3840                182.82              21.00               43.34               8016786.00          0                   0.14                0                   0                   6269.00             -10.331685          -62.987180          F 
110100                          1                   0.0001000           3840                182.82              21.00               43.34               8016786.00          0                   0.17                0                   0                   7445.00             -10.748055          -63.183884          F 
110008                          1                   0.0001000           3840                182.82              21.00               43.34               8016786.00          4                   0.43                9.33                9.34                18798.00            -12.147321          -64.058780          F 
130130                          1                   0.0001000           3840                182.82              21.00               43.34               8016786.00          0                   0.67                0                   0                   29168.00            -3.289026           -62.972665          F 
130360                          1                   0.0001000           3840                182.82              21.00               43.34               8016786.00          1                   0.59                1.70                1.70                25865.00            -0.318566           -65.522058          F 
110130                          1                   0.0001000           3840                182.82              21.00               43.34               8016786.00          0                   0.25                0                   0                   10818.00            -11.076985          -62.848279          F 
110011                          1                   0.0001000           3840                182.82              21.00               43.34               8016786.00          1                   1.18                0.85                0.85                51620.00            -10.592446          -62.584788          F 
110160                          1                   0.0001000           3840                182.82              21.00               43.34               8016786.00          0                   0.24                0                   0                   10395.00            -10.121814          -62.342289          F 
110150                          1                   0.0001000           3840                182.82              21.00               43.34               8016786.00          0                   0.27                0                   0                   11851.00            -11.807291          -63.230667          F 
110013                          1                   0.0001000           3840                182.82              21.00               43.34               8016786.00          5                   0.93                5.37                5.37                40867.00            -9.204070           -62.010294          F 
110143                          1                   0.0001000           3840                182.82              21.00               43.34               8016786.00          0                   0.16                0                   0                   6895.00             -10.889526          -62.532438          F 
110032                          1                   0.0001000           3840                182.82              21.00               43.34               8016786.00          0                   0.53                0                   0                   23077.00            -11.628169          -62.941940          F 
130010                          1                   0.0001000           3840                182.82              21.00               43.34               8016786.00          0                   0.49                0                   0                   21477.00            -4.186645           -62.073001          F 
110175                          1                   0.0001000           3840                182.82              21.00               43.34               8016786.00          0                   0.26                0                   0                   11377.00            -9.732685           -61.939355          F 
110034                          1                   0.0001000           3840                182.82              21.00               43.34               8016786.00          0                   0.32                0                   0                   14106.00            -11.311455          -62.544783          F 
110180                          1                   0.0001000           3840                182.82              21.00               43.34               8016786.00          0                   0.15                0                   0                   6656.00             -10.384134          -62.093876          F 
110170                          1                   0.0001000           3840                182.82              21.00               43.34               8016786.00          0                   0.26                0                   0                   11272.00            -11.103908          -62.424021          F 
110015                          1                   0.0001000           3840                182.82              21.00               43.34               8016786.00          3                   0.81                3.68                3.68                35737.00            -10.610539          -62.172424          F 
130063                          1                   0.0001000           3840                182.82              21.00               43.34               8016786.00          0                   0.46                0                   0                   20093.00            -4.603475           -61.787364          F 
130270                          1                   0.0001000           3840                182.82              21.00               43.34               8016786.00          61                  1.29                47.27               47.67               56583.00            -6.459804           -61.446481          F 
110155                          1                   0.0001000           3840                182.82              21.00               43.34               8016786.00          0                   0.097               0                   0                   4233.00             -10.943464          -62.279708          F 
110149                          1                   0.0001000           3840                182.82              21.00               43.34               8016786.00          0                   0.47                0                   0                   20681.00            -12.368674          -63.122203          F 
110012                          1                   0.0001000           3840                182.82              21.00               43.34               8016786.00          1                   2.96                0.34                0.34                130009.00           -10.462197          -61.757091          F 
110014                          1                   0.0001000           3840                182.82              21.00               43.34               8016786.00          0                   0.47                0                   0                   20489.00            -11.564334          -62.233031          F 
130008                          1                   0.0001000           3840                182.82              21.00               43.34               8016786.00          1                   0.32                3.14                3.14                13956.00            -3.502503           -61.716696          F 
130083                          1                   0.0001000           3840                182.82              21.00               43.34               8016786.00          0                   0.30                0                   0                   13283.00            -3.081969           -61.877491          F 
110025                          1                   0.0001000           3840                182.82              21.00               43.34               8016786.00          0                   0.42                0                   0                   18571.00            -11.166190          -61.877898          F 
110050                          1                   0.0001000           3840                182.82              21.00               43.34               8016786.00          0                   0.19                0                   0                   8329.00             -11.681047          -62.083187          F 
110090                          1                   0.0001000           3840                182.82              21.00               43.34               8016786.00          0                   0.068               0                   0                   2987.00             -11.470879          -61.879911          F 
130040                          1                   0.0001000           3840                182.82              21.00               43.34               8016786.00          43                  0.63                68.23               68.62               27638.00            -0.465180           -63.434588          F 
110120                          1                   0.0001000           3840                182.82              21.00               43.34               8016786.00          0                   0.22                0                   0                   9559.00             -11.160345          -61.568926          F 
110001                          1                   0.0001000           3840                182.82              21.00               43.34               8016786.00          1                   0.52                1.93                1.93                22728.00            -12.470071          -62.274560          F 
110028                          1                   0.0001000           3840                182.82              21.00               43.34               8016786.00          2                   1.26                1.58                1.58                55407.00            -11.732560          -61.771453          F 
130330                          1                   0.0001000           3840                182.82              21.00               43.34               8016786.00          11                  0.59                18.52               18.55               26046.00            -6.825051           -60.477192          F 
510757                          1                   0.0001000           3840                182.82              21.00               43.34               8016786.00          1                   0.092               10.87               10.87               4036.00             -10.463060          -61.010088          F 
110004                          1                   0.0001000           3840                182.82              21.00               43.34               8016786.00          1                   1.96                0.51                0.51                85893.00            -11.301237          -61.324689          F 
110029                          1                   0.0001000           3840                182.82              21.00               43.34               8016786.00          0                   0.14                0                   0                   6216.00             -12.027061          -61.700877          F 
130320                          1                   0.0001000           3840                182.82              21.00               43.34               8016786.00          0                   0.45                0                   0                   19928.00            -2.046996           -61.701836          F 
110148                          1                   0.0001000           3840                182.82              21.00               43.34               8016786.00          0                   0.12                0                   0                   5066.00             -11.904682          -61.467066          F 
110037                          1                   0.0001000           3840                182.82              21.00               43.34               8016786.00          0                   0.30                0                   0                   13255.00            -12.593622          -61.880777          F 
130250                          1                   0.0001000           3840                182.82              21.00               43.34               8016786.00          0                   2.25                0                   0                   98502.00            -3.291606           -60.958222          F 
130255                          1                   0.0001000           3840                182.82              21.00               43.34               8016786.00          1                   0.75                1.33                1.33                33049.00            -3.779354           -60.697327          F 
110147                          1                   0.0001000           3840                182.82              21.00               43.34               8016786.00          1                   0.063               15.80               15.80               2776.00             -11.878589          -61.315189          F 
510325                          1                   0.0001000           3840                182.82              21.00               43.34               8016786.00          212                 0.91                233.22              240.19              39861.00            -9.292283           -60.305531          F 
110145                          1                   0.0001000           3840                182.82              21.00               43.34               8016786.00          0                   0.14                0                   0                   6198.00             -12.262291          -61.415241          F 
110009                          1                   0.0001000           3840                182.82              21.00               43.34               8016786.00          3                   0.75                4.02                4.02                32695.00            -11.351368          -60.784721          F 
110018                          1                   0.0001000           3840                182.82              21.00               43.34               8016786.00          1                   0.84                1.19                1.19                36881.00            -11.894543          -60.830315          F 
130185                          1                   0.0001000           3840                182.82              21.00               43.34               8016786.00          0                   1.12                0                   0                   49011.00            -3.095148           -60.480667          F 
130110                          1                   0.0001000           3840                182.82              21.00               43.34               8016786.00          3                   0.87                3.43                3.43                38348.00            -3.770658           -60.183093          F 
110146                          1                   0.0001000           3840                182.82              21.00               43.34               8016786.00          0                   0.049               0                   0                   2148.00             -13.173850          -61.545322          F 
110092                          1                   0.0001000           3840                182.82              21.00               43.34               8016786.00          0                   0.26                0                   0                   11472.00            -12.537404          -60.898400          F 
130014                          1                   0.0001000           3840                182.82              21.00               43.34               8016786.00          33                  0.51                64.72               65.01               22359.00            -7.759871           -59.431439          F 
510140                          1                   0.0001000           3840                182.82              21.00               43.34               8016786.00          69                  0.52                133.21              134.48              22714.00            -10.187963          -59.839297          F 
110007                          1                   0.0001000           3840                182.82              21.00               43.34               8016786.00          0                   0.16                0                   0                   7220.00             -12.926666          -61.091715          F 
110005                          1                   0.0001000           3840                182.82              21.00               43.34               8016786.00          0                   0.37                0                   0                   16204.00            -13.203669          -61.260843          F 
130080                          1                   0.0001000           3840                182.82              21.00               43.34               8016786.00          2                   0.95                2.10                2.10                41748.00            -4.957034           -59.534428          F 
130260                          1                   0.0001000           3840                182.82              21.00               43.34               8016786.00          53                  50.62               1.05                1.05                2219580.00          -2.626021           -60.259483          F 
110030                          1                   0.0001000           3840                182.82              21.00               43.34               8016786.00          0                   2.33                0                   0                   102211.00           -12.087986          -60.252451          F 
130030                          1                   0.0001000           3840                182.82              21.00               43.34               8016786.00          0                   0.92                0                   0                   40290.00            -3.788879           -59.528635          F 
130115                          1                   0.0001000           3840                182.82              21.00               43.34               8016786.00          1                   0.70                1.42                1.42                30846.00            -3.286228           -59.599493          F 
110006                          1                   0.0001000           3840                182.82              21.00               43.34               8016786.00          0                   0.35                0                   0                   15544.00            -13.159213          -60.550197          F 
110003                          1                   0.0001000           3840                182.82              21.00               43.34               8016786.00          0                   0.12                0                   0                   5188.00             -13.474873          -60.639653          F 
130356                          1                   0.0001000           3840                182.82              21.00               43.34               8016786.00          1                   0.78                1.29                1.29                34106.00            -2.529891           -59.638156          F 
140047                          1                   0.0001000           3840                182.82              21.00               43.34               8016786.00          24                  0.70                34.19               34.30               30782.00            0.0378310           -61.010414          F 
510515                          1                   0.0001000           3840                182.82              21.00               43.34               8016786.00          1                   0.94                1.07                1.07                41101.00            -11.533422          -59.327120          F 
130353                          1                   0.0001000           3840                182.82              21.00               43.34               8016786.00          9                   0.85                10.61               10.62               37193.00            -1.372564           -59.988741          F 
510337                          1                   0.0001000           3840                182.82              21.00               43.34               8016786.00          0                   0.46                0                   0                   20238.00            -9.536841           -58.677801          F 
140020                          1                   0.0001000           3840                182.82              21.00               43.34               8016786.00          5                   0.51                9.84                9.85                22283.00            0.990862            -61.471950          F 
130310                          1                   0.0001000           3840                182.82              21.00               43.34               8016786.00          0                   0.87                0                   0                   38026.00            -3.988364           -58.601783          F 
510517                          1                   0.0001000           3840                182.82              21.00               43.34               8016786.00          0                   0.37                0                   0                   16335.00            -10.359620          -58.592177          F 
510330                          1                   0.0001000           3840                182.82              21.00               43.34               8016786.00          0                   0.48                0                   0                   21008.00            -13.189673          -59.752227          F 
140028                          1                   0.0001000           3840                182.82              21.00               43.34               8016786.00          1                   0.28                3.57                3.57                12296.00            2.186649            -62.468913          F 
130190                          1                   0.0001000           3840                182.82              21.00               43.34               8016786.00          0                   2.34                0                   0                   102701.00           -3.174662           -58.777136          F 
510285                          1                   0.0001000           3840                182.82              21.00               43.34               8016786.00          0                   0.20                0                   0                   8749.00             -10.955815          -58.604328          F 
130290                          1                   0.0001000           3840                182.82              21.00               43.34               8016786.00          642                 1.48                432.85              474.62              65040.00            -4.984990           -58.060916          F 
510615                          1                   0.0001000           3840                182.82              21.00               43.34               8016786.00          0                   0.36                0                   0                   15685.00            -9.768714           -58.076318          F 
130400                          1                   0.0001000           3840                182.82              21.00               43.34               8016786.00          0                   0.21                0                   0                   9230.00             -2.822093           -58.536128          F 
510080                          1                   0.0001000           3840                182.82              21.00               43.34               8016786.00          0                   0.23                0                   0                   10283.00            -8.753341           -57.827599          F 
130200                          1                   0.0001000           3840                182.82              21.00               43.34               8016786.00          0                   0.21                0                   0                   9230.00             -2.498704           -58.619577          F 
140005                          1                   0.0001000           3840                182.82              21.00               43.34               8016786.00          18                  0.35                51.32               51.45               15380.00            3.078187            -62.755259          F 
130395                          1                   0.0001000           3840                182.82              21.00               43.34               8016786.00          0                   0.33                0                   0                   14352.00            -1.946118           -58.702338          F 
510618                          1                   0.0001000           3840                182.82              21.00               43.34               8016786.00          1                   0.15                6.50                6.50                6751.00             -14.301166          -59.771479          F 
140030                          1                   0.0001000           3840                182.82              21.00               43.34               8016786.00          18                  0.41                43.44               43.54               18172.00            2.510145            -61.983632          F 
510268                          1                   0.0001000           3840                182.82              21.00               43.34               8016786.00          0                   0.16                0                   0                   7070.00             -13.578425          -59.192168          F 
130430                          1                   0.0001000           3840                182.82              21.00               43.34               8016786.00          1                   0.37                2.72                2.72                16130.00            -0.893871           -59.029898          F 
140060                          1                   0.0001000           3840                182.82              21.00               43.34               8016786.00          2                   0.18                10.81               10.82               8110.00             0.884349            -60.151701          F 
150375                          1                   0.0001000           3840                182.82              21.00               43.34               8016786.00          150                 0.17                866.63              884.84              7590.00             -7.445178           -57.302829          F 
140050                          1                   0.0001000           3840                182.82              21.00               43.34               8016786.00          0                   0.19                0                   0                   8348.00             0.635650            -59.844809          F 
510787                          1                   0.0001000           3840                182.82              21.00               43.34               8016786.00          1                   0.61                1.64                1.64                26688.00            -13.152251          -58.653484          F 
510550                          1                   0.0001000           3840                182.82              21.00               43.34               8016786.00          1                   0.37                2.70                2.70                16271.00            -15.190336          -59.990041          F 
510510                          1                   0.0001000           3840                182.82              21.00               43.34               8016786.00          0                   0.80                0                   0                   35121.00            -11.021025          -57.612138          F 
130068                          1                   0.0001000           3840                182.82              21.00               43.34               8016786.00          0                   0.45                0                   0                   19626.00            -3.138082           -57.669942          F 
130440                          1                   0.0001000           3840                182.82              21.00               43.34               8016786.00          0                   0.54                0                   0                   23585.00            -2.812240           -57.770143          F 
510336                          1                   0.0001000           3840                182.82              21.00               43.34               8016786.00          0                   0.094               0                   0                   4101.00             -14.635124          -59.331826          F 
510895                          1                   0.0001000           3840                182.82              21.00               43.34               8016786.00          0                   0.21                0                   0                   9277.00             -9.964637           -57.251389          F 
510190                          1                   0.0001000           3840                182.82              21.00               43.34               8016786.00          0                   0.46                0                   0                   20140.00            -12.425468          -57.995502          F 
140002                          1                   0.0001000           3840                182.82              21.00               43.34               8016786.00          30                  0.30                99.78               100.18              13185.00            3.732874            -62.436863          F 
140017                          1                   0.0001000           3840                182.82              21.00               43.34               8016786.00          3                   0.43                7.00                7.00                18799.00            2.272838            -60.542067          F 
140023                          1                   0.0001000           3840                182.82              21.00               43.34               8016786.00          5                   0.24                21.12               21.13               10383.00            0.914772            -59.338066          F 
510627                          1                   0.0001000           3840                182.82              21.00               43.34               8016786.00          0                   0.092               0                   0                   4051.00             -11.386567          -57.308941          F 
510675                          1                   0.0001000           3840                182.82              21.00               43.34               8016786.00          126                 1.04                120.71              122.82              45774.00            -15.515107          -59.455385          F 
130050                          1                   0.0001000           3840                182.82              21.00               43.34               8016786.00          0                   0.74                0                   0                   32483.00            -3.129157           -57.172390          F 
510835                          1                   0.0001000           3840                182.82              21.00               43.34               8016786.00          0                   0.071               0                   0                   3126.00             -14.962496          -58.954452          F 
130300                          1                   0.0001000           3840                182.82              21.00               43.34               8016786.00          6                   0.49                12.27               12.28               21443.00            -1.680483           -57.656536          F 
510629                          1                   0.0001000           3840                182.82              21.00               43.34               8016786.00          0                   0.26                0                   0                   11244.00            -9.593078           -56.684722          F 
150360                          1                   0.0001000           3840                182.82              21.00               43.34               8016786.00          472                 2.31                204.13              218.22              101395.00           -5.871333           -56.496545          F 
150300                          1                   0.0001000           3840                182.82              21.00               43.34               8016786.00          14                  0.16                86.83               87.00               7070.00             -1.158833           -57.806300          F 
510263                          1                   0.0001000           3840                182.82              21.00               43.34               8016786.00          0                   0.82                0                   0                   36143.00            -13.689561          -57.932077          F 
510795                          1                   0.0001000           3840                182.82              21.00               43.34               8016786.00          0                   2.41                0                   0                   105711.00           -14.423165          -58.317919          F 
510500                          1                   0.0001000           3840                182.82              21.00               43.34               8016786.00          0                   0.20                0                   0                   8582.00             -15.310859          -58.865376          F 
140010                          1                   0.0001000           3840                182.82              21.00               43.34               8016786.00          157                 9.57                16.41               16.75               419652.00           3.117964            -60.717850          F 
160027                          2                   0.0001000           108                 2.34                46.20               46.88               102505.00           2                   1.17                1.71                1.71                51362.00            1.096940            -53.306000          F 
160015                          2                   0.0001000           108                 2.34                46.20               46.88               102505.00           3                   0.39                7.71                7.71                17067.00            1.157828            -52.523712          F 
150050                          2                   0.0001000           108                 2.34                46.20               46.88               102505.00           103                 0.78                132.55              134.44              34076.00            0.284350            -53.893460          F 
150250                          3                   0.0001000           72                  2.36                30.50               30.80               103517.00           9                   0.55                16.48               16.50               23948.00            -0.0296229          -49.829440          F 
150640                          3                   0.0001000           72                  2.36                30.50               30.80               103517.00           0                   0.24                0                   0                   10314.00            -0.583158           -49.314290          F 
150070                          3                   0.0001000           72                  2.36                30.50               30.80               103517.00           35                  0.68                51.70               51.94               29688.00            -0.827103           -49.962044          F 
150030                          3                   0.0001000           72                  2.36                30.50               30.80               103517.00           28                  0.90                31.03               31.15               39567.00            -0.263841           -50.727746          F 
