140005                          1                   0.0001000           3484                184.78              18.86               34.65               7147689.00          1                   0.42                2.37                2.37                16336.00            3.078187            -62.755259          F 
140002                          1                   0.0001000           3484                184.78              18.86               34.65               7147689.00          0                   0.25                0                   0                   9637.00             3.732874            -62.436863          F 
140028                          1                   0.0001000           3484                184.78              18.86               34.65               7147689.00          0                   0.23                0                   0                   8997.00             2.186649            -62.468913          F 
140030                          1                   0.0001000           3484                184.78              18.86               34.65               7147689.00          0                   0.39                0                   0                   15064.00            2.510145            -61.983632          F 
140010                          1                   0.0001000           3484                184.78              18.86               34.65               7147689.00          37                  7.52                4.92                4.94                290741.00           3.117964            -60.717850          F 
140045                          1                   0.0001000           3484                184.78              18.86               34.65               7147689.00          2                   0.28                7.23                7.23                10697.00            4.168751            -60.839425          F 
140017                          1                   0.0001000           3484                184.78              18.86               34.65               7147689.00          0                   0.37                0                   0                   14311.00            2.272838            -60.542067          F 
140020                          1                   0.0001000           3484                184.78              18.86               34.65               7147689.00          6                   0.48                12.40               12.41               18714.00            0.990862            -61.471950          F 
140015                          1                   0.0001000           3484                184.78              18.86               34.65               7147689.00          1                   0.29                3.50                3.50                11067.00            2.787148            -60.100125          F 
140040                          1                   0.0001000           3484                184.78              18.86               34.65               7147689.00          0                   0.24                0                   0                   9155.00             3.878942            -60.064912          F 
140070                          1                   0.0001000           3484                184.78              18.86               34.65               7147689.00          0                   0.22                0                   0                   8572.00             4.683843            -60.280731          F 
140060                          1                   0.0001000           3484                184.78              18.86               34.65               7147689.00          0                   0.18                0                   0                   6860.00             0.884349            -60.151701          F 
140047                          1                   0.0001000           3484                184.78              18.86               34.65               7147689.00          10                  0.64                15.59               15.61               24808.00            0.0378310           -61.010414          F 
130040                          1                   0.0001000           3484                184.78              18.86               34.65               7147689.00          1                   0.67                1.50                1.50                25835.00            -0.465180           -63.434588          F 
140050                          1                   0.0001000           3484                184.78              18.86               34.65               7147689.00          0                   0.18                0                   0                   6898.00             0.635650            -59.844809          F 
140023                          1                   0.0001000           3484                184.78              18.86               34.65               7147689.00          0                   0.21                0                   0                   8300.00             0.914772            -59.338066          F 
130360                          1                   0.0001000           3484                184.78              18.86               34.65               7147689.00          1                   0.48                2.07                2.07                18728.00            -0.318566           -65.522058          F 
130320                          1                   0.0001000           3484                184.78              18.86               34.65               7147689.00          1                   0.39                2.56                2.56                15112.00            -2.046996           -61.701836          F 
130353                          1                   0.0001000           3484                184.78              18.86               34.65               7147689.00          2                   0.72                2.77                2.77                27926.00            -1.372564           -59.988741          F 
130430                          1                   0.0001000           3484                184.78              18.86               34.65               7147689.00          1                   0.44                2.28                2.28                16996.00            -0.893871           -59.029898          F 
130380                          1                   0.0001000           3484                184.78              18.86               34.65               7147689.00          3                   1.00                3.01                3.01                38506.00            0.374453            -67.997697          F 
130280                          1                   0.0001000           3484                184.78              18.86               34.65               7147689.00          0                   0.45                0                   0                   17562.00            -2.428415           -65.038109          F 
130083                          1                   0.0001000           3484                184.78              18.86               34.65               7147689.00          0                   0.29                0                   0                   11142.00            -3.081969           -61.877491          F 
130260                          1                   0.0001000           3484                184.78              18.86               34.65               7147689.00          120                 47.37               2.53                2.56                1832423.00          -2.626021           -60.259483          F 
150530                          1                   0.0001000           3484                184.78              18.86               34.65               7147689.00          3                   1.65                1.82                1.82                63904.00            0.255032            -57.149736          F 
130130                          1                   0.0001000           3484                184.78              18.86               34.65               7147689.00          0                   0.61                0                   0                   23643.00            -3.289026           -62.972665          F 
130356                          1                   0.0001000           3484                184.78              18.86               34.65               7147689.00          1                   0.68                1.47                1.47                26344.00            -2.529891           -59.638156          F 
130395                          1                   0.0001000           3484                184.78              18.86               34.65               7147689.00          0                   0.28                0                   0                   10977.00            -1.946118           -58.702338          F 
150300                          1                   0.0001000           3484                184.78              18.86               34.65               7147689.00          5                   0.21                24.07               24.09               8034.00             -1.158833           -57.806300          F 
130185                          1                   0.0001000           3484                184.78              18.86               34.65               7147689.00          0                   1.07                0                   0                   41373.00            -3.095148           -60.480667          F 
130250                          1                   0.0001000           3484                184.78              18.86               34.65               7147689.00          1                   2.23                0.45                0.45                86078.00            -3.291606           -60.958222          F 
130160                          1                   0.0001000           3484                184.78              18.86               34.65               7147689.00          0                   0.59                0                   0                   23011.00            -2.492180           -66.358452          F 
130008                          1                   0.0001000           3484                184.78              18.86               34.65               7147689.00          1                   0.27                3.69                3.69                10494.00            -3.502503           -61.716696          F 
130426                          1                   0.0001000           3484                184.78              18.86               34.65               7147689.00          1                   0.31                3.22                3.22                12017.00            -3.167038           -65.411879          F 
130200                          1                   0.0001000           3484                184.78              18.86               34.65               7147689.00          0                   0.21                0                   0                   8280.00             -2.498704           -58.619577          F 
130300                          1                   0.0001000           3484                184.78              18.86               34.65               7147689.00          6                   0.48                12.54               12.55               18502.00            -1.680483           -57.656536          F 
130115                          1                   0.0001000           3484                184.78              18.86               34.65               7147689.00          0                   0.63                0                   0                   24441.00            -3.286228           -59.599493          F 
130255                          1                   0.0001000           3484                184.78              18.86               34.65               7147689.00          0                   0.61                0                   0                   23575.00            -3.779354           -60.697327          F 
130002                          1                   0.0001000           3484                184.78              18.86               34.65               7147689.00          0                   0.37                0                   0                   14237.00            -3.701122           -65.330652          F 
130400                          1                   0.0001000           3484                184.78              18.86               34.65               7147689.00          0                   0.22                0                   0                   8495.00             -2.822093           -58.536128          F 
130010                          1                   0.0001000           3484                184.78              18.86               34.65               7147689.00          0                   0.43                0                   0                   16701.00            -4.186645           -62.073001          F 
130110                          1                   0.0001000           3484                184.78              18.86               34.65               7147689.00          1                   0.86                1.17                1.17                33132.00            -3.770658           -60.183093          F 
130210                          1                   0.0001000           3484                184.78              18.86               34.65               7147689.00          0                   0.19                0                   0                   7388.00             -1.698117           -68.320288          F 
130190                          1                   0.0001000           3484                184.78              18.86               34.65               7147689.00          0                   2.27                0                   0                   87970.00            -3.174662           -58.777136          F 
130220                          1                   0.0001000           3484                184.78              18.86               34.65               7147689.00          0                   0.29                0                   0                   11126.00            -3.524623           -66.306825          F 
130030                          1                   0.0001000           3484                184.78              18.86               34.65               7147689.00          1                   0.85                1.18                1.18                32733.00            -3.788879           -59.528635          F 
130120                          1                   0.0001000           3484                184.78              18.86               34.65               7147689.00          2                   1.98                1.01                1.01                76646.00            -4.437162           -64.124619          F 
130423                          1                   0.0001000           3484                184.78              18.86               34.65               7147689.00          0                   0.44                0                   0                   17199.00            -2.691643           -67.827923          F 
130440                          1                   0.0001000           3484                184.78              18.86               34.65               7147689.00          0                   0.47                0                   0                   18265.00            -2.812240           -57.770143          F 
130063                          1                   0.0001000           3484                184.78              18.86               34.65               7147689.00          1                   0.41                2.44                2.44                15827.00            -4.603475           -61.787364          F 
150510                          1                   0.0001000           3484                184.78              18.86               34.65               7147689.00          0                   1.28                0                   0                   49551.00            -0.170427           -55.674947          F 
130068                          1                   0.0001000           3484                184.78              18.86               34.65               7147689.00          0                   0.40                0                   0                   15324.00            -3.138082           -57.669942          F 
130420                          1                   0.0001000           3484                184.78              18.86               34.65               7147689.00          0                   1.58                0                   0                   61222.00            -4.468383           -65.529278          F 
150797                          1                   0.0001000           3484                184.78              18.86               34.65               7147689.00          0                   0.44                0                   0                   17130.00            -1.952134           -56.458364          F 
130310                          1                   0.0001000           3484                184.78              18.86               34.65               7147689.00          1                   0.81                1.24                1.24                31231.00            -3.988364           -58.601783          F 
130340                          1                   0.0001000           3484                184.78              18.86               34.65               7147689.00          1                   2.66                0.38                0.38                102945.00           -2.688407           -56.854026          F 
130050                          1                   0.0001000           3484                184.78              18.86               34.65               7147689.00          0                   0.72                0                   0                   27722.00            -3.129157           -57.172390          F 
150040                          1                   0.0001000           3484                184.78              18.86               34.65               7147689.00          7                   1.37                5.11                5.11                53004.00            -0.536230           -55.069883          F 
130006                          1                   0.0001000           3484                184.78              18.86               34.65               7147689.00          1                   0.25                4.02                4.02                9633.00             -3.418321           -68.287308          F 
130080                          1                   0.0001000           3484                184.78              18.86               34.65               7147689.00          1                   0.92                1.09                1.09                35448.00            -4.957034           -59.534428          F 
150390                          1                   0.0001000           3484                184.78              18.86               34.65               7147689.00          0                   1.25                0                   0                   48306.00            -2.622585           -56.221232          F 
130370                          1                   0.0001000           3484                184.78              18.86               34.65               7147689.00          0                   0.64                0                   0                   24689.00            -3.051175           -69.087897          F 
150285                          1                   0.0001000           3484                184.78              18.86               34.65               7147689.00          0                   0.32                0                   0                   12487.00            -1.845743           -55.113264          F 
150050                          1                   0.0001000           3484                184.78              18.86               34.65               7147689.00          183                 0.87                210.76              216.06              33588.00            0.284350            -53.893460          F 
130290                          1                   0.0001000           3484                184.78              18.86               34.65               7147689.00          122                 1.37                88.76               90.22               53172.00            -4.984990           -58.060916          F 
150480                          1                   0.0001000           3484                184.78              18.86               34.65               7147689.00          2                   1.44                1.39                1.39                55635.00            -1.119762           -54.365806          F 
130100                          1                   0.0001000           3484                184.78              18.86               34.65               7147689.00          0                   0.67                0                   0                   25955.00            -5.118832           -67.337382          F 
130410                          1                   0.0001000           3484                184.78              18.86               34.65               7147689.00          0                   0.49                0                   0                   18960.00            -6.104509           -64.893865          F 
150100                          1                   0.0001000           3484                184.78              18.86               34.65               7147689.00          0                   0.41                0                   0                   15874.00            -3.667209           -56.016450          F 
130230                          1                   0.0001000           3484                184.78              18.86               34.65               7147689.00          0                   0.47                0                   0                   18145.00            -4.713108           -68.403854          F 
130270                          1                   0.0001000           3484                184.78              18.86               34.65               7147689.00          33                  1.23                26.76               26.87               47706.00            -6.459804           -61.446481          F 
150680                          1                   0.0001000           3484                184.78              18.86               34.65               7147689.00          12                  7.68                1.56                1.56                297039.00           -2.764647           -55.093854          F 
160027                          1                   0.0001000           3484                184.78              18.86               34.65               7147689.00          11                  1.06                10.42               10.44               40819.00            1.096940            -53.306000          F 
130406                          1                   0.0001000           3484                184.78              18.86               34.65               7147689.00          0                   1.38                0                   0                   53374.00            -4.027765           -69.681346          F 
150145                          1                   0.0001000           3484                184.78              18.86               34.65               7147689.00          0                   0.43                0                   0                   16450.00            -3.191161           -54.992826          F 
130390                          1                   0.0001000           3484                184.78              18.86               34.65               7147689.00          0                   0.83                0                   0                   32060.00            -4.497836           -69.450565          F 
130330                          1                   0.0001000           3484                184.78              18.86               34.65               7147689.00          33                  0.56                58.60               58.86               21784.00            -6.825051           -60.477192          F 
160015                          1                   0.0001000           3484                184.78              18.86               34.65               7147689.00          2                   0.29                6.85                6.85                11291.00            1.157828            -52.523712          F 
130170                          1                   0.0001000           3484                184.78              18.86               34.65               7147689.00          166                 1.17                142.37              145.60              45104.00            -7.362897           -62.485394          F 
150600                          1                   0.0001000           3484                184.78              18.86               34.65               7147689.00          0                   0.76                0                   0                   29337.00            -2.120276           -53.660235          F 
150619                          1                   0.0001000           3484                184.78              18.86               34.65               7147689.00          0                   1.07                0                   0                   41271.00            -4.241022           -55.210827          F 
130090                          1                   0.0001000           3484                184.78              18.86               34.65               7147689.00          590                 0.33                1770.32             1923.12             12892.00            -7.403346           -64.096665          F 
160005                          1                   0.0001000           3484                184.78              18.86               34.65               7147689.00          1                   0.12                8.67                8.67                4463.00             1.649528            -52.270468          F 
150805                          1                   0.0001000           3484                184.78              18.86               34.65               7147689.00          4                   0.44                9.05                9.06                17092.00            -5.130084           -56.003417          F 
150565                          1                   0.0001000           3484                184.78              18.86               34.65               7147689.00          3                   0.64                4.69                4.69                24743.00            -3.889977           -54.500599          F 
160050                          1                   0.0001000           3484                184.78              18.86               34.65               7147689.00          9                   0.55                16.50               16.52               21094.00            3.088524            -51.904801          F 
150360                          1                   0.0001000           3484                184.78              18.86               34.65               7147689.00          276                 2.53                109.27              113.46              97704.00            -5.871333           -56.496545          F 
130195                          1                   0.0001000           3484                184.78              18.86               34.65               7147689.00          0                   0.21                0                   0                   8010.00             -6.682874           -68.114036          F 
150815                          1                   0.0001000           3484                184.78              18.86               34.65               7147689.00          1                   1.16                0.86                0.86                44757.00            -3.583648           -53.807296          F 
160040                          1                   0.0001000           3484                184.78              18.86               34.65               7147689.00          3                   0.45                6.66                6.66                17419.00            -0.0730322          -51.943908          F 
130014                          1                   0.0001000           3484                184.78              18.86               34.65               7147689.00          24                  0.47                50.66               50.82               18325.00            -7.759871           -59.431439          F 
130060                          1                   0.0001000           3484                184.78              18.86               34.65               7147689.00          0                   0.88                0                   0                   34193.00            -5.429327           -70.278296          F 
160053                          1                   0.0001000           3484                184.78              18.86               34.65               7147689.00          4                   0.45                8.97                8.97                17252.00            0.587711            -51.673569          F 
160020                          1                   0.0001000           3484                184.78              18.86               34.65               7147689.00          3                   0.24                12.65               12.65               9174.00             2.430849            -51.404322          F 
150445                          1                   0.0001000           3484                184.78              18.86               34.65               7147689.00          0                   0.72                0                   0                   27785.00            -3.160218           -53.194916          F 
160080                          1                   0.0001000           3484                184.78              18.86               34.65               7147689.00          0                   0.33                0                   0                   12725.00            -0.997903           -52.061167          F 
150590                          1                   0.0001000           3484                184.78              18.86               34.65               7147689.00          2                   0.90                2.23                2.23                34755.00            -2.184494           -52.547960          F 
160023                          1                   0.0001000           3484                184.78              18.86               34.65               7147689.00          0                   0.15                0                   0                   5974.00             0.958713            -51.419182          F 
160055                          1                   0.0001000           3484                184.78              18.86               34.65               7147689.00          0                   0.10                0                   0                   3909.00             1.625299            -51.277065          F 
160060                          1                   0.0001000           3484                184.78              18.86               34.65               7147689.00          5                   2.66                1.88                1.88                102860.00           0.128476            -51.379449          F 
150375                          1                   0.0001000           3484                184.78              18.86               34.65               7147689.00          97                  0.37                263.82              267.30              14223.00            -7.445178           -57.302829          F 
130240                          1                   0.0001000           3484                184.78              18.86               34.65               7147689.00          194                 0.99                195.57              200.80              38372.00            -8.375880           -65.812244          F 
160070                          1                   0.0001000           3484                184.78              18.86               34.65               7147689.00          2                   0.34                5.96                5.96                12981.00            1.294034            -50.985687          F 
150172                          1                   0.0001000           3484                184.78              18.86               34.65               7147689.00          0                   0.40                0                   0                   15575.00            -3.292151           -52.685423          F 
150310                          1                   0.0001000           3484                184.78              18.86               34.65               7147689.00          9                   0.76                11.79               11.81               29520.00            -1.151921           -51.555276          F 
110080                          1                   0.0001000           3484                184.78              18.86               34.65               7147689.00          6                   0.52                11.44               11.45               20291.00            -8.887011           -63.325581          F 
130350                          1                   0.0001000           3484                184.78              18.86               34.65               7147689.00          2                   0.47                4.24                4.24                18248.00            -7.757795           -68.197229          F 
160010                          1                   0.0001000           3484                184.78              18.86               34.65               7147689.00          8                   0.21                38.01               38.05               8142.00             1.764026            -50.581371          F 
110094                          1                   0.0001000           3484                184.78              18.86               34.65               7147689.00          15                  0.43                35.02               35.09               16569.00            -9.170974           -62.565037          F 
110110                          1                   0.0001000           3484                184.78              18.86               34.65               7147689.00          0                   0.22                0                   0                   8700.00             -9.170195           -63.044988          F 
110013                          1                   0.0001000           3484                184.78              18.86               34.65               7147689.00          16                  0.82                19.48               19.52               31779.00            -9.204070           -62.010294          F 
160030                          1                   0.0001000           3484                184.78              18.86               34.65               7147689.00          48                  10.52               4.56                4.59                407023.00           0.554818            -50.700863          F 
110020                          1                   0.0001000           3484                184.78              18.86               34.65               7147689.00          545                 11.26               48.38               52.14               435732.00           -9.153039           -64.305489          F 
160025                          1                   0.0001000           3484                184.78              18.86               34.65               7147689.00          0                   0.11                0                   0                   4370.00             0.532233            -50.651554          F 
160021                          1                   0.0001000           3484                184.78              18.86               34.65               7147689.00          0                   0.12                0                   0                   4805.00             1.030315            -50.483699          F 
150835                          1                   0.0001000           3484                184.78              18.86               34.65               7147689.00          1                   0.35                2.84                2.84                13607.00            -3.141047           -51.973342          F 
150030                          1                   0.0001000           3484                184.78              18.86               34.65               7147689.00          97                  0.92                105.80              107.18              35467.00            -0.263841           -50.727746          F 
130140                          1                   0.0001000           3484                184.78              18.86               34.65               7147689.00          6                   0.80                7.48                7.49                31020.00            -7.022778           -70.222033          F 
150450                          1                   0.0001000           3484                184.78              18.86               34.65               7147689.00          2                   0.65                3.08                3.08                25095.00            -1.607856           -51.104066          F 
130020                          1                   0.0001000           3484                184.78              18.86               34.65               7147689.00          2                   0.40                4.98                4.98                15545.00            -5.711940           -71.742673          F 
510325                          1                   0.0001000           3484                184.78              18.86               34.65               7147689.00          248                 0.71                347.39              359.36              27616.00            -9.292283           -60.305531          F 
110026                          1                   0.0001000           3484                184.78              18.86               34.65               7147689.00          0                   0.086               0                   0                   3345.00             -9.645106           -62.790311          F 
110040                          1                   0.0001000           3484                184.78              18.86               34.65               7147689.00          1                   0.45                2.22                2.22                17443.00            -9.649274           -63.394283          F 
510080                          1                   0.0001000           3484                184.78              18.86               34.65               7147689.00          1                   0.23                4.44                4.44                8713.00             -8.753341           -57.827599          F 
150180                          1                   0.0001000           3484                184.78              18.86               34.65               7147689.00          47                  2.43                19.38               19.49               93835.00            -1.121333           -50.628584          F 
110175                          1                   0.0001000           3484                184.78              18.86               34.65               7147689.00          0                   0.25                0                   0                   9510.00             -9.732685           -61.939355          F 
130150                          1                   0.0001000           3484                184.78              18.86               34.65               7147689.00          1                   0.43                2.33                2.33                16635.00            -7.573750           -70.054927          F 
130070                          1                   0.0001000           3484                184.78              18.86               34.65               7147689.00          25                  0.80                31.29               31.39               30906.00            -8.772979           -68.047540          F 
110002                          1                   0.0001000           3484                184.78              18.86               34.65               7147689.00          22                  2.37                9.29                9.32                91570.00            -9.951979           -62.957373          F 
150060                          1                   0.0001000           3484                184.78              18.86               34.65               7147689.00          47                  2.60                18.05               18.16               100736.00           -6.486303           -53.886671          F 
150580                          1                   0.0001000           3484                184.78              18.86               34.65               7147689.00          17                  1.38                12.35               12.37               53256.00            -2.565541           -50.955536          F 
150780                          1                   0.0001000           3484                184.78              18.86               34.65               7147689.00          0                   0.33                0                   0                   12840.00            -4.171559           -51.773388          F 
110045                          1                   0.0001000           3484                184.78              18.86               34.65               7147689.00          3                   0.85                3.53                3.53                32898.00            -10.052159          -63.941154          F 
110160                          1                   0.0001000           3484                184.78              18.86               34.65               7147689.00          0                   0.27                0                   0                   10611.00            -10.121814          -62.342289          F 
150503                          1                   0.0001000           3484                184.78              18.86               34.65               7147689.00          60                  0.65                92.33               93.07               25138.00            -8.062463           -55.612052          F 
510337                          1                   0.0001000           3484                184.78              18.86               34.65               7147689.00          0                   0.40                0                   0                   15455.00            -9.536841           -58.677801          F 
150250                          1                   0.0001000           3484                184.78              18.86               34.65               7147689.00          18                  0.55                32.71               32.79               21286.00            -0.0296229          -49.829440          F 
110140                          1                   0.0001000           3484                184.78              18.86               34.65               7147689.00          1                   0.37                2.72                2.72                14203.00            -10.210793          -63.372281          F 
150070                          1                   0.0001000           3484                184.78              18.86               34.65               7147689.00          126                 0.65                193.01              196.33              25253.00            -0.827103           -49.962044          F 
110060                          1                   0.0001000           3484                184.78              18.86               34.65               7147689.00          0                   0.15                0                   0                   5764.00             -10.331685          -62.987180          F 
130180                          1                   0.0001000           3484                184.78              18.86               34.65               7147689.00          13                  0.59                21.99               22.03               22867.00            -7.181162           -71.415929          F 
150085                          1                   0.0001000           3484                184.78              18.86               34.65               7147689.00          9                   0.55                16.27               16.29               21398.00            -3.997294           -51.301209          F 
110180                          1                   0.0001000           3484                184.78              18.86               34.65               7147689.00          0                   0.21                0                   0                   8083.00             -10.384134          -62.093876          F 
110012                          1                   0.0001000           3484                184.78              18.86               34.65               7147689.00          17                  3.03                5.60                5.61                117363.00           -10.462197          -61.757091          F 
510140                          1                   0.0001000           3484                184.78              18.86               34.65               7147689.00          27                  0.49                54.95               55.15               19006.00            -10.187963          -59.839297          F 
150280                          1                   0.0001000           3484                184.78              18.86               34.65               7147689.00          1                   0.75                1.32                1.32                29204.00            -1.583580           -49.988115          F 
110033                          1                   0.0001000           3484                184.78              18.86               34.65               7147689.00          4                   0.60                6.69                6.69                23142.00            -10.382239          -64.629270          F 
110070                          1                   0.0001000           3484                184.78              18.86               34.65               7147689.00          5                   0.33                15.16               15.17               12757.00            -10.485091          -63.799446          F 
120080                          1                   0.0001000           3484                184.78              18.86               34.65               7147689.00          3                   0.39                7.63                7.63                15212.00            -9.629475           -67.701064          F 
510757                          1                   0.0001000           3484                184.78              18.86               34.65               7147689.00          17                  0.094               180.76              181.17              3638.00             -10.463060          -61.010088          F 
510615                          1                   0.0001000           3484                184.78              18.86               34.65               7147689.00          0                   0.31                0                   0                   12003.00            -9.768714           -58.076318          F 
120001                          1                   0.0001000           3484                184.78              18.86               34.65               7147689.00          12                  0.33                36.33               36.39               12778.00            -9.934392           -66.948427          F 
150495                          2                   0.0001000           255                 7.78                32.78               33.91               361850.00           0                   0.44                0                   0                   20255.00            -2.392513           -46.899644          F 
150307                          2                   0.0001000           255                 7.78                32.78               33.91               361850.00           0                   0.54                0                   0                   25096.00            -2.168291           -47.075261          F 
150230                          2                   0.0001000           255                 7.78                32.78               33.91               361850.00           0                   1.12                0                   0                   52056.00            -2.043740           -47.234217          F 
150195                          2                   0.0001000           255                 7.78                32.78               33.91               361850.00           101                 0.59                171.91              174.27              27332.00            -1.991029           -46.439673          F 
150405                          2                   0.0001000           255                 7.78                32.78               33.91               361850.00           0                   0.60                0                   0                   28100.00            -1.990967           -47.512595          F 
150655                          2                   0.0001000           255                 7.78                32.78               33.91               361850.00           0                   0.42                0                   0                   19426.00            -1.657453           -46.927109          F 
150350                          2                   0.0001000           255                 7.78                32.78               33.91               361850.00           0                   0.68                0                   0                   31429.00            -1.812345           -47.399582          F 
210315                          2                   0.0001000           255                 7.78                32.78               33.91               361850.00           0                   0.28                0                   0                   12966.00            -2.367505           -46.128105          F 
210317                          2                   0.0001000           255                 7.78                32.78               33.91               361850.00           82                  0.39                212.53              214.89              17949.00            -3.086137           -46.538028          F 
150095                          2                   0.0001000           255                 7.78                32.78               33.91               361850.00           3                   0.58                5.16                5.16                27069.00            -2.231219           -47.726444          F 
210637                          2                   0.0001000           255                 7.78                32.78               33.91               361850.00           0                   0.31                0                   0                   14496.00            -2.452057           -45.988295          F 
210565                          2                   0.0001000           255                 7.78                32.78               33.91               361850.00           2                   0.084               23.83               23.84               3904.00             -1.917746           -46.115749          F 
150540                          2                   0.0001000           255                 7.78                32.78               33.91               361850.00           0                   0.35                0                   0                   16458.00            -1.496053           -47.139522          F 
210197                          2                   0.0001000           255                 7.78                32.78               33.91               361850.00           11                  0.18                62.67               62.76               8166.00             -1.762813           -46.178716          F 
150830                          2                   0.0001000           255                 7.78                32.78               33.91               361850.00           56                  1.23                45.59               45.93               57148.00            -1.532521           -46.455573          F 
210180                          3                   0.0008000           5                   0.047               106.40              106.48              5483.00             5                   0.047               106.40              106.48              5483.00             -7.120210           -44.568077          F 
