130360                          1                   0.0001000           3343                164.18              20.36               39.96               7682799.00          2                   0.51                3.94                3.94                23765.00            -0.318566           -65.522058          F 
130040                          1                   0.0001000           3343                164.18              20.36               39.96               7682799.00          33                  0.59                55.66               55.93               27743.00            -0.465180           -63.434588          F 
130280                          1                   0.0001000           3343                164.18              20.36               39.96               7682799.00          0                   0.40                0                   0                   18531.00            -2.428415           -65.038109          F 
130160                          1                   0.0001000           3343                164.18              20.36               39.96               7682799.00          0                   0.42                0                   0                   19669.00            -2.492180           -66.358452          F 
130380                          1                   0.0001000           3343                164.18              20.36               39.96               7682799.00          7                   0.95                7.35                7.36                44553.00            0.374453            -67.997697          F 
130426                          1                   0.0001000           3343                164.18              20.36               39.96               7682799.00          0                   0.29                0                   0                   13428.00            -3.167038           -65.411879          F 
130210                          1                   0.0001000           3343                164.18              20.36               39.96               7682799.00          0                   0.090               0                   0                   4205.00             -1.698117           -68.320288          F 
130220                          1                   0.0001000           3343                164.18              20.36               39.96               7682799.00          0                   0.30                0                   0                   13956.00            -3.524623           -66.306825          F 
130423                          1                   0.0001000           3343                164.18              20.36               39.96               7682799.00          0                   0.40                0                   0                   18782.00            -2.691643           -67.827923          F 
130002                          1                   0.0001000           3343                164.18              20.36               39.96               7682799.00          0                   0.34                0                   0                   15908.00            -3.701122           -65.330652          F 
130130                          1                   0.0001000           3343                164.18              20.36               39.96               7682799.00          0                   0.59                0                   0                   27817.00            -3.289026           -62.972665          F 
140028                          1                   0.0001000           3343                164.18              20.36               39.96               7682799.00          0                   0.23                0                   0                   10859.00            2.186649            -62.468913          F 
130420                          1                   0.0001000           3343                164.18              20.36               39.96               7682799.00          1                   1.33                0.75                0.75                62021.00            -4.468383           -65.529278          F 
130006                          1                   0.0001000           3343                164.18              20.36               39.96               7682799.00          1                   0.24                4.16                4.16                11242.00            -3.418321           -68.287308          F 
130320                          1                   0.0001000           3343                164.18              20.36               39.96               7682799.00          0                   0.40                0                   0                   18586.00            -2.046996           -61.701836          F 
140020                          1                   0.0001000           3343                164.18              20.36               39.96               7682799.00          9                   0.44                20.24               20.27               20807.00            0.990862            -61.471950          F 
130120                          1                   0.0001000           3343                164.18              20.36               39.96               7682799.00          0                   1.81                0                   0                   84762.00            -4.437162           -64.124619          F 
140005                          1                   0.0001000           3343                164.18              20.36               39.96               7682799.00          0                   0.34                0                   0                   15933.00            3.078187            -62.755259          F 
130370                          1                   0.0001000           3343                164.18              20.36               39.96               7682799.00          2                   0.49                4.06                4.06                23075.00            -3.051175           -69.087897          F 
140047                          1                   0.0001000           3343                164.18              20.36               39.96               7682799.00          42                  0.60                69.66               70.09               28215.00            0.0378310           -61.010414          F 
140030                          1                   0.0001000           3343                164.18              20.36               39.96               7682799.00          0                   0.36                0                   0                   16852.00            2.510145            -61.983632          F 
130083                          1                   0.0001000           3343                164.18              20.36               39.96               7682799.00          0                   0.27                0                   0                   12820.00            -3.081969           -61.877491          F 
130008                          1                   0.0001000           3343                164.18              20.36               39.96               7682799.00          1                   0.28                3.61                3.61                12978.00            -3.502503           -61.716696          F 
140002                          1                   0.0001000           3343                164.18              20.36               39.96               7682799.00          0                   0.25                0                   0                   11560.00            3.732874            -62.436863          F 
130100                          1                   0.0001000           3343                164.18              20.36               39.96               7682799.00          0                   0.61                0                   0                   28337.00            -5.118832           -67.337382          F 
130010                          1                   0.0001000           3343                164.18              20.36               39.96               7682799.00          0                   0.43                0                   0                   20196.00            -4.186645           -62.073001          F 
130230                          1                   0.0001000           3343                164.18              20.36               39.96               7682799.00          1                   0.34                2.96                2.96                15824.00            -4.713108           -68.403854          F 
130250                          1                   0.0001000           3343                164.18              20.36               39.96               7682799.00          2                   2.06                0.97                0.97                96460.00            -3.291606           -60.958222          F 
140060                          1                   0.0001000           3343                164.18              20.36               39.96               7682799.00          0                   0.16                0                   0                   7597.00             0.884349            -60.151701          F 
130406                          1                   0.0001000           3343                164.18              20.36               39.96               7682799.00          0                   1.36                0                   0                   63635.00            -4.027765           -69.681346          F 
140017                          1                   0.0001000           3343                164.18              20.36               39.96               7682799.00          1                   0.36                2.77                2.77                16877.00            2.272838            -60.542067          F 
130353                          1                   0.0001000           3343                164.18              20.36               39.96               7682799.00          16                  0.74                21.65               21.70               34574.00            -1.372564           -59.988741          F 
130063                          1                   0.0001000           3343                164.18              20.36               39.96               7682799.00          0                   0.41                0                   0                   18978.00            -4.603475           -61.787364          F 
130390                          1                   0.0001000           3343                164.18              20.36               39.96               7682799.00          0                   0.81                0                   0                   38047.00            -4.497836           -69.450565          F 
130260                          1                   0.0001000           3343                164.18              20.36               39.96               7682799.00          86                  45.52               1.89                1.90                2130264.00          -2.626021           -60.259483          F 
130185                          1                   0.0001000           3343                164.18              20.36               39.96               7682799.00          6                   1.01                5.92                5.93                47407.00            -3.095148           -60.480667          F 
140050                          1                   0.0001000           3343                164.18              20.36               39.96               7682799.00          0                   0.17                0                   0                   7740.00             0.635650            -59.844809          F 
130410                          1                   0.0001000           3343                164.18              20.36               39.96               7682799.00          1                   0.38                2.61                2.61                17930.00            -6.104509           -64.893865          F 
140010                          1                   0.0001000           3343                164.18              20.36               39.96               7682799.00          40                  7.10                5.64                5.67                332020.00           3.117964            -60.717850          F 
130255                          1                   0.0001000           3343                164.18              20.36               39.96               7682799.00          0                   0.65                0                   0                   30222.00            -3.779354           -60.697327          F 
140015                          1                   0.0001000           3343                164.18              20.36               39.96               7682799.00          0                   0.26                0                   0                   11945.00            2.787148            -60.100125          F 
130356                          1                   0.0001000           3343                164.18              20.36               39.96               7682799.00          5                   0.68                7.31                7.32                32001.00            -2.529891           -59.638156          F 
140023                          1                   0.0001000           3343                164.18              20.36               39.96               7682799.00          3                   0.20                14.79               14.79               9493.00             0.914772            -59.338066          F 
130110                          1                   0.0001000           3343                164.18              20.36               39.96               7682799.00          0                   0.80                0                   0                   37399.00            -3.770658           -60.183093          F 
140045                          1                   0.0001000           3343                164.18              20.36               39.96               7682799.00          0                   0.26                0                   0                   12375.00            4.168751            -60.839425          F 
130430                          1                   0.0001000           3343                164.18              20.36               39.96               7682799.00          0                   0.36                0                   0                   16968.00            -0.893871           -59.029898          F 
130115                          1                   0.0001000           3343                164.18              20.36               39.96               7682799.00          1                   0.62                1.60                1.60                29190.00            -3.286228           -59.599493          F 
130195                          1                   0.0001000           3343                164.18              20.36               39.96               7682799.00          0                   0.17                0                   0                   8128.00             -6.682874           -68.114036          F 
140040                          1                   0.0001000           3343                164.18              20.36               39.96               7682799.00          0                   0.22                0                   0                   10527.00            3.878942            -60.064912          F 
130030                          1                   0.0001000           3343                164.18              20.36               39.96               7682799.00          2                   0.82                2.43                2.43                38454.00            -3.788879           -59.528635          F 
130060                          1                   0.0001000           3343                164.18              20.36               39.96               7682799.00          0                   0.88                0                   0                   41329.00            -5.429327           -70.278296          F 
130395                          1                   0.0001000           3343                164.18              20.36               39.96               7682799.00          3                   0.29                10.46               10.46               13421.00            -1.946118           -58.702338          F 
130090                          1                   0.0001000           3343                164.18              20.36               39.96               7682799.00          434                 0.33                1311.07             1402.59             15490.00            -7.403346           -64.096665          F 
130200                          1                   0.0001000           3343                164.18              20.36               39.96               7682799.00          0                   0.20                0                   0                   9125.00             -2.498704           -58.619577          F 
140070                          1                   0.0001000           3343                164.18              20.36               39.96               7682799.00          0                   0.21                0                   0                   9836.00             4.683843            -60.280731          F 
130190                          1                   0.0001000           3343                164.18              20.36               39.96               7682799.00          6                   2.13                2.81                2.81                99854.00            -3.174662           -58.777136          F 
130270                          1                   0.0001000           3343                164.18              20.36               39.96               7682799.00          34                  1.17                29.08               29.23               54708.00            -6.459804           -61.446481          F 
130400                          1                   0.0001000           3343                164.18              20.36               39.96               7682799.00          0                   0.20                0                   0                   9211.00             -2.822093           -58.536128          F 
130080                          1                   0.0001000           3343                164.18              20.36               39.96               7682799.00          4                   0.86                4.63                4.63                40464.00            -4.957034           -59.534428          F 
130170                          1                   0.0001000           3343                164.18              20.36               39.96               7682799.00          172                 1.14                150.77              154.75              53383.00            -7.362897           -62.485394          F 
150300                          1                   0.0001000           3343                164.18              20.36               39.96               7682799.00          0                   0.15                0                   0                   7009.00             -1.158833           -57.806300          F 
130310                          1                   0.0001000           3343                164.18              20.36               39.96               7682799.00          0                   0.78                0                   0                   36431.00            -3.988364           -58.601783          F 
130350                          1                   0.0001000           3343                164.18              20.36               39.96               7682799.00          1                   0.42                2.39                2.39                19597.00            -7.757795           -68.197229          F 
130300                          1                   0.0001000           3343                164.18              20.36               39.96               7682799.00          4                   0.45                8.95                8.96                20902.00            -1.680483           -57.656536          F 
130240                          1                   0.0001000           3343                164.18              20.36               39.96               7682799.00          173                 0.96                180.45              185.25              44861.00            -8.375880           -65.812244          F 
130440                          1                   0.0001000           3343                164.18              20.36               39.96               7682799.00          0                   0.47                0                   0                   22148.00            -2.812240           -57.770143          F 
130140                          1                   0.0001000           3343                164.18              20.36               39.96               7682799.00          1                   0.75                1.34                1.34                34888.00            -7.022778           -70.222033          F 
130020                          1                   0.0001000           3343                164.18              20.36               39.96               7682799.00          2                   0.41                4.91                4.91                19054.00            -5.711940           -71.742673          F 
130330                          1                   0.0001000           3343                164.18              20.36               39.96               7682799.00          75                  0.54                139.75              141.34              25112.00            -6.825051           -60.477192          F 
130068                          1                   0.0001000           3343                164.18              20.36               39.96               7682799.00          0                   0.39                0                   0                   18483.00            -3.138082           -57.669942          F 
150530                          1                   0.0001000           3343                164.18              20.36               39.96               7682799.00          3                   1.52                1.98                1.98                71078.00            0.255032            -57.149736          F 
130150                          1                   0.0001000           3343                164.18              20.36               39.96               7682799.00          1                   0.42                2.40                2.40                19492.00            -7.573750           -70.054927          F 
130290                          1                   0.0001000           3343                164.18              20.36               39.96               7682799.00          611                 1.33                459.57              506.00              62212.00            -4.984990           -58.060916          F 
130050                          1                   0.0001000           3343                164.18              20.36               39.96               7682799.00          0                   0.67                0                   0                   31542.00            -3.129157           -57.172390          F 
130070                          1                   0.0001000           3343                164.18              20.36               39.96               7682799.00          31                  0.73                42.45               42.64               34176.00            -8.772979           -68.047540          F 
110080                          1                   0.0001000           3343                164.18              20.36               39.96               7682799.00          3                   0.54                5.56                5.56                25266.00            -8.887011           -63.325581          F 
110020                          1                   0.0001000           3343                164.18              20.36               39.96               7682799.00          98                  11.10               8.83                8.95                519436.00           -9.153039           -64.305489          F 
130340                          1                   0.0001000           3343                164.18              20.36               39.96               7682799.00          0                   2.43                0                   0                   113832.00           -2.688407           -56.854026          F 
130180                          1                   0.0001000           3343                164.18              20.36               39.96               7682799.00          18                  0.60                29.76               29.84               28299.00            -7.181162           -71.415929          F 
110110                          1                   0.0001000           3343                164.18              20.36               39.96               7682799.00          1                   0.22                4.54                4.54                10310.00            -9.170195           -63.044988          F 
150797                          1                   0.0001000           3343                164.18              20.36               39.96               7682799.00          0                   0.39                0                   0                   18257.00            -1.952134           -56.458364          F 
110094                          1                   0.0001000           3343                164.18              20.36               39.96               7682799.00          2                   0.48                4.17                4.17                22443.00            -9.170974           -62.565037          F 
110013                          1                   0.0001000           3343                164.18              20.36               39.96               7682799.00          24                  0.83                29.09               29.19               38609.00            -9.204070           -62.010294          F 
120080                          1                   0.0001000           3343                164.18              20.36               39.96               7682799.00          1                   0.37                2.68                2.68                17459.00            -9.629475           -67.701064          F 
110040                          1                   0.0001000           3343                164.18              20.36               39.96               7682799.00          0                   0.45                0                   0                   20916.00            -9.649274           -63.394283          F 
150390                          1                   0.0001000           3343                164.18              20.36               39.96               7682799.00          0                   1.20                0                   0                   56325.00            -2.622585           -56.221232          F 
130014                          1                   0.0001000           3343                164.18              20.36               39.96               7682799.00          13                  0.46                28.42               28.47               21406.00            -7.759871           -59.431439          F 
120013                          1                   0.0001000           3343                164.18              20.36               39.96               7682799.00          0                   0.21                0                   0                   9664.00             -9.613848           -68.175429          F 
110026                          1                   0.0001000           3343                164.18              20.36               39.96               7682799.00          0                   0.082               0                   0                   3829.00             -9.645106           -62.790311          F 
120001                          1                   0.0001000           3343                164.18              20.36               39.96               7682799.00          7                   0.31                22.80               22.82               14366.00            -9.934392           -66.948427          F 
150510                          1                   0.0001000           3343                164.18              20.36               39.96               7682799.00          3                   1.08                2.77                2.77                50727.00            -0.170427           -55.674947          F 
110045                          1                   0.0001000           3343                164.18              20.36               39.96               7682799.00          1                   0.83                1.20                1.20                39044.00            -10.052159          -63.941154          F 
120045                          1                   0.0001000           3343                164.18              20.36               39.96               7682799.00          0                   0.46                0                   0                   21552.00            -9.996928           -67.427266          F 
120060                          1                   0.0001000           3343                164.18              20.36               39.96               7682799.00          4                   0.86                4.68                4.68                40024.00            -8.238234           -71.446466          F 
110002                          1                   0.0001000           3343                164.18              20.36               39.96               7682799.00          5                   2.29                2.18                2.18                107345.00           -9.951979           -62.957373          F 
120034                          1                   0.0001000           3343                164.18              20.36               39.96               7682799.00          0                   0.19                0                   0                   8886.00             -9.380351           -69.854989          F 
130165                          1                   0.0001000           3343                164.18              20.36               39.96               7682799.00          419                 0.35                1199.98             1280.66             16339.00            -7.229841           -72.844424          F 
120030                          1                   0.0001000           3343                164.18              20.36               39.96               7682799.00          1                   0.69                1.45                1.45                32360.00            -8.926430           -70.747840          F 
110175                          1                   0.0001000           3343                164.18              20.36               39.96               7682799.00          0                   0.24                0                   0                   11149.00            -9.732685           -61.939355          F 
150100                          1                   0.0001000           3343                164.18              20.36               39.96               7682799.00          0                   0.34                0                   0                   15947.00            -3.667209           -56.016450          F 
120038                          1                   0.0001000           3343                164.18              20.36               39.96               7682799.00          0                   0.40                0                   0                   18510.00            -10.248624          -67.339671          F 
110033                          1                   0.0001000           3343                164.18              20.36               39.96               7682799.00          0                   0.62                0                   0                   28891.00            -10.382239          -64.629270          F 
110140                          1                   0.0001000           3343                164.18              20.36               39.96               7682799.00          0                   0.35                0                   0                   16186.00            -10.210793          -63.372281          F 
120040                          1                   0.0001000           3343                164.18              20.36               39.96               7682799.00          17                  8.19                2.07                2.08                383443.00           -10.066358          -68.371440          F 
120050                          1                   0.0001000           3343                164.18              20.36               39.96               7682799.00          0                   0.92                0                   0                   43139.00            -9.771845           -69.382700          F 
110160                          1                   0.0001000           3343                164.18              20.36               39.96               7682799.00          0                   0.24                0                   0                   11350.00            -10.121814          -62.342289          F 
120043                          1                   0.0001000           3343                164.18              20.36               39.96               7682799.00          0                   0.13                0                   0                   6230.00             -9.412364           -70.398018          F 
110070                          1                   0.0001000           3343                164.18              20.36               39.96               7682799.00          1                   0.31                3.23                3.23                14484.00            -10.485091          -63.799446          F 
110060                          1                   0.0001000           3343                164.18              20.36               39.96               7682799.00          0                   0.14                0                   0                   6460.00             -10.331685          -62.987180          F 
510325                          1                   0.0001000           3343                164.18              20.36               39.96               7682799.00          134                 0.77                173.40              176.95              36161.00            -9.292283           -60.305531          F 
120017                          1                   0.0001000           3343                164.18              20.36               39.96               7682799.00          0                   0.24                0                   0                   11136.00            -10.474157          -67.835782          F 
150040                          1                   0.0001000           3343                164.18              20.36               39.96               7682799.00          1                   1.18                0.85                0.85                55246.00            -0.536230           -55.069883          F 
150285                          1                   0.0001000           3343                164.18              20.36               39.96               7682799.00          0                   0.30                0                   0                   13996.00            -1.845743           -55.113264          F 
120020                          1                   0.0001000           3343                164.18              20.36               39.96               7682799.00          153                 1.77                86.65               88.67               82622.00            -7.974126           -72.761548          F 
150360                          1                   0.0001000           3343                164.18              20.36               39.96               7682799.00          362                 2.11                171.93              181.78              98523.00            -5.871333           -56.496545          F 
110180                          1                   0.0001000           3343                164.18              20.36               39.96               7682799.00          0                   0.17                0                   0                   8047.00             -10.384134          -62.093876          F 
150805                          1                   0.0001000           3343                164.18              20.36               39.96               7682799.00          0                   0.39                0                   0                   18469.00            -5.130084           -56.003417          F 
120033                          1                   0.0001000           3343                164.18              20.36               39.96               7682799.00          9                   0.38                23.51               23.54               17910.00            -7.503753           -73.439585          F 
120070                          1                   0.0001000           3343                164.18              20.36               39.96               7682799.00          0                   0.39                0                   0                   18174.00            -10.575880          -68.505122          F 
110011                          1                   0.0001000           3343                164.18              20.36               39.96               7682799.00          0                   1.19                0                   0                   55871.00            -10.592446          -62.584788          F 
110100                          1                   0.0001000           3343                164.18              20.36               39.96               7682799.00          0                   0.21                0                   0                   9745.00             -10.748055          -63.183884          F 
150680                          1                   0.0001000           3343                164.18              20.36               39.96               7682799.00          7                   6.33                1.11                1.11                296302.00           -2.764647           -55.093854          F 
120042                          1                   0.0001000           3343                164.18              20.36               39.96               7682799.00          5                   0.38                13.04               13.05               17945.00            -7.841819           -73.222514          F 
110012                          1                   0.0001000           3343                164.18              20.36               39.96               7682799.00          0                   2.84                0                   0                   132667.00           -10.462197          -61.757091          F 
110015                          1                   0.0001000           3343                164.18              20.36               39.96               7682799.00          2                   0.85                2.35                2.35                39759.00            -10.610539          -62.172424          F 
150375                          1                   0.0001000           3343                164.18              20.36               39.96               7682799.00          15                  0.17                87.10               87.29               8059.00             -7.445178           -57.302829          F 
120039                          1                   0.0001000           3343                164.18              20.36               39.96               7682799.00          0                   0.24                0                   0                   11353.00            -8.489533           -72.721389          F 
150145                          1                   0.0001000           3343                164.18              20.36               39.96               7682799.00          0                   0.37                0                   0                   17249.00            -3.191161           -54.992826          F 
120032                          1                   0.0001000           3343                164.18              20.36               39.96               7682799.00          0                   0.17                0                   0                   7858.00             -9.243211           -71.907488          F 
110143                          1                   0.0001000           3343                164.18              20.36               39.96               7682799.00          0                   0.17                0                   0                   7769.00             -10.889526          -62.532438          F 
120025                          1                   0.0001000           3343                164.18              20.36               39.96               7682799.00          0                   0.37                0                   0                   17340.00            -10.889162          -68.618498          F 
150619                          1                   0.0001000           3343                164.18              20.36               39.96               7682799.00          0                   1.05                0                   0                   49093.00            -4.241022           -55.210827          F 
110010                          1                   0.0001000           3343                164.18              20.36               39.96               7682799.00          0                   1.01                0                   0                   47451.00            -11.305773          -64.537463          F 
120010                          1                   0.0001000           3343                164.18              20.36               39.96               7682799.00          0                   0.53                0                   0                   24765.00            -10.747736          -69.207484          F 
110130                          1                   0.0001000           3343                164.18              20.36               39.96               7682799.00          0                   0.26                0                   0                   12258.00            -11.076985          -62.848279          F 
510757                          1                   0.0001000           3343                164.18              20.36               39.96               7682799.00          5                   0.082               60.71               60.75               3854.00             -10.463060          -61.010088          F 
110155                          1                   0.0001000           3343                164.18              20.36               39.96               7682799.00          0                   0.11                0                   0                   4931.00             -10.943464          -62.279708          F 
150480                          1                   0.0001000           3343                164.18              20.36               39.96               7682799.00          2                   1.21                1.66                1.66                56466.00            -1.119762           -54.365806          F 
110170                          1                   0.0001000           3343                164.18              20.36               39.96               7682799.00          0                   0.28                0                   0                   13106.00            -11.103908          -62.424021          F 
120035                          1                   0.0001000           3343                164.18              20.36               39.96               7682799.00          0                   0.38                0                   0                   17897.00            -9.099817           -72.558104          F 
120005                          1                   0.0001000           3343                164.18              20.36               39.96               7682799.00          0                   0.15                0                   0                   6986.00             -10.779491          -70.006358          F 
510140                          1                   0.0001000           3343                164.18              20.36               39.96               7682799.00          9                   0.46                19.72               19.74               21357.00            -10.187963          -59.839297          F 
110034                          1                   0.0001000           3343                164.18              20.36               39.96               7682799.00          0                   0.36                0                   0                   16747.00            -11.311455          -62.544783          F 
510080                          1                   0.0001000           3343                164.18              20.36               39.96               7682799.00          1                   0.21                4.83                4.83                9694.00             -8.753341           -57.827599          F 
110025                          1                   0.0001000           3343                164.18              20.36               39.96               7682799.00          0                   0.47                0                   0                   22124.00            -11.166190          -61.877898          F 
510337                          1                   0.0001000           3343                164.18              20.36               39.96               7682799.00          0                   0.40                0                   0                   18689.00            -9.536841           -58.677801          F 
110120                          1                   0.0001000           3343                164.18              20.36               39.96               7682799.00          0                   0.23                0                   0                   10751.00            -11.160345          -61.568926          F 
150565                          1                   0.0001000           3343                164.18              20.36               39.96               7682799.00          0                   0.64                0                   0                   30109.00            -3.889977           -54.500599          F 
110032                          1                   0.0001000           3343                164.18              20.36               39.96               7682799.00          0                   0.52                0                   0                   24181.00            -11.628169          -62.941940          F 
150050                          1                   0.0001000           3343                164.18              20.36               39.96               7682799.00          203                 0.71                286.16              295.15              33195.00            0.284350            -53.893460          F 
150250                          2                   0.0001000           236                 2.12                111.57              115.64              99521.00            48                  0.49                97.91               98.61               23066.00            -0.0296229          -49.829440          F 
150640                          2                   0.0001000           236                 2.12                111.57              115.64              99521.00            0                   0.21                0                   0                   9845.00             -0.583158           -49.314290          F 
150070                          2                   0.0001000           236                 2.12                111.57              115.64              99521.00            53                  0.61                87.60               88.30               28466.00            -0.827103           -49.962044          F 
150030                          2                   0.0001000           236                 2.12                111.57              115.64              99521.00            135                 0.81                166.52              169.95              38144.00            -0.263841           -50.727746          F 
150175                          3                   0.0001000           26                  0.15                172.21              172.88              7182.00             26                  0.15                172.21              172.88              7182.00             -5.735954           -48.432343          F 
150613                          4                   0.6394              22                  7.11                3.10                3.10                338072.00           3                   1.73                1.73                1.73                82464.00            -8.069353           -50.198021          F 
150555                          4                   0.6394              22                  7.11                3.10                3.10                338072.00           0                   0.11                0                   0                   5341.00             -7.737187           -50.123353          F 
150658                          4                   0.6394              22                  7.11                3.10                3.10                338072.00           1                   0.44                2.28                2.28                20849.00            -8.633727           -50.314447          F 
150270                          4                   0.6394              22                  7.11                3.10                3.10                338072.00           0                   0.98                0                   0                   46571.00            -8.182560           -49.512625          F 
150125                          4                   0.6394              22                  7.11                3.10                3.10                338072.00           0                   0.067               0                   0                   3200.00             -7.486340           -50.634226          F 
150616                          4                   0.6394              22                  7.11                3.10                3.10                338072.00           0                   0.37                0                   0                   17705.00            -7.340746           -49.895407          F 
150304                          4                   0.6394              22                  7.11                3.10                3.10                338072.00           0                   0.42                0                   0                   19746.00            -7.548373           -49.576097          F 
171180                          4                   0.6394              22                  7.11                3.10                3.10                338072.00           0                   0.047               0                   0                   2229.00             -8.140277           -49.110602          F 
150276                          4                   0.6394              22                  7.11                3.10                3.10                338072.00           1                   0.28                3.63                3.63                13093.00            -8.458321           -51.221011          F 
170600                          4                   0.6394              22                  7.11                3.10                3.10                338072.00           0                   0.12                0                   0                   5529.00             -8.436865           -49.162374          F 
170190                          4                   0.6394              22                  7.11                3.10                3.10                338072.00           0                   0.15                0                   0                   7003.00             -8.939322           -49.504685          F 
170230                          4                   0.6394              22                  7.11                3.10                3.10                338072.00           0                   0.14                0                   0                   6756.00             -7.723272           -48.999890          F 
150840                          4                   0.6394              22                  7.11                3.10                3.10                338072.00           0                   0.92                0                   0                   43530.00            -6.917853           -49.635135          F 
171665                          4                   0.6394              22                  7.11                3.10                3.10                338072.00           0                   0.11                0                   0                   5453.00             -8.379551           -48.917014          F 
150034                          4                   0.6394              22                  7.11                3.10                3.10                338072.00           0                   0.56                0                   0                   26682.00            -6.773035           -50.430070          F 
150543                          4                   0.6394              22                  7.11                3.10                3.10                338072.00           17                  0.67                25.33               25.40               31921.00            -7.525492           -51.432537          F 
