140005                          1                   0.0001000           3528                194.75              18.12               32.31               7268961.00          0                   0.43                0                   0                   16228.00            3.078187            -62.755259          F 
140002                          1                   0.0001000           3528                194.75              18.12               32.31               7268961.00          0                   0.27                0                   0                   9936.00             3.732874            -62.436863          F 
140028                          1                   0.0001000           3528                194.75              18.12               32.31               7268961.00          0                   0.25                0                   0                   9288.00             2.186649            -62.468913          F 
140030                          1                   0.0001000           3528                194.75              18.12               32.31               7268961.00          2                   0.41                4.87                4.87                15328.00            2.510145            -61.983632          F 
140010                          1                   0.0001000           3528                194.75              18.12               32.31               7268961.00          23                  7.96                2.89                2.90                296959.00           3.117964            -60.717850          F 
140045                          1                   0.0001000           3528                194.75              18.12               32.31               7268961.00          0                   0.29                0                   0                   10953.00            4.168751            -60.839425          F 
140017                          1                   0.0001000           3528                194.75              18.12               32.31               7268961.00          0                   0.39                0                   0                   14707.00            2.272838            -60.542067          F 
140020                          1                   0.0001000           3528                194.75              18.12               32.31               7268961.00          1                   0.51                1.96                1.96                19019.00            0.990862            -61.471950          F 
140015                          1                   0.0001000           3528                194.75              18.12               32.31               7268961.00          1                   0.30                3.34                3.34                11188.00            2.787148            -60.100125          F 
140040                          1                   0.0001000           3528                194.75              18.12               32.31               7268961.00          0                   0.25                0                   0                   9364.00             3.878942            -60.064912          F 
140070                          1                   0.0001000           3528                194.75              18.12               32.31               7268961.00          0                   0.23                0                   0                   8764.00             4.683843            -60.280731          F 
140060                          1                   0.0001000           3528                194.75              18.12               32.31               7268961.00          0                   0.19                0                   0                   6968.00             0.884349            -60.151701          F 
140047                          1                   0.0001000           3528                194.75              18.12               32.31               7268961.00          5                   0.68                7.37                7.37                25319.00            0.0378310           -61.010414          F 
130040                          1                   0.0001000           3528                194.75              18.12               32.31               7268961.00          8                   0.70                11.51               11.52               25948.00            -0.465180           -63.434588          F 
140050                          1                   0.0001000           3528                194.75              18.12               32.31               7268961.00          1                   0.19                5.31                5.32                7023.00             0.635650            -59.844809          F 
140023                          1                   0.0001000           3528                194.75              18.12               32.31               7268961.00          0                   0.23                0                   0                   8480.00             0.914772            -59.338066          F 
130360                          1                   0.0001000           3528                194.75              18.12               32.31               7268961.00          0                   0.52                0                   0                   19292.00            -0.318566           -65.522058          F 
130320                          1                   0.0001000           3528                194.75              18.12               32.31               7268961.00          2                   0.41                4.82                4.82                15489.00            -2.046996           -61.701836          F 
130353                          1                   0.0001000           3528                194.75              18.12               32.31               7268961.00          1                   0.77                1.30                1.30                28652.00            -1.372564           -59.988741          F 
130430                          1                   0.0001000           3528                194.75              18.12               32.31               7268961.00          0                   0.45                0                   0                   16902.00            -0.893871           -59.029898          F 
130380                          1                   0.0001000           3528                194.75              18.12               32.31               7268961.00          1                   1.05                0.95                0.95                39097.00            0.374453            -67.997697          F 
130280                          1                   0.0001000           3528                194.75              18.12               32.31               7268961.00          0                   0.47                0                   0                   17596.00            -2.428415           -65.038109          F 
130083                          1                   0.0001000           3528                194.75              18.12               32.31               7268961.00          0                   0.30                0                   0                   11303.00            -3.081969           -61.877491          F 
130260                          1                   0.0001000           3528                194.75              18.12               32.31               7268961.00          68                  49.88               1.36                1.37                1861838.00          -2.626021           -60.259483          F 
150530                          1                   0.0001000           3528                194.75              18.12               32.31               7268961.00          0                   1.74                0                   0                   64978.00            0.255032            -57.149736          F 
130130                          1                   0.0001000           3528                194.75              18.12               32.31               7268961.00          0                   0.64                0                   0                   24067.00            -3.289026           -62.972665          F 
130356                          1                   0.0001000           3528                194.75              18.12               32.31               7268961.00          1                   0.72                1.39                1.39                26948.00            -2.529891           -59.638156          F 
130395                          1                   0.0001000           3528                194.75              18.12               32.31               7268961.00          0                   0.30                0                   0                   11241.00            -1.946118           -58.702338          F 
150300                          1                   0.0001000           3528                194.75              18.12               32.31               7268961.00          0                   0.21                0                   0                   7897.00             -1.158833           -57.806300          F 
130185                          1                   0.0001000           3528                194.75              18.12               32.31               7268961.00          1                   1.12                0.89                0.89                41947.00            -3.095148           -60.480667          F 
130250                          1                   0.0001000           3528                194.75              18.12               32.31               7268961.00          1                   2.33                0.43                0.43                86985.00            -3.291606           -60.958222          F 
130160                          1                   0.0001000           3528                194.75              18.12               32.31               7268961.00          0                   0.62                0                   0                   23198.00            -2.492180           -66.358452          F 
130008                          1                   0.0001000           3528                194.75              18.12               32.31               7268961.00          1                   0.29                3.47                3.47                10766.00            -3.502503           -61.716696          F 
130426                          1                   0.0001000           3528                194.75              18.12               32.31               7268961.00          0                   0.33                0                   0                   12139.00            -3.167038           -65.411879          F 
130200                          1                   0.0001000           3528                194.75              18.12               32.31               7268961.00          0                   0.22                0                   0                   8348.00             -2.498704           -58.619577          F 
130300                          1                   0.0001000           3528                194.75              18.12               32.31               7268961.00          0                   0.50                0                   0                   18720.00            -1.680483           -57.656536          F 
130115                          1                   0.0001000           3528                194.75              18.12               32.31               7268961.00          0                   0.67                0                   0                   24937.00            -3.286228           -59.599493          F 
130255                          1                   0.0001000           3528                194.75              18.12               32.31               7268961.00          0                   0.65                0                   0                   24325.00            -3.779354           -60.697327          F 
130002                          1                   0.0001000           3528                194.75              18.12               32.31               7268961.00          4                   0.39                10.38               10.39               14381.00            -3.701122           -65.330652          F 
130400                          1                   0.0001000           3528                194.75              18.12               32.31               7268961.00          0                   0.23                0                   0                   8544.00             -2.822093           -58.536128          F 
130010                          1                   0.0001000           3528                194.75              18.12               32.31               7268961.00          0                   0.46                0                   0                   17072.00            -4.186645           -62.073001          F 
130110                          1                   0.0001000           3528                194.75              18.12               32.31               7268961.00          1                   0.90                1.11                1.11                33517.00            -3.770658           -60.183093          F 
130210                          1                   0.0001000           3528                194.75              18.12               32.31               7268961.00          0                   0.20                0                   0                   7448.00             -1.698117           -68.320288          F 
130190                          1                   0.0001000           3528                194.75              18.12               32.31               7268961.00          0                   2.39                0                   0                   89064.00            -3.174662           -58.777136          F 
130220                          1                   0.0001000           3528                194.75              18.12               32.31               7268961.00          0                   0.31                0                   0                   11439.00            -3.524623           -66.306825          F 
130030                          1                   0.0001000           3528                194.75              18.12               32.31               7268961.00          1                   0.89                1.12                1.12                33312.00            -3.788879           -59.528635          F 
130120                          1                   0.0001000           3528                194.75              18.12               32.31               7268961.00          3                   2.07                1.45                1.45                77305.00            -4.437162           -64.124619          F 
130423                          1                   0.0001000           3528                194.75              18.12               32.31               7268961.00          0                   0.46                0                   0                   17316.00            -2.691643           -67.827923          F 
130440                          1                   0.0001000           3528                194.75              18.12               32.31               7268961.00          0                   0.50                0                   0                   18679.00            -2.812240           -57.770143          F 
130063                          1                   0.0001000           3528                194.75              18.12               32.31               7268961.00          0                   0.43                0                   0                   16158.00            -4.603475           -61.787364          F 
150510                          1                   0.0001000           3528                194.75              18.12               32.31               7268961.00          1                   1.33                0.75                0.75                49763.00            -0.170427           -55.674947          F 
130068                          1                   0.0001000           3528                194.75              18.12               32.31               7268961.00          0                   0.42                0                   0                   15659.00            -3.138082           -57.669942          F 
130420                          1                   0.0001000           3528                194.75              18.12               32.31               7268961.00          1                   1.63                0.61                0.61                61000.00            -4.468383           -65.529278          F 
150797                          1                   0.0001000           3528                194.75              18.12               32.31               7268961.00          1                   0.46                2.16                2.16                17305.00            -1.952134           -56.458364          F 
130310                          1                   0.0001000           3528                194.75              18.12               32.31               7268961.00          0                   0.85                0                   0                   31749.00            -3.988364           -58.601783          F 
130340                          1                   0.0001000           3528                194.75              18.12               32.31               7268961.00          1                   2.78                0.36                0.36                103828.00           -2.688407           -56.854026          F 
130050                          1                   0.0001000           3528                194.75              18.12               32.31               7268961.00          0                   0.75                0                   0                   28077.00            -3.129157           -57.172390          F 
150040                          1                   0.0001000           3528                194.75              18.12               32.31               7268961.00          1                   1.43                0.70                0.70                53369.00            -0.536230           -55.069883          F 
130006                          1                   0.0001000           3528                194.75              18.12               32.31               7268961.00          0                   0.26                0                   0                   9794.00             -3.418321           -68.287308          F 
130080                          1                   0.0001000           3528                194.75              18.12               32.31               7268961.00          1                   0.96                1.04                1.04                35919.00            -4.957034           -59.534428          F 
150390                          1                   0.0001000           3528                194.75              18.12               32.31               7268961.00          1                   1.33                0.75                0.75                49486.00            -2.622585           -56.221232          F 
130370                          1                   0.0001000           3528                194.75              18.12               32.31               7268961.00          2                   0.67                3.00                3.00                24890.00            -3.051175           -69.087897          F 
150285                          1                   0.0001000           3528                194.75              18.12               32.31               7268961.00          0                   0.34                0                   0                   12712.00            -1.845743           -55.113264          F 
150050                          1                   0.0001000           3528                194.75              18.12               32.31               7268961.00          132                 0.90                146.79              149.31              33563.00            0.284350            -53.893460          F 
130290                          1                   0.0001000           3528                194.75              18.12               32.31               7268961.00          273                 1.45                188.42              195.23              54079.00            -4.984990           -58.060916          F 
150480                          1                   0.0001000           3528                194.75              18.12               32.31               7268961.00          2                   1.50                1.34                1.34                55804.00            -1.119762           -54.365806          F 
130100                          1                   0.0001000           3528                194.75              18.12               32.31               7268961.00          0                   0.70                0                   0                   26130.00            -5.118832           -67.337382          F 
130410                          1                   0.0001000           3528                194.75              18.12               32.31               7268961.00          1                   0.48                2.08                2.08                17903.00            -6.104509           -64.893865          F 
150100                          1                   0.0001000           3528                194.75              18.12               32.31               7268961.00          1                   0.43                2.35                2.35                15899.00            -3.667209           -56.016450          F 
130230                          1                   0.0001000           3528                194.75              18.12               32.31               7268961.00          1                   0.49                2.04                2.04                18293.00            -4.713108           -68.403854          F 
130270                          1                   0.0001000           3528                194.75              18.12               32.31               7268961.00          16                  1.30                12.35               12.37               48373.00            -6.459804           -61.446481          F 
150680                          1                   0.0001000           3528                194.75              18.12               32.31               7268961.00          7                   8.02                0.87                0.87                299419.00           -2.764647           -55.093854          F 
160027                          1                   0.0001000           3528                194.75              18.12               32.31               7268961.00          19                  1.12                17.02               17.06               41668.00            1.096940            -53.306000          F 
130406                          1                   0.0001000           3528                194.75              18.12               32.31               7268961.00          2                   1.46                1.37                1.37                54440.00            -4.027765           -69.681346          F 
150145                          1                   0.0001000           3528                194.75              18.12               32.31               7268961.00          0                   0.44                0                   0                   16579.00            -3.191161           -54.992826          F 
130390                          1                   0.0001000           3528                194.75              18.12               32.31               7268961.00          0                   0.88                0                   0                   32677.00            -4.497836           -69.450565          F 
130330                          1                   0.0001000           3528                194.75              18.12               32.31               7268961.00          6                   0.59                10.13               10.14               22106.00            -6.825051           -60.477192          F 
160015                          1                   0.0001000           3528                194.75              18.12               32.31               7268961.00          1                   0.32                3.16                3.16                11794.00            1.157828            -52.523712          F 
130170                          1                   0.0001000           3528                194.75              18.12               32.31               7268961.00          125                 1.23                101.53              103.17              45954.00            -7.362897           -62.485394          F 
150600                          1                   0.0001000           3528                194.75              18.12               32.31               7268961.00          1                   0.79                1.27                1.27                29325.00            -2.120276           -53.660235          F 
150619                          1                   0.0001000           3528                194.75              18.12               32.31               7268961.00          2                   1.14                1.76                1.76                42417.00            -4.241022           -55.210827          F 
130090                          1                   0.0001000           3528                194.75              18.12               32.31               7268961.00          517                 0.37                1379.72             1477.82             13986.00            -7.403346           -64.096665          F 
160005                          1                   0.0001000           3528                194.75              18.12               32.31               7268961.00          1                   0.12                8.21                8.21                4545.00             1.649528            -52.270468          F 
150805                          1                   0.0001000           3528                194.75              18.12               32.31               7268961.00          1                   0.46                2.16                2.16                17303.00            -5.130084           -56.003417          F 
150565                          1                   0.0001000           3528                194.75              18.12               32.31               7268961.00          0                   0.68                0                   0                   25526.00            -3.889977           -54.500599          F 
160050                          1                   0.0001000           3528                194.75              18.12               32.31               7268961.00          18                  0.58                31.02               31.09               21661.00            3.088524            -51.904801          F 
150360                          1                   0.0001000           3528                194.75              18.12               32.31               7268961.00          476                 2.62                181.46              193.22              97908.00            -5.871333           -56.496545          F 
130195                          1                   0.0001000           3528                194.75              18.12               32.31               7268961.00          0                   0.21                0                   0                   7983.00             -6.682874           -68.114036          F 
150815                          1                   0.0001000           3528                194.75              18.12               32.31               7268961.00          1                   1.20                0.83                0.83                44727.00            -3.583648           -53.807296          F 
160040                          1                   0.0001000           3528                194.75              18.12               32.31               7268961.00          2                   0.48                4.20                4.20                17794.00            -0.0730322          -51.943908          F 
130014                          1                   0.0001000           3528                194.75              18.12               32.31               7268961.00          22                  0.50                44.07               44.19               18633.00            -7.759871           -59.431439          F 
130060                          1                   0.0001000           3528                194.75              18.12               32.31               7268961.00          0                   0.94                0                   0                   34950.00            -5.429327           -70.278296          F 
160053                          1                   0.0001000           3528                194.75              18.12               32.31               7268961.00          5                   0.47                10.56               10.56               17680.00            0.587711            -51.673569          F 
160020                          1                   0.0001000           3528                194.75              18.12               32.31               7268961.00          5                   0.25                19.97               19.99               9343.00             2.430849            -51.404322          F 
150445                          1                   0.0001000           3528                194.75              18.12               32.31               7268961.00          0                   0.76                0                   0                   28227.00            -3.160218           -53.194916          F 
160080                          1                   0.0001000           3528                194.75              18.12               32.31               7268961.00          0                   0.35                0                   0                   13013.00            -0.997903           -52.061167          F 
150590                          1                   0.0001000           3528                194.75              18.12               32.31               7268961.00          3                   0.95                3.15                3.15                35529.00            -2.184494           -52.547960          F 
160023                          1                   0.0001000           3528                194.75              18.12               32.31               7268961.00          1                   0.16                6.08                6.08                6141.00             0.958713            -51.419182          F 
160055                          1                   0.0001000           3528                194.75              18.12               32.31               7268961.00          0                   0.11                0                   0                   4021.00             1.625299            -51.277065          F 
160060                          1                   0.0001000           3528                194.75              18.12               32.31               7268961.00          6                   2.80                2.14                2.15                104407.00           0.128476            -51.379449          F 
150375                          1                   0.0001000           3528                194.75              18.12               32.31               7268961.00          94                  1.11                84.57               85.59               41487.00            -7.445178           -57.302829          F 
130240                          1                   0.0001000           3528                194.75              18.12               32.31               7268961.00          68                  1.05                65.04               65.61               39022.00            -8.375880           -65.812244          F 
160070                          1                   0.0001000           3528                194.75              18.12               32.31               7268961.00          0                   0.36                0                   0                   13385.00            1.294034            -50.985687          F 
150172                          1                   0.0001000           3528                194.75              18.12               32.31               7268961.00          0                   0.048               0                   0                   1796.00             -3.292151           -52.685423          F 
150310                          1                   0.0001000           3528                194.75              18.12               32.31               7268961.00          4                   0.80                4.98                4.98                29963.00            -1.151921           -51.555276          F 
110080                          1                   0.0001000           3528                194.75              18.12               32.31               7268961.00          13                  0.56                23.34               23.38               20787.00            -8.887011           -63.325581          F 
130350                          1                   0.0001000           3528                194.75              18.12               32.31               7268961.00          7                   0.49                14.25               14.27               18329.00            -7.757795           -68.197229          F 
160010                          1                   0.0001000           3528                194.75              18.12               32.31               7268961.00          3                   0.22                13.63               13.64               8213.00             1.764026            -50.581371          F 
110094                          1                   0.0001000           3528                194.75              18.12               32.31               7268961.00          2                   0.46                4.32                4.33                17262.00            -9.170974           -62.565037          F 
110110                          1                   0.0001000           3528                194.75              18.12               32.31               7268961.00          1                   0.24                4.23                4.23                8830.00             -9.170195           -63.044988          F 
110013                          1                   0.0001000           3528                194.75              18.12               32.31               7268961.00          71                  0.87                81.78               82.53               32403.00            -9.204070           -62.010294          F 
160030                          1                   0.0001000           3528                194.75              18.12               32.31               7268961.00          57                  11.13               5.12                5.15                415554.00           0.554818            -50.700863          F 
110020                          1                   0.0001000           3528                194.75              18.12               32.31               7268961.00          548                 11.86               46.20               49.63               442701.00           -9.153039           -64.305489          F 
160025                          1                   0.0001000           3528                194.75              18.12               32.31               7268961.00          0                   0.12                0                   0                   4473.00             0.532233            -50.651554          F 
160021                          1                   0.0001000           3528                194.75              18.12               32.31               7268961.00          0                   0.13                0                   0                   4910.00             1.030315            -50.483699          F 
150835                          1                   0.0001000           3528                194.75              18.12               32.31               7268961.00          0                   0.37                0                   0                   13777.00            -3.141047           -51.973342          F 
150030                          1                   0.0001000           3528                194.75              18.12               32.31               7268961.00          110                 0.96                114.43              116.06              35879.00            -0.263841           -50.727746          F 
130140                          1                   0.0001000           3528                194.75              18.12               32.31               7268961.00          4                   0.84                4.76                4.76                31364.00            -7.022778           -70.222033          F 
150450                          1                   0.0001000           3528                194.75              18.12               32.31               7268961.00          1                   0.68                1.47                1.47                25374.00            -1.607856           -51.104066          F 
130020                          1                   0.0001000           3528                194.75              18.12               32.31               7268961.00          9                   0.43                21.10               21.12               15924.00            -5.711940           -71.742673          F 
510325                          1                   0.0001000           3528                194.75              18.12               32.31               7268961.00          236                 0.77                305.75              315.28              28810.00            -9.292283           -60.305531          F 
110026                          1                   0.0001000           3528                194.75              18.12               32.31               7268961.00          1                   0.090               11.06               11.06               3374.00             -9.645106           -62.790311          F 
110040                          1                   0.0001000           3528                194.75              18.12               32.31               7268961.00          0                   0.48                0                   0                   17742.00            -9.649274           -63.394283          F 
510080                          1                   0.0001000           3528                194.75              18.12               32.31               7268961.00          0                   0.24                0                   0                   8855.00             -8.753341           -57.827599          F 
150180                          1                   0.0001000           3528                194.75              18.12               32.31               7268961.00          73                  2.54                28.75               29.01               94779.00            -1.121333           -50.628584          F 
110175                          1                   0.0001000           3528                194.75              18.12               32.31               7268961.00          0                   0.26                0                   0                   9633.00             -9.732685           -61.939355          F 
130150                          1                   0.0001000           3528                194.75              18.12               32.31               7268961.00          4                   0.45                8.82                8.83                16923.00            -7.573750           -70.054927          F 
130070                          1                   0.0001000           3528                194.75              18.12               32.31               7268961.00          28                  0.84                33.53               33.64               31171.00            -8.772979           -68.047540          F 
110002                          1                   0.0001000           3528                194.75              18.12               32.31               7268961.00          31                  2.48                12.48               12.52               92747.00            -9.951979           -62.957373          F 
150060                          1                   0.0001000           3528                194.75              18.12               32.31               7268961.00          48                  2.74                17.51               17.61               102343.00           -6.486303           -53.886671          F 
150580                          1                   0.0001000           3528                194.75              18.12               32.31               7268961.00          4                   1.45                2.75                2.75                54306.00            -2.565541           -50.955536          F 
150780                          1                   0.0001000           3528                194.75              18.12               32.31               7268961.00          0                   0.34                0                   0                   12641.00            -4.171559           -51.773388          F 
110045                          1                   0.0001000           3528                194.75              18.12               32.31               7268961.00          4                   0.89                4.47                4.47                33397.00            -10.052159          -63.941154          F 
110160                          1                   0.0001000           3528                194.75              18.12               32.31               7268961.00          0                   0.28                0                   0                   10575.00            -10.121814          -62.342289          F 
150503                          1                   0.0001000           3528                194.75              18.12               32.31               7268961.00          104                 0.67                154.34              156.41              25151.00            -8.062463           -55.612052          F 
510337                          1                   0.0001000           3528                194.75              18.12               32.31               7268961.00          0                   0.43                0                   0                   15912.00            -9.536841           -58.677801          F 
150250                          1                   0.0001000           3528                194.75              18.12               32.31               7268961.00          8                   0.58                13.85               13.86               21557.00            -0.0296229          -49.829440          F 
110140                          1                   0.0001000           3528                194.75              18.12               32.31               7268961.00          0                   0.38                0                   0                   14313.00            -10.210793          -63.372281          F 
150070                          1                   0.0001000           3528                194.75              18.12               32.31               7268961.00          76                  0.69                110.24              111.32              25731.00            -0.827103           -49.962044          F 
110060                          1                   0.0001000           3528                194.75              18.12               32.31               7268961.00          0                   0.16                0                   0                   5791.00             -10.331685          -62.987180          F 
130180                          1                   0.0001000           3528                194.75              18.12               32.31               7268961.00          56                  0.63                89.09               89.73               23460.00            -7.181162           -71.415929          F 
150085                          1                   0.0001000           3528                194.75              18.12               32.31               7268961.00          4                   0.60                6.72                6.72                22225.00            -3.997294           -51.301209          F 
110180                          1                   0.0001000           3528                194.75              18.12               32.31               7268961.00          0                   0.21                0                   0                   7961.00             -10.384134          -62.093876          F 
110012                          1                   0.0001000           3528                194.75              18.12               32.31               7268961.00          12                  3.16                3.79                3.80                118092.00           -10.462197          -61.757091          F 
510140                          1                   0.0001000           3528                194.75              18.12               32.31               7268961.00          15                  0.52                28.94               29.00               19344.00            -10.187963          -59.839297          F 
150280                          1                   0.0001000           3528                194.75              18.12               32.31               7268961.00          0                   0.80                0                   0                   29838.00            -1.583580           -49.988115          F 
110033                          1                   0.0001000           3528                194.75              18.12               32.31               7268961.00          3                   0.64                4.72                4.72                23719.00            -10.382239          -64.629270          F 
110070                          1                   0.0001000           3528                194.75              18.12               32.31               7268961.00          1                   0.34                2.91                2.91                12847.00            -10.485091          -63.799446          F 
120080                          1                   0.0001000           3528                194.75              18.12               32.31               7268961.00          1                   0.42                2.40                2.40                15534.00            -9.629475           -67.701064          F 
510757                          1                   0.0001000           3528                194.75              18.12               32.31               7268961.00          35                  0.098               355.86              357.46              3671.00             -10.463060          -61.010088          F 
510615                          1                   0.0001000           3528                194.75              18.12               32.31               7268961.00          0                   0.33                0                   0                   12352.00            -9.768714           -58.076318          F 
120001                          1                   0.0001000           3528                194.75              18.12               32.31               7268961.00          10                  0.35                28.69               28.72               13011.00            -9.934392           -66.948427          F 
150495                          2                   0.0001000           74                  19.59               3.78                3.80                739370.00           1                   0.54                1.85                1.85                20350.00            -2.392513           -46.899644          F 
150307                          2                   0.0001000           74                  19.59               3.78                3.80                739370.00           0                   0.67                0                   0                   25157.00            -2.168291           -47.075261          F 
150230                          2                   0.0001000           74                  19.59               3.78                3.80                739370.00           0                   1.38                0                   0                   52214.00            -2.043740           -47.234217          F 
150195                          2                   0.0001000           74                  19.59               3.78                3.80                739370.00           7                   0.75                9.38                9.39                28153.00            -1.991029           -46.439673          F 
150405                          2                   0.0001000           74                  19.59               3.78                3.80                739370.00           0                   0.75                0                   0                   28290.00            -1.990967           -47.512595          F 
150655                          2                   0.0001000           74                  19.59               3.78                3.80                739370.00           1                   0.51                1.94                1.94                19428.00            -1.657453           -46.927109          F 
150350                          2                   0.0001000           74                  19.59               3.78                3.80                739370.00           0                   0.83                0                   0                   31492.00            -1.812345           -47.399582          F 
210315                          2                   0.0001000           74                  19.59               3.78                3.80                739370.00           0                   0.32                0                   0                   11979.00            -2.367505           -46.128105          F 
210317                          2                   0.0001000           74                  19.59               3.78                3.80                739370.00           14                  0.53                26.48               26.53               19947.00            -3.086137           -46.538028          F 
150095                          2                   0.0001000           74                  19.59               3.78                3.80                739370.00           10                  0.73                13.68               13.70               27576.00            -2.231219           -47.726444          F 
210637                          2                   0.0001000           74                  19.59               3.78                3.80                739370.00           1                   0.38                2.60                2.60                14524.00            -2.452057           -45.988295          F 
210565                          2                   0.0001000           74                  19.59               3.78                3.80                739370.00           0                   0.10                0                   0                   3792.00             -1.917746           -46.115749          F 
150540                          2                   0.0001000           74                  19.59               3.78                3.80                739370.00           0                   0.44                0                   0                   16601.00            -1.496053           -47.139522          F 
210197                          2                   0.0001000           74                  19.59               3.78                3.80                739370.00           0                   0.22                0                   0                   8375.00             -1.762813           -46.178716          F 
150830                          2                   0.0001000           74                  19.59               3.78                3.80                739370.00           14                  1.53                9.18                9.19                57566.00            -1.532521           -46.455573          F 
210632                          2                   0.0001000           74                  19.59               3.78                3.80                739370.00           0                   0.53                0                   0                   19887.00            -1.982063           -45.992607          F 
150720                          2                   0.0001000           74                  19.59               3.78                3.80                739370.00           0                   0.80                0                   0                   30215.00            -1.883708           -47.771736          F 
210735                          2                   0.0001000           74                  19.59               3.78                3.80                739370.00           0                   0.52                0                   0                   19659.00            -2.896221           -45.955324          F 
150550                          2                   0.0001000           74                  19.59               3.78                3.80                739370.00           11                  2.68                4.11                4.11                101046.00           -3.203446           -47.603092          F 
150160                          2                   0.0001000           74                  19.59               3.78                3.80                739370.00           1                   0.38                2.66                2.66                14207.00            -1.387175           -47.302176          F 
150760                          2                   0.0001000           74                  19.59               3.78                3.80                739370.00           1                   1.41                0.71                0.71                53108.00            -1.552591           -47.611298          F 
150345                          2                   0.0001000           74                  19.59               3.78                3.80                739370.00           6                   1.37                4.39                4.39                51569.00            -2.805973           -47.921740          F 
211003                          2                   0.0001000           74                  19.59               3.78                3.80                739370.00           0                   0.61                0                   0                   23035.00            -2.539736           -45.792268          F 
210923                          2                   0.0001000           74                  19.59               3.78                3.80                739370.00           0                   0.17                0                   0                   6564.00             -2.318820           -45.773469          F 
210467                          2                   0.0001000           74                  19.59               3.78                3.80                739370.00           0                   0.67                0                   0                   25323.00            -2.061555           -45.818133          F 
150275                          2                   0.0001000           74                  19.59               3.78                3.80                739370.00           7                   0.78                9.01                9.02                29313.00            -1.883885           -47.974776          F 
