130360                          1                   0.0001000           8279                403.27              20.53               37.75               6245702.00          0                   0.49                0                   0                   7617.00             -0.318566           -65.522058          F 
130040                          1                   0.0001000           8279                403.27              20.53               37.75               6245702.00          6                   2.08                2.89                2.89                32169.00            -0.465180           -63.434588          F 
130280                          1                   0.0001000           8279                403.27              20.53               37.75               6245702.00          1                   1.31                0.76                0.76                20254.00            -2.428415           -65.038109          F 
130160                          1                   0.0001000           8279                403.27              20.53               37.75               6245702.00          0                   2.43                0                   0                   37595.00            -2.492180           -66.358452          F 
130380                          1                   0.0001000           8279                403.27              20.53               37.75               6245702.00          3                   2.20                1.36                1.36                34070.00            0.374453            -67.997697          F 
130426                          1                   0.0001000           8279                403.27              20.53               37.75               6245702.00          1                   0.85                1.17                1.17                13190.00            -3.167038           -65.411879          F 
130210                          1                   0.0001000           8279                403.27              20.53               37.75               6245702.00          0                   0.84                0                   0                   13026.00            -1.698117           -68.320288          F 
130220                          1                   0.0001000           8279                403.27              20.53               37.75               6245702.00          0                   0.49                0                   0                   7516.00             -3.524623           -66.306825          F 
130423                          1                   0.0001000           8279                403.27              20.53               37.75               6245702.00          0                   1.22                0                   0                   18830.00            -2.691643           -67.827923          F 
130002                          1                   0.0001000           8279                403.27              20.53               37.75               6245702.00          2                   0.93                2.16                2.16                14369.00            -3.701122           -65.330652          F 
130130                          1                   0.0001000           8279                403.27              20.53               37.75               6245702.00          0                   1.29                0                   0                   19957.00            -3.289026           -62.972665          F 
140028                          1                   0.0001000           8279                403.27              20.53               37.75               6245702.00          1                   0.39                2.56                2.56                6060.00             2.186649            -62.468913          F 
130420                          1                   0.0001000           8279                403.27              20.53               37.75               6245702.00          3                   4.57                0.66                0.66                70809.00            -4.468383           -65.529278          F 
130006                          1                   0.0001000           8279                403.27              20.53               37.75               6245702.00          3                   0.57                5.24                5.24                8865.00             -3.418321           -68.287308          F 
130320                          1                   0.0001000           8279                403.27              20.53               37.75               6245702.00          5                   0.45                11.06               11.06               7002.00             -2.046996           -61.701836          F 
140020                          1                   0.0001000           8279                403.27              20.53               37.75               6245702.00          67                  1.15                58.47               58.69               17746.00            0.990862            -61.471950          F 
130120                          1                   0.0001000           8279                403.27              20.53               37.75               6245702.00          4                   5.44                0.73                0.73                84309.00            -4.437162           -64.124619          F 
140005                          1                   0.0001000           8279                403.27              20.53               37.75               6245702.00          1                   1.43                0.70                0.70                22102.00            3.078187            -62.755259          F 
130370                          1                   0.0001000           8279                403.27              20.53               37.75               6245702.00          8                   2.25                3.55                3.55                34875.00            -3.051175           -69.087897          F 
140047                          1                   0.0001000           8279                403.27              20.53               37.75               6245702.00          69                  1.59                43.41               43.58               24615.00            0.0378310           -61.010414          F 
140030                          1                   0.0001000           8279                403.27              20.53               37.75               6245702.00          0                   0.75                0                   0                   11649.00            2.510145            -61.983632          F 
130083                          1                   0.0001000           8279                403.27              20.53               37.75               6245702.00          0                   0.65                0                   0                   9996.00             -3.081969           -61.877491          F 
130008                          1                   0.0001000           8279                403.27              20.53               37.75               6245702.00          1                   0.44                2.25                2.25                6889.00             -3.502503           -61.716696          F 
140002                          1                   0.0001000           8279                403.27              20.53               37.75               6245702.00          0                   0.39                0                   0                   6087.00             3.732874            -62.436863          F 
130100                          1                   0.0001000           8279                403.27              20.53               37.75               6245702.00          1                   1.67                0.60                0.60                25918.00            -5.118832           -67.337382          F 
130010                          1                   0.0001000           8279                403.27              20.53               37.75               6245702.00          2                   0.82                2.43                2.43                12731.00            -4.186645           -62.073001          F 
130230                          1                   0.0001000           8279                403.27              20.53               37.75               6245702.00          0                   1.75                0                   0                   27110.00            -4.713108           -68.403854          F 
130250                          1                   0.0001000           8279                403.27              20.53               37.75               6245702.00          6                   5.40                1.11                1.11                83703.00            -3.291606           -60.958222          F 
140060                          1                   0.0001000           8279                403.27              20.53               37.75               6245702.00          4                   0.42                9.55                9.55                6490.00             0.884349            -60.151701          F 
130406                          1                   0.0001000           8279                403.27              20.53               37.75               6245702.00          1                   2.84                0.35                0.35                43974.00            -4.027765           -69.681346          F 
140017                          1                   0.0001000           8279                403.27              20.53               37.75               6245702.00          2                   0.68                2.96                2.96                10482.00            2.272838            -60.542067          F 
130353                          1                   0.0001000           8279                403.27              20.53               37.75               6245702.00          16                  1.53                10.48               10.49               23636.00            -1.372564           -59.988741          F 
130063                          1                   0.0001000           8279                403.27              20.53               37.75               6245702.00          0                   0.85                0                   0                   13220.00            -4.603475           -61.787364          F 
130390                          1                   0.0001000           8279                403.27              20.53               37.75               6245702.00          0                   1.86                0                   0                   28861.00            -4.497836           -69.450565          F 
130260                          1                   0.0001000           8279                403.27              20.53               37.75               6245702.00          249                 106.19              2.34                2.36                1644690.00          -2.626021           -60.259483          F 
130185                          1                   0.0001000           8279                403.27              20.53               37.75               6245702.00          1                   2.61                0.38                0.38                40436.00            -3.095148           -60.480667          F 
140050                          1                   0.0001000           8279                403.27              20.53               37.75               6245702.00          0                   0.35                0                   0                   5432.00             0.635650            -59.844809          F 
130410                          1                   0.0001000           8279                403.27              20.53               37.75               6245702.00          0                   1.14                0                   0                   17693.00            -6.104509           -64.893865          F 
140010                          1                   0.0001000           8279                403.27              20.53               37.75               6245702.00          104                 15.64               6.65                6.68                242179.00           3.117964            -60.717850          F 
130255                          1                   0.0001000           8279                403.27              20.53               37.75               6245702.00          3                   0.90                3.34                3.34                13918.00            -3.779354           -60.697327          F 
140015                          1                   0.0001000           8279                403.27              20.53               37.75               6245702.00          2                   0.82                2.45                2.45                12626.00            2.787148            -60.100125          F 
130356                          1                   0.0001000           8279                403.27              20.53               37.75               6245702.00          7                   1.57                4.46                4.47                24283.00            -2.529891           -59.638156          F 
140023                          1                   0.0001000           8279                403.27              20.53               37.75               6245702.00          3                   0.38                7.92                7.92                5869.00             0.914772            -59.338066          F 
130110                          1                   0.0001000           8279                403.27              20.53               37.75               6245702.00          2                   1.61                1.24                1.24                24972.00            -3.770658           -60.183093          F 
140045                          1                   0.0001000           8279                403.27              20.53               37.75               6245702.00          0                   0.53                0                   0                   8215.00             4.168751            -60.839425          F 
130430                          1                   0.0001000           8279                403.27              20.53               37.75               6245702.00          2                   1.46                1.37                1.37                22639.00            -0.893871           -59.029898          F 
130115                          1                   0.0001000           8279                403.27              20.53               37.75               6245702.00          1                   1.08                0.93                0.93                16725.00            -3.286228           -59.599493          F 
130195                          1                   0.0001000           8279                403.27              20.53               37.75               6245702.00          0                   0.52                0                   0                   7995.00             -6.682874           -68.114036          F 
140040                          1                   0.0001000           8279                403.27              20.53               37.75               6245702.00          0                   0.34                0                   0                   5335.00             3.878942            -60.064912          F 
130030                          1                   0.0001000           8279                403.27              20.53               37.75               6245702.00          0                   1.85                0                   0                   28729.00            -3.788879           -59.528635          F 
130060                          1                   0.0001000           8279                403.27              20.53               37.75               6245702.00          0                   1.69                0                   0                   26191.00            -5.429327           -70.278296          F 
130395                          1                   0.0001000           8279                403.27              20.53               37.75               6245702.00          1                   0.56                1.77                1.77                8748.00             -1.946118           -58.702338          F 
130090                          1                   0.0001000           8279                403.27              20.53               37.75               6245702.00          1577                0.64                2472.06             2714.27             9880.00             -7.403346           -64.096665          F 
130200                          1                   0.0001000           8279                403.27              20.53               37.75               6245702.00          1                   0.56                1.80                1.80                8625.00             -2.498704           -58.619577          F 
140070                          1                   0.0001000           8279                403.27              20.53               37.75               6245702.00          1                   0.42                2.41                2.41                6430.00             4.683843            -60.280731          F 
130190                          1                   0.0001000           8279                403.27              20.53               37.75               6245702.00          3                   5.18                0.58                0.58                80190.00            -3.174662           -58.777136          F 
130270                          1                   0.0001000           8279                403.27              20.53               37.75               6245702.00          78                  2.46                31.67               31.80               38148.00            -6.459804           -61.446481          F 
130400                          1                   0.0001000           8279                403.27              20.53               37.75               6245702.00          1                   0.58                1.71                1.71                9046.00             -2.822093           -58.536128          F 
130080                          1                   0.0001000           8279                403.27              20.53               37.75               6245702.00          3                   2.29                1.31                1.31                35525.00            -4.957034           -59.534428          F 
130170                          1                   0.0001000           8279                403.27              20.53               37.75               6245702.00          301                 1.88                159.85              162.60              29164.00            -7.362897           -62.485394          F 
150300                          1                   0.0001000           8279                403.27              20.53               37.75               6245702.00          25                  0.92                27.11               27.15               14280.00            -1.158833           -57.806300          F 
130310                          1                   0.0001000           8279                403.27              20.53               37.75               6245702.00          1                   1.95                0.51                0.51                30252.00            -3.988364           -58.601783          F 
130350                          1                   0.0001000           8279                403.27              20.53               37.75               6245702.00          0                   1.11                0                   0                   17125.00            -7.757795           -68.197229          F 
130300                          1                   0.0001000           8279                403.27              20.53               37.75               6245702.00          37                  1.07                34.46               34.53               16630.00            -1.680483           -57.656536          F 
130240                          1                   0.0001000           8279                403.27              20.53               37.75               6245702.00          653                 1.71                382.00              396.62              26475.00            -8.375880           -65.812244          F 
130440                          1                   0.0001000           8279                403.27              20.53               37.75               6245702.00          0                   0.58                0                   0                   8988.00             -2.812240           -57.770143          F 
130140                          1                   0.0001000           8279                403.27              20.53               37.75               6245702.00          3                   1.90                1.58                1.58                29492.00            -7.022778           -70.222033          F 
130020                          1                   0.0001000           8279                403.27              20.53               37.75               6245702.00          0                   0.73                0                   0                   11294.00            -5.711940           -71.742673          F 
130330                          1                   0.0001000           8279                403.27              20.53               37.75               6245702.00          6                   1.32                4.55                4.55                20441.00            -6.825051           -60.477192          F 
130068                          1                   0.0001000           8279                403.27              20.53               37.75               6245702.00          1                   0.79                1.26                1.26                12286.00            -3.138082           -57.669942          F 
150530                          1                   0.0001000           8279                403.27              20.53               37.75               6245702.00          5                   3.43                1.46                1.46                53135.00            0.255032            -57.149736          F 
130150                          1                   0.0001000           8279                403.27              20.53               37.75               6245702.00          0                   0.87                0                   0                   13548.00            -7.573750           -70.054927          F 
130290                          1                   0.0001000           8279                403.27              20.53               37.75               6245702.00          141                 2.96                47.67               48.04               45813.00            -4.984990           -58.060916          F 
130050                          1                   0.0001000           8279                403.27              20.53               37.75               6245702.00          0                   1.70                0                   0                   26373.00            -3.129157           -57.172390          F 
130070                          1                   0.0001000           8279                403.27              20.53               37.75               6245702.00          309                 1.82                169.34              172.34              28261.00            -8.772979           -68.047540          F 
110080                          1                   0.0001000           8279                403.27              20.53               37.75               6245702.00          12                  1.08                11.13               11.14               16700.00            -8.887011           -63.325581          F 
110020                          1                   0.0001000           8279                403.27              20.53               37.75               6245702.00          673                 24.14               27.88               28.94               373917.00           -9.153039           -64.305489          F 
130340                          1                   0.0001000           8279                403.27              20.53               37.75               6245702.00          4                   7.05                0.57                0.57                109150.00           -2.688407           -56.854026          F 
130180                          1                   0.0001000           8279                403.27              20.53               37.75               6245702.00          108                 1.11                96.92               97.51               17258.00            -7.181162           -71.415929          F 
110110                          1                   0.0001000           8279                403.27              20.53               37.75               6245702.00          4                   0.54                7.36                7.37                8413.00             -9.170195           -63.044988          F 
150797                          1                   0.0001000           8279                403.27              20.53               37.75               6245702.00          1                   1.10                0.91                0.91                16968.00            -1.952134           -56.458364          F 
110094                          1                   0.0001000           8279                403.27              20.53               37.75               6245702.00          10                  0.57                17.55               17.56               8827.00             -9.170974           -62.565037          F 
110013                          1                   0.0001000           8279                403.27              20.53               37.75               6245702.00          79                  1.85                42.71               42.89               28649.00            -9.204070           -62.010294          F 
120080                          1                   0.0001000           8279                403.27              20.53               37.75               6245702.00          2                   0.78                2.56                2.56                12085.00            -9.629475           -67.701064          F 
110040                          1                   0.0001000           8279                403.27              20.53               37.75               6245702.00          12                  1.03                11.62               11.63               15993.00            -9.649274           -63.394283          F 
150390                          1                   0.0001000           8279                403.27              20.53               37.75               6245702.00          1                   2.34                0.43                0.43                36170.00            -2.622585           -56.221232          F 
130014                          1                   0.0001000           8279                403.27              20.53               37.75               6245702.00          95                  1.21                78.30               78.72               18790.00            -7.759871           -59.431439          F 
120013                          1                   0.0001000           8279                403.27              20.53               37.75               6245702.00          0                   0.54                0                   0                   8423.00             -9.613848           -68.175429          F 
110026                          1                   0.0001000           8279                403.27              20.53               37.75               6245702.00          2                   0.23                8.85                8.85                3501.00             -9.645106           -62.790311          F 
120001                          1                   0.0001000           8279                403.27              20.53               37.75               6245702.00          87                  0.74                117.67              118.25              11451.00            -9.934392           -66.948427          F 
150510                          1                   0.0001000           8279                403.27              20.53               37.75               6245702.00          0                   3.17                0                   0                   49111.00            -0.170427           -55.674947          F 
110045                          1                   0.0001000           8279                403.27              20.53               37.75               6245702.00          65                  2.59                25.09               25.18               40120.00            -10.052159          -63.941154          F 
120045                          1                   0.0001000           8279                403.27              20.53               37.75               6245702.00          0                   1.32                0                   0                   20505.00            -9.996928           -67.427266          F 
120060                          1                   0.0001000           8279                403.27              20.53               37.75               6245702.00          3                   1.96                1.53                1.53                30335.00            -8.238234           -71.446466          F 
110002                          1                   0.0001000           8279                403.27              20.53               37.75               6245702.00          98                  5.49                17.85               17.94               85031.00            -9.951979           -62.957373          F 
120034                          1                   0.0001000           8279                403.27              20.53               37.75               6245702.00          0                   0.49                0                   0                   7636.00             -9.380351           -69.854989          F 
130165                          1                   0.0001000           8279                403.27              20.53               37.75               6245702.00          999                 0.78                1282.29             1359.09             12066.00            -7.229841           -72.844424          F 
120030                          1                   0.0001000           8279                403.27              20.53               37.75               6245702.00          0                   2.47                0                   0                   38241.00            -8.926430           -70.747840          F 
110175                          1                   0.0001000           8279                403.27              20.53               37.75               6245702.00          1                   0.68                1.48                1.48                10471.00            -9.732685           -61.939355          F 
150100                          1                   0.0001000           8279                403.27              20.53               37.75               6245702.00          0                   1.19                0                   0                   18426.00            -3.667209           -56.016450          F 
120038                          1                   0.0001000           8279                403.27              20.53               37.75               6245702.00          0                   1.08                0                   0                   16691.00            -10.248624          -67.339671          F 
110033                          1                   0.0001000           8279                403.27              20.53               37.75               6245702.00          6                   1.26                4.77                4.77                19496.00            -10.382239          -64.629270          F 
110140                          1                   0.0001000           8279                403.27              20.53               37.75               6245702.00          1                   1.05                0.95                0.95                16233.00            -10.210793          -63.372281          F 
120040                          1                   0.0001000           8279                403.27              20.53               37.75               6245702.00          79                  19.74               4.00                4.02                305731.00           -10.066358          -68.371440          F 
120050                          1                   0.0001000           8279                403.27              20.53               37.75               6245702.00          1                   2.13                0.47                0.47                32989.00            -9.771845           -69.382700          F 
110160                          1                   0.0001000           8279                403.27              20.53               37.75               6245702.00          1                   0.89                1.12                1.12                13840.00            -10.121814          -62.342289          F 
120043                          1                   0.0001000           8279                403.27              20.53               37.75               6245702.00          0                   0.22                0                   0                   3395.00             -9.412364           -70.398018          F 
110070                          1                   0.0001000           8279                403.27              20.53               37.75               6245702.00          11                  1.13                9.72                9.72                17529.00            -10.485091          -63.799446          F 
110060                          1                   0.0001000           8279                403.27              20.53               37.75               6245702.00          1                   0.35                2.84                2.84                5450.00             -10.331685          -62.987180          F 
510325                          1                   0.0001000           8279                403.27              20.53               37.75               6245702.00          625                 0.88                713.74              739.88              13562.00            -9.292283           -60.305531          F 
120017                          1                   0.0001000           8279                403.27              20.53               37.75               6245702.00          0                   0.46                0                   0                   7067.00             -10.474157          -67.835782          F 
150040                          1                   0.0001000           8279                403.27              20.53               37.75               6245702.00          13                  2.58                5.03                5.03                40015.00            -0.536230           -55.069883          F 
150285                          1                   0.0001000           8279                403.27              20.53               37.75               6245702.00          0                   0.64                0                   0                   9835.00             -1.845743           -55.113264          F 
120020                          1                   0.0001000           8279                403.27              20.53               37.75               6245702.00          148                 5.45                27.18               27.40               84335.00            -7.974126           -72.761548          F 
150360                          1                   0.0001000           8279                403.27              20.53               37.75               6245702.00          216                 6.21                34.76               35.18               96246.00            -5.871333           -56.496545          F 
110180                          1                   0.0001000           8279                403.27              20.53               37.75               6245702.00          1                   0.67                1.50                1.50                10354.00            -10.384134          -62.093876          F 
150805                          1                   0.0001000           8279                403.27              20.53               37.75               6245702.00          3                   1.12                2.68                2.69                17305.00            -5.130084           -56.003417          F 
120033                          1                   0.0001000           8279                403.27              20.53               37.75               6245702.00          9                   0.82                10.94               10.94               12747.00            -7.503753           -73.439585          F 
120070                          1                   0.0001000           8279                403.27              20.53               37.75               6245702.00          0                   0.88                0                   0                   13693.00            -10.575880          -68.505122          F 
110011                          1                   0.0001000           8279                403.27              20.53               37.75               6245702.00          9                   3.61                2.50                2.50                55840.00            -10.592446          -62.584788          F 
110100                          1                   0.0001000           8279                403.27              20.53               37.75               6245702.00          1                   1.16                0.86                0.86                18002.00            -10.748055          -63.183884          F 
150680                          1                   0.0001000           8279                403.27              20.53               37.75               6245702.00          14                  17.69               0.79                0.79                274012.00           -2.764647           -55.093854          F 
120042                          1                   0.0001000           8279                403.27              20.53               37.75               6245702.00          16                  0.63                25.30               25.32               9796.00             -7.841819           -73.222514          F 
110012                          1                   0.0001000           8279                403.27              20.53               37.75               6245702.00          17                  7.26                2.34                2.34                112439.00           -10.462197          -61.757091          F 
110015                          1                   0.0001000           8279                403.27              20.53               37.75               6245702.00          7                   2.63                2.66                2.66                40757.00            -10.610539          -62.172424          F 
150375                          1                   0.0001000           8279                403.27              20.53               37.75               6245702.00          45                  2.13                21.08               21.13               33059.00            -7.445178           -57.302829          F 
120039                          1                   0.0001000           8279                403.27              20.53               37.75               6245702.00          3                   0.32                9.36                9.37                4962.00             -8.489533           -72.721389          F 
150145                          1                   0.0001000           8279                403.27              20.53               37.75               6245702.00          0                   1.11                0                   0                   17192.00            -3.191161           -54.992826          F 
120032                          1                   0.0001000           8279                403.27              20.53               37.75               6245702.00          0                   0.30                0                   0                   4633.00             -9.243211           -71.907488          F 
110143                          1                   0.0001000           8279                403.27              20.53               37.75               6245702.00          0                   0.60                0                   0                   9329.00             -10.889526          -62.532438          F 
120025                          1                   0.0001000           8279                403.27              20.53               37.75               6245702.00          0                   0.89                0                   0                   13782.00            -10.889162          -68.618498          F 
150619                          1                   0.0001000           8279                403.27              20.53               37.75               6245702.00          0                   1.80                0                   0                   27913.00            -4.241022           -55.210827          F 
110010                          1                   0.0001000           8279                403.27              20.53               37.75               6245702.00          12                  2.68                4.48                4.48                41467.00            -11.305773          -64.537463          F 
120010                          1                   0.0001000           8279                403.27              20.53               37.75               6245702.00          1                   1.14                0.87                0.87                17721.00            -10.747736          -69.207484          F 
110130                          1                   0.0001000           8279                403.27              20.53               37.75               6245702.00          1                   0.90                1.11                1.11                14000.00            -11.076985          -62.848279          F 
510757                          1                   0.0001000           8279                403.27              20.53               37.75               6245702.00          514                 0.27                1910.86             1968.09             4166.00             -10.463060          -61.010088          F 
110155                          1                   0.0001000           8279                403.27              20.53               37.75               6245702.00          0                   0.38                0                   0                   5852.00             -10.943464          -62.279708          F 
150480                          1                   0.0001000           8279                403.27              20.53               37.75               6245702.00          2                   4.38                0.46                0.46                67811.00            -1.119762           -54.365806          F 
110170                          1                   0.0001000           8279                403.27              20.53               37.75               6245702.00          0                   1.12                0                   0                   17322.00            -11.103908          -62.424021          F 
120035                          1                   0.0001000           8279                403.27              20.53               37.75               6245702.00          0                   0.55                0                   0                   8455.00             -9.099817           -72.558104          F 
120005                          1                   0.0001000           8279                403.27              20.53               37.75               6245702.00          0                   0.33                0                   0                   5063.00             -10.779491          -70.006358          F 
510140                          1                   0.0001000           8279                403.27              20.53               37.75               6245702.00          77                  1.20                64.22               64.50               18569.00            -10.187963          -59.839297          F 
110034                          1                   0.0001000           8279                403.27              20.53               37.75               6245702.00          1                   1.26                0.79                0.79                19586.00            -11.311455          -62.544783          F 
510080                          1                   0.0001000           8279                403.27              20.53               37.75               6245702.00          0                   0.41                0                   0                   6379.00             -8.753341           -57.827599          F 
110025                          1                   0.0001000           8279                403.27              20.53               37.75               6245702.00          1                   1.64                0.61                0.61                25473.00            -11.166190          -61.877898          F 
510337                          1                   0.0001000           8279                403.27              20.53               37.75               6245702.00          1                   0.82                1.22                1.22                12696.00            -9.536841           -58.677801          F 
110120                          1                   0.0001000           8279                403.27              20.53               37.75               6245702.00          0                   0.73                0                   0                   11241.00            -11.160345          -61.568926          F 
150565                          1                   0.0001000           8279                403.27              20.53               37.75               6245702.00          0                   0.99                0                   0                   15275.00            -3.889977           -54.500599          F 
110032                          1                   0.0001000           8279                403.27              20.53               37.75               6245702.00          8                   1.94                4.12                4.12                30082.00            -11.628169          -62.941940          F 
150050                          1                   0.0001000           8279                403.27              20.53               37.75               6245702.00          450                 2.21                203.31              208.60              34280.00            0.284350            -53.893460          F 
150195                          2                   0.0001000           154                 1.29                119.57              120.61              19948.00            154                 1.29                119.57              120.61              19948.00            -1.991029           -46.439673          F 
150670                          3                   0.0001000           178                 3.70                48.07               48.55               58304.00            158                 2.59                60.97               61.51               40800.00            -9.364016           -50.611231          F 
170390                          3                   0.0001000           178                 3.70                48.07               48.55               58304.00            1                   0.27                3.74                3.74                4214.00             -9.400390           -49.848105          F 
150658                          3                   0.0001000           178                 3.70                48.07               48.55               58304.00            19                  0.84                22.51               22.53               13290.00            -8.633727           -50.314447          F 
150506                          4                   0.0001000           256                 36.63               6.99                7.08                567279.00           54                  3.24                16.68               16.73               50133.00            -4.502833           -50.271560          F 
150370                          4                   0.0001000           256                 36.63               6.99                7.08                567279.00           40                  4.06                9.86                9.88                62856.00            -5.114819           -49.869663          F 
150810                          4                   0.0001000           256                 36.63               6.99                7.08                567279.00           45                  5.52                8.15                8.17                85499.00            -3.855790           -49.820813          F 
150548                          4                   0.0001000           256                 36.63               6.99                7.08                567279.00           34                  1.99                17.08               17.11               30830.00            -3.684058           -50.631545          F 
150380                          4                   0.0001000           256                 36.63               6.99                7.08                567279.00           7                   3.05                2.30                2.30                47176.00            -4.598468           -49.181178          F 
150497                          4                   0.0001000           256                 36.63               6.99                7.08                567279.00           6                   0.90                6.65                6.65                13970.00            -4.980996           -49.230674          F 
150085                          4                   0.0001000           256                 36.63               6.99                7.08                567279.00           7                   0.44                15.76               15.76               6880.00             -3.997294           -51.301209          F 
150420                          4                   0.0001000           256                 36.63               6.99                7.08                567279.00           35                  12.64               2.77                2.77                195807.00           -5.629796           -50.017016          F 
150178                          4                   0.0001000           256                 36.63               6.99                7.08                567279.00           3                   2.85                1.05                1.05                44147.00            -3.733432           -49.370902          F 
150309                          4                   0.0001000           256                 36.63               6.99                7.08                567279.00           25                  1.94                12.91               12.93               29981.00            -4.027408           -49.005681          F 
510420                          5                   0.0007000           9                   0.48                18.57               18.58               11323.00            9                   0.48                18.57               18.58               11323.00            -16.376565          -53.577773          F 
