120013                          1                   0.0001000           5184                149.29              34.72               54.25               2942961.00          0                   0.33                0                   0                   6543.00             -9.613848           -68.175429          F 
120080                          1                   0.0001000           5184                149.29              34.72               54.25               2942961.00          0                   0.70                0                   0                   13716.00            -9.629475           -67.701064          F 
120040                          1                   0.0001000           5184                149.29              34.72               54.25               2942961.00          48                  14.74               3.26                3.26                290639.00           -10.066358          -68.371440          F 
120045                          1                   0.0001000           5184                149.29              34.72               54.25               2942961.00          0                   0.96                0                   0                   18863.00            -9.996928           -67.427266          F 
130070                          1                   0.0001000           5184                149.29              34.72               54.25               2942961.00          139                 1.51                91.90               92.80               29818.00            -8.772979           -68.047540          F 
120017                          1                   0.0001000           5184                149.29              34.72               54.25               2942961.00          0                   0.43                0                   0                   8446.00             -10.474157          -67.835782          F 
120070                          1                   0.0001000           5184                149.29              34.72               54.25               2942961.00          0                   0.73                0                   0                   14314.00            -10.575880          -68.505122          F 
120038                          1                   0.0001000           5184                149.29              34.72               54.25               2942961.00          3                   0.88                3.43                3.43                17258.00            -10.248624          -67.339671          F 
120050                          1                   0.0001000           5184                149.29              34.72               54.25               2942961.00          0                   1.74                0                   0                   34230.00            -9.771845           -69.382700          F 
120001                          1                   0.0001000           5184                149.29              34.72               54.25               2942961.00          26                  0.58                44.49               44.57               11520.00            -9.934392           -66.948427          F 
120025                          1                   0.0001000           5184                149.29              34.72               54.25               2942961.00          1                   0.68                1.47                1.47                13434.00            -10.889162          -68.618498          F 
120010                          1                   0.0001000           5184                149.29              34.72               54.25               2942961.00          1                   0.97                1.03                1.03                19065.00            -10.747736          -69.207484          F 
120034                          1                   0.0001000           5184                149.29              34.72               54.25               2942961.00          0                   0.36                0                   0                   7148.00             -9.380351           -69.854989          F 
130350                          1                   0.0001000           5184                149.29              34.72               54.25               2942961.00          0                   0.93                0                   0                   18325.00            -7.757795           -68.197229          F 
120005                          1                   0.0001000           5184                149.29              34.72               54.25               2942961.00          0                   0.27                0                   0                   5351.00             -10.779491          -70.006358          F 
120043                          1                   0.0001000           5184                149.29              34.72               54.25               2942961.00          1                   0.20                4.99                4.99                3948.00             -9.412364           -70.398018          F 
120030                          1                   0.0001000           5184                149.29              34.72               54.25               2942961.00          0                   1.59                0                   0                   31288.00            -8.926430           -70.747840          F 
130240                          1                   0.0001000           5184                149.29              34.72               54.25               2942961.00          482                 1.87                257.44              266.49              36909.00            -8.375880           -65.812244          F 
130150                          1                   0.0001000           5184                149.29              34.72               54.25               2942961.00          0                   0.83                0                   0                   16438.00            -7.573750           -70.054927          F 
130195                          1                   0.0001000           5184                149.29              34.72               54.25               2942961.00          0                   0.41                0                   0                   8078.00             -6.682874           -68.114036          F 
130140                          1                   0.0001000           5184                149.29              34.72               54.25               2942961.00          1                   1.49                0.67                0.67                29411.00            -7.022778           -70.222033          F 
120060                          1                   0.0001000           5184                149.29              34.72               54.25               2942961.00          0                   1.63                0                   0                   32171.00            -8.238234           -71.446466          F 
110033                          1                   0.0001000           5184                149.29              34.72               54.25               2942961.00          6                   1.07                5.59                5.59                21162.00            -10.382239          -64.629270          F 
120032                          1                   0.0001000           5184                149.29              34.72               54.25               2942961.00          0                   0.31                0                   0                   6059.00             -9.243211           -71.907488          F 
110020                          1                   0.0001000           5184                149.29              34.72               54.25               2942961.00          433                 18.74               23.11               23.81               369345.00           -9.153039           -64.305489          F 
110010                          1                   0.0001000           5184                149.29              34.72               54.25               2942961.00          11                  2.00                5.50                5.50                39451.00            -11.305773          -64.537463          F 
130180                          1                   0.0001000           5184                149.29              34.72               54.25               2942961.00          280                 0.87                321.34              327.82              17177.00            -7.181162           -71.415929          F 
110045                          1                   0.0001000           5184                149.29              34.72               54.25               2942961.00          28                  1.68                16.69               16.72               33072.00            -10.052159          -63.941154          F 
120035                          1                   0.0001000           5184                149.29              34.72               54.25               2942961.00          0                   0.66                0                   0                   13061.00            -9.099817           -72.558104          F 
110070                          1                   0.0001000           5184                149.29              34.72               54.25               2942961.00          10                  0.63                15.83               15.84               12455.00            -10.485091          -63.799446          F 
130100                          1                   0.0001000           5184                149.29              34.72               54.25               2942961.00          1                   1.27                0.79                0.79                25110.00            -5.118832           -67.337382          F 
130090                          1                   0.0001000           5184                149.29              34.72               54.25               2942961.00          930                 0.58                1599.35             1711.91             11463.00            -7.403346           -64.096665          F 
120039                          1                   0.0001000           5184                149.29              34.72               54.25               2942961.00          0                   0.41                0                   0                   8170.00             -8.489533           -72.721389          F 
130060                          1                   0.0001000           5184                149.29              34.72               54.25               2942961.00          2                   1.48                1.35                1.35                29268.00            -5.429327           -70.278296          F 
110040                          1                   0.0001000           5184                149.29              34.72               54.25               2942961.00          15                  0.85                17.65               17.66               16758.00            -9.649274           -63.394283          F 
110140                          1                   0.0001000           5184                149.29              34.72               54.25               2942961.00          1                   0.63                1.60                1.60                12357.00            -10.210793          -63.372281          F 
110008                          1                   0.0001000           5184                149.29              34.72               54.25               2942961.00          1                   0.69                1.44                1.44                13664.00            -12.147321          -64.058780          F 
130410                          1                   0.0001000           5184                149.29              34.72               54.25               2942961.00          1                   0.99                1.01                1.01                19453.00            -6.104509           -64.893865          F 
120020                          1                   0.0001000           5184                149.29              34.72               54.25               2942961.00          80                  3.75                21.33               21.44               73948.00            -7.974126           -72.761548          F 
110080                          1                   0.0001000           5184                149.29              34.72               54.25               2942961.00          13                  0.85                15.31               15.33               16736.00            -8.887011           -63.325581          F 
130230                          1                   0.0001000           5184                149.29              34.72               54.25               2942961.00          1                   0.87                1.15                1.15                17129.00            -4.713108           -68.403854          F 
110100                          1                   0.0001000           5184                149.29              34.72               54.25               2942961.00          0                   0.58                0                   0                   11432.00            -10.748055          -63.183884          F 
110110                          1                   0.0001000           5184                149.29              34.72               54.25               2942961.00          1                   0.40                2.49                2.49                7905.00             -9.170195           -63.044988          F 
110002                          1                   0.0001000           5184                149.29              34.72               54.25               2942961.00          61                  4.18                14.60               14.65               82388.00            -9.951979           -62.957373          F 
110060                          1                   0.0001000           5184                149.29              34.72               54.25               2942961.00          1                   0.28                3.55                3.55                5553.00             -10.331685          -62.987180          F 
130165                          1                   0.0001000           5184                149.29              34.72               54.25               2942961.00          843                 0.72                1178.44             1253.11             14102.00            -7.229841           -72.844424          F 
130020                          1                   0.0001000           5184                149.29              34.72               54.25               2942961.00          12                  0.69                17.29               17.30               13682.00            -5.711940           -71.742673          F 
130390                          1                   0.0001000           5184                149.29              34.72               54.25               2942961.00          0                   1.56                0                   0                   30727.00            -4.497836           -69.450565          F 
120042                          1                   0.0001000           5184                149.29              34.72               54.25               2942961.00          2                   0.63                3.17                3.17                12428.00            -7.841819           -73.222514          F 
110026                          1                   0.0001000           5184                149.29              34.72               54.25               2942961.00          0                   0.16                0                   0                   3174.00             -9.645106           -62.790311          F 
110150                          1                   0.0001000           5184                149.29              34.72               54.25               2942961.00          1                   0.60                1.68                1.68                11757.00            -11.807291          -63.230667          F 
110130                          1                   0.0001000           5184                149.29              34.72               54.25               2942961.00          1                   0.61                1.63                1.63                12086.00            -11.076985          -62.848279          F 
110032                          1                   0.0001000           5184                149.29              34.72               54.25               2942961.00          1                   1.15                0.87                0.87                22622.00            -11.628169          -62.941940          F 
110094                          1                   0.0001000           5184                149.29              34.72               54.25               2942961.00          6                   0.70                8.54                8.54                13857.00            -9.170974           -62.565037          F 
110011                          1                   0.0001000           5184                149.29              34.72               54.25               2942961.00          13                  2.66                4.89                4.89                52453.00            -10.592446          -62.584788          F 
120033                          1                   0.0001000           5184                149.29              34.72               54.25               2942961.00          1                   0.70                1.43                1.43                13785.00            -7.503753           -73.439585          F 
110149                          1                   0.0001000           5184                149.29              34.72               54.25               2942961.00          3                   0.80                3.76                3.77                15710.00            -12.368674          -63.122203          F 
110143                          1                   0.0001000           5184                149.29              34.72               54.25               2942961.00          0                   0.39                0                   0                   7750.00             -10.889526          -62.532438          F 
110160                          1                   0.0001000           5184                149.29              34.72               54.25               2942961.00          1                   0.50                1.98                1.98                9952.00             -10.121814          -62.342289          F 
130420                          1                   0.0001000           5184                149.29              34.72               54.25               2942961.00          2                   3.19                0.63                0.63                62920.00            -4.468383           -65.529278          F 
130406                          1                   0.0001000           5184                149.29              34.72               54.25               2942961.00          1                   2.30                0.44                0.44                45293.00            -4.027765           -69.681346          F 
110034                          1                   0.0001000           5184                149.29              34.72               54.25               2942961.00          3                   0.84                3.59                3.59                16485.00            -11.311455          -62.544783          F 
110170                          1                   0.0001000           5184                149.29              34.72               54.25               2942961.00          2                   0.68                2.95                2.95                13381.00            -11.103908          -62.424021          F 
110155                          1                   0.0001000           5184                149.29              34.72               54.25               2942961.00          0                   0.25                0                   0                   4919.00             -10.943464          -62.279708          F 
110015                          1                   0.0001000           5184                149.29              34.72               54.25               2942961.00          2                   1.83                1.09                1.09                36040.00            -10.610539          -62.172424          F 
110180                          1                   0.0001000           5184                149.29              34.72               54.25               2942961.00          0                   0.44                0                   0                   8742.00             -10.384134          -62.093876          F 
130170                          1                   0.0001000           5184                149.29              34.72               54.25               2942961.00          272                 1.96                139.06              141.77              38559.00            -7.362897           -62.485394          F 
110013                          1                   0.0001000           5184                149.29              34.72               54.25               2942961.00          24                  1.60                15.03               15.06               31475.00            -9.204070           -62.010294          F 
110175                          1                   0.0001000           5184                149.29              34.72               54.25               2942961.00          0                   0.44                0                   0                   8751.00             -9.732685           -61.939355          F 
110014                          1                   0.0001000           5184                149.29              34.72               54.25               2942961.00          0                   0.87                0                   0                   17170.00            -11.564334          -62.233031          F 
130006                          1                   0.0001000           5184                149.29              34.72               54.25               2942961.00          2                   0.43                4.70                4.70                8384.00             -3.418321           -68.287308          F 
110050                          1                   0.0001000           5184                149.29              34.72               54.25               2942961.00          0                   0.49                0                   0                   9648.00             -11.681047          -62.083187          F 
130220                          1                   0.0001000           5184                149.29              34.72               54.25               2942961.00          0                   0.44                0                   0                   8658.00             -3.524623           -66.306825          F 
110012                          1                   0.0001000           5184                149.29              34.72               54.25               2942961.00          17                  5.46                3.11                3.11                107679.00           -10.462197          -61.757091          F 
110025                          1                   0.0001000           5184                149.29              34.72               54.25               2942961.00          1                   1.13                0.89                0.89                22197.00            -11.166190          -61.877898          F 
110001                          1                   0.0001000           5184                149.29              34.72               54.25               2942961.00          4                   1.21                3.31                3.31                23857.00            -12.470071          -62.274560          F 
110090                          1                   0.0001000           5184                149.29              34.72               54.25               2942961.00          0                   0.18                0                   0                   3624.00             -11.470879          -61.879911          F 
130002                          1                   0.0001000           5184                149.29              34.72               54.25               2942961.00          2                   0.66                3.03                3.03                13010.00            -3.701122           -65.330652          F 
130120                          1                   0.0001000           5184                149.29              34.72               54.25               2942961.00          0                   3.31                0                   0                   65222.00            -4.437162           -64.124619          F 
130370                          1                   0.0001000           5184                149.29              34.72               54.25               2942961.00          1                   1.48                0.67                0.67                29249.00            -3.051175           -69.087897          F 
110028                          1                   0.0001000           5184                149.29              34.72               54.25               2942961.00          3                   2.48                1.21                1.21                48894.00            -11.732560          -61.771453          F 
110120                          1                   0.0001000           5184                149.29              34.72               54.25               2942961.00          0                   0.52                0                   0                   10343.00            -11.160345          -61.568926          F 
110029                          1                   0.0001000           5184                149.29              34.72               54.25               2942961.00          1                   0.47                2.13                2.13                9264.00             -12.027061          -61.700877          F 
110037                          1                   0.0001000           5184                149.29              34.72               54.25               2942961.00          1                   0.59                1.70                1.70                11615.00            -12.593622          -61.880777          F 
130423                          1                   0.0001000           5184                149.29              34.72               54.25               2942961.00          0                   0.97                0                   0                   19090.00            -2.691643           -67.827923          F 
110004                          1                   0.0001000           5184                149.29              34.72               54.25               2942961.00          6                   3.86                1.55                1.55                76155.00            -11.301237          -61.324689          F 
110148                          1                   0.0001000           5184                149.29              34.72               54.25               2942961.00          0                   0.32                0                   0                   6286.00             -11.904682          -61.467066          F 
130426                          1                   0.0001000           5184                149.29              34.72               54.25               2942961.00          0                   0.50                0                   0                   9859.00             -3.167038           -65.411879          F 
510757                          1                   0.0001000           5184                149.29              34.72               54.25               2942961.00          242                 0.17                1424.92             1449.72             3348.00             -10.463060          -61.010088          F 
110147                          1                   0.0001000           5184                149.29              34.72               54.25               2942961.00          0                   0.19                0                   0                   3704.00             -11.878589          -61.315189          F 
110145                          1                   0.0001000           5184                149.29              34.72               54.25               2942961.00          0                   0.23                0                   0                   4583.00             -12.262291          -61.415241          F 
130160                          1                   0.0001000           5184                149.29              34.72               54.25               2942961.00          0                   1.00                0                   0                   19726.00            -2.492180           -66.358452          F 
130270                          1                   0.0001000           5184                149.29              34.72               54.25               2942961.00          369                 2.25                164.10              168.48              44327.00            -6.459804           -61.446481          F 
110146                          1                   0.0001000           5184                149.29              34.72               54.25               2942961.00          0                   0.12                0                   0                   2358.00             -13.173850          -61.545322          F 
110009                          1                   0.0001000           5184                149.29              34.72               54.25               2942961.00          2                   1.41                1.41                1.41                27867.00            -11.351368          -60.784721          F 
110018                          1                   0.0001000           5184                149.29              34.72               54.25               2942961.00          2                   1.67                1.20                1.20                32893.00            -11.894543          -60.830315          F 
110005                          1                   0.0001000           5184                149.29              34.72               54.25               2942961.00          2                   0.83                2.42                2.42                16290.00            -13.203669          -61.260843          F 
110007                          1                   0.0001000           5184                149.29              34.72               54.25               2942961.00          0                   0.48                0                   0                   9476.00             -12.926666          -61.091715          F 
110092                          1                   0.0001000           5184                149.29              34.72               54.25               2942961.00          0                   0.38                0                   0                   7456.00             -12.537404          -60.898400          F 
510325                          1                   0.0001000           5184                149.29              34.72               54.25               2942961.00          484                 1.41                342.20              354.30              27882.00            -9.292283           -60.305531          F 
130280                          1                   0.0001000           5184                149.29              34.72               54.25               2942961.00          0                   0.89                0                   0                   17507.00            -2.428415           -65.038109          F 
130210                          1                   0.0001000           5184                149.29              34.72               54.25               2942961.00          0                   0.27                0                   0                   5281.00             -1.698117           -68.320288          F 
130063                          1                   0.0001000           5184                149.29              34.72               54.25               2942961.00          0                   0.70                0                   0                   13809.00            -4.603475           -61.787364          F 
130330                          1                   0.0001000           5184                149.29              34.72               54.25               2942961.00          8                   0.92                8.67                8.67                18196.00            -6.825051           -60.477192          F 
130010                          1                   0.0001000           5184                149.29              34.72               54.25               2942961.00          3                   0.70                4.27                4.28                13834.00            -4.186645           -62.073001          F 
110030                          1                   0.0001000           5184                149.29              34.72               54.25               2942961.00          5                   3.39                1.48                1.48                66746.00            -12.087986          -60.252451          F 
130130                          1                   0.0001000           5184                149.29              34.72               54.25               2942961.00          0                   0.81                0                   0                   16025.00            -3.289026           -62.972665          F 
510140                          1                   0.0001000           5184                149.29              34.72               54.25               2942961.00          37                  0.97                38.19               38.29               19100.00            -10.187963          -59.839297          F 
110006                          1                   0.0001000           5184                149.29              34.72               54.25               2942961.00          2                   0.90                2.23                2.23                17644.00            -13.159213          -60.550197          F 
110003                          1                   0.0001000           5184                149.29              34.72               54.25               2942961.00          1                   0.33                3.00                3.00                6575.00             -13.474873          -60.639653          F 
130014                          1                   0.0001000           5184                149.29              34.72               54.25               2942961.00          221                 0.89                249.65              253.60              17451.00            -7.759871           -59.431439          F 
150285                          2                   0.0001000           1725                303.66              5.68                6.33                5888458.00          0                   0.62                0                   0                   11928.00            -1.845743           -55.113264          F 
150680                          2                   0.0001000           1725                303.66              5.68                6.33                5888458.00          14                  14.14               0.99                0.99                274285.00           -2.764647           -55.093854          F 
150480                          2                   0.0001000           1725                303.66              5.68                6.33                5888458.00          1                   3.16                0.32                0.32                61350.00            -1.119762           -54.365806          F 
150040                          2                   0.0001000           1725                303.66              5.68                6.33                5888458.00          5                   2.72                1.84                1.84                52661.00            -0.536230           -55.069883          F 
150797                          2                   0.0001000           1725                303.66              5.68                6.33                5888458.00          0                   0.79                0                   0                   15316.00            -1.952134           -56.458364          F 
150145                          2                   0.0001000           1725                303.66              5.68                6.33                5888458.00          0                   0.66                0                   0                   12707.00            -3.191161           -54.992826          F 
150390                          2                   0.0001000           1725                303.66              5.68                6.33                5888458.00          3                   1.74                1.72                1.72                33775.00            -2.622585           -56.221232          F 
150600                          2                   0.0001000           1725                303.66              5.68                6.33                5888458.00          6                   1.36                4.40                4.40                26436.00            -2.120276           -53.660235          F 
150510                          2                   0.0001000           1725                303.66              5.68                6.33                5888458.00          1                   2.41                0.41                0.41                46793.00            -0.170427           -55.674947          F 
130340                          2                   0.0001000           1725                303.66              5.68                6.33                5888458.00          0                   5.26                0                   0                   102044.00           -2.688407           -56.854026          F 
150100                          2                   0.0001000           1725                303.66              5.68                6.33                5888458.00          0                   0.97                0                   0                   18830.00            -3.667209           -56.016450          F 
150565                          2                   0.0001000           1725                303.66              5.68                6.33                5888458.00          0                   0.92                0                   0                   17898.00            -3.889977           -54.500599          F 
150815                          2                   0.0001000           1725                303.66              5.68                6.33                5888458.00          20                  3.09                6.48                6.48                59881.00            -3.583648           -53.807296          F 
150445                          2                   0.0001000           1725                303.66              5.68                6.33                5888458.00          3                   1.17                2.57                2.57                22624.00            -3.160218           -53.194916          F 
150619                          2                   0.0001000           1725                303.66              5.68                6.33                5888458.00          1                   1.70                0.59                0.59                32950.00            -4.241022           -55.210827          F 
130050                          2                   0.0001000           1725                303.66              5.68                6.33                5888458.00          0                   1.37                0                   0                   26645.00            -3.129157           -57.172390          F 
150050                          2                   0.0001000           1725                303.66              5.68                6.33                5888458.00          239                 1.59                149.97              152.54              30903.00            0.284350            -53.893460          F 
130300                          2                   0.0001000           1725                303.66              5.68                6.33                5888458.00          144                 0.91                159.09              160.71              17553.00            -1.680483           -57.656536          F 
150590                          2                   0.0001000           1725                303.66              5.68                6.33                5888458.00          1                   1.37                0.73                0.73                26489.00            -2.184494           -52.547960          F 
150300                          2                   0.0001000           1725                303.66              5.68                6.33                5888458.00          31                  0.89                34.84               34.92               17253.00            -1.158833           -57.806300          F 
150172                          2                   0.0001000           1725                303.66              5.68                6.33                5888458.00          0                   0.97                0                   0                   18749.00            -3.292151           -52.685423          F 
130440                          2                   0.0001000           1725                303.66              5.68                6.33                5888458.00          1                   0.89                1.13                1.13                17184.00            -2.812240           -57.770143          F 
130068                          2                   0.0001000           1725                303.66              5.68                6.33                5888458.00          0                   0.68                0                   0                   13138.00            -3.138082           -57.669942          F 
150530                          2                   0.0001000           1725                303.66              5.68                6.33                5888458.00          4                   2.85                1.41                1.41                55175.00            0.255032            -57.149736          F 
160080                          2                   0.0001000           1725                303.66              5.68                6.33                5888458.00          3                   0.56                5.40                5.41                10765.00            -0.997903           -52.061167          F 
150835                          2                   0.0001000           1725                303.66              5.68                6.33                5888458.00          0                   0.50                0                   0                   9693.00             -3.141047           -51.973342          F 
150805                          2                   0.0001000           1725                303.66              5.68                6.33                5888458.00          1                   0.83                1.20                1.20                16097.00            -5.130084           -56.003417          F 
160027                          2                   0.0001000           1725                303.66              5.68                6.33                5888458.00          16                  1.93                8.28                8.28                37491.00            1.096940            -53.306000          F 
130400                          2                   0.0001000           1725                303.66              5.68                6.33                5888458.00          0                   0.42                0                   0                   8211.00             -2.822093           -58.536128          F 
130200                          2                   0.0001000           1725                303.66              5.68                6.33                5888458.00          0                   0.47                0                   0                   9141.00             -2.498704           -58.619577          F 
130395                          2                   0.0001000           1725                303.66              5.68                6.33                5888458.00          0                   0.45                0                   0                   8731.00             -1.946118           -58.702338          F 
150310                          2                   0.0001000           1725                303.66              5.68                6.33                5888458.00          6                   1.26                4.77                4.77                24384.00            -1.151921           -51.555276          F 
160040                          2                   0.0001000           1725                303.66              5.68                6.33                5888458.00          1                   0.71                1.40                1.40                13862.00            -0.0730322          -51.943908          F 
130190                          2                   0.0001000           1725                303.66              5.68                6.33                5888458.00          1                   4.37                0.23                0.23                84676.00            -3.174662           -58.777136          F 
160015                          2                   0.0001000           1725                303.66              5.68                6.33                5888458.00          0                   0.38                0                   0                   7332.00             1.157828            -52.523712          F 
150450                          2                   0.0001000           1725                303.66              5.68                6.33                5888458.00          0                   0.92                0                   0                   17845.00            -1.607856           -51.104066          F 
130430                          2                   0.0001000           1725                303.66              5.68                6.33                5888458.00          0                   0.81                0                   0                   15716.00            -0.893871           -59.029898          F 
150780                          2                   0.0001000           1725                303.66              5.68                6.33                5888458.00          0                   0.74                0                   0                   14302.00            -4.171559           -51.773388          F 
130310                          2                   0.0001000           1725                303.66              5.68                6.33                5888458.00          1                   1.50                0.66                0.66                29184.00            -3.988364           -58.601783          F 
160053                          2                   0.0001000           1725                303.66              5.68                6.33                5888458.00          2                   0.72                2.78                2.78                13962.00            0.587711            -51.673569          F 
150580                          2                   0.0001000           1725                303.66              5.68                6.33                5888458.00          1                   2.35                0.43                0.43                45586.00            -2.565541           -50.955536          F 
160060                          2                   0.0001000           1725                303.66              5.68                6.33                5888458.00          4                   4.75                0.84                0.84                92098.00            0.128476            -51.379449          F 
150360                          2                   0.0001000           1725                303.66              5.68                6.33                5888458.00          112                 6.10                18.38               18.51               118194.00           -5.871333           -56.496545          F 
130290                          2                   0.0001000           1725                303.66              5.68                6.33                5888458.00          167                 2.42                68.87               69.69               47020.00            -4.984990           -58.060916          F 
150085                          2                   0.0001000           1725                303.66              5.68                6.33                5888458.00          6                   0.92                6.54                6.54                17787.00            -3.997294           -51.301209          F 
160005                          2                   0.0001000           1725                303.66              5.68                6.33                5888458.00          1                   0.19                5.14                5.14                3772.00             1.649528            -52.270468          F 
150180                          2                   0.0001000           1725                303.66              5.68                6.33                5888458.00          34                  4.87                6.98                6.99                94458.00            -1.121333           -50.628584          F 
130356                          2                   0.0001000           1725                303.66              5.68                6.33                5888458.00          7                   1.28                5.46                5.46                24858.00            -2.529891           -59.638156          F 
160023                          2                   0.0001000           1725                303.66              5.68                6.33                5888458.00          0                   0.26                0                   0                   5040.00             0.958713            -51.419182          F 
150030                          2                   0.0001000           1725                303.66              5.68                6.33                5888458.00          57                  1.61                35.45               35.59               31183.00            -0.263841           -50.727746          F 
130115                          2                   0.0001000           1725                303.66              5.68                6.33                5888458.00          0                   1.19                0                   0                   23023.00            -3.286228           -59.599493          F 
150060                          2                   0.0001000           1725                303.66              5.68                6.33                5888458.00          40                  4.75                8.42                8.44                92105.00            -6.486303           -53.886671          F 
130030                          2                   0.0001000           1725                303.66              5.68                6.33                5888458.00          2                   1.54                1.30                1.30                29907.00            -3.788879           -59.528635          F 
150548                          2                   0.0001000           1725                303.66              5.68                6.33                5888458.00          36                  1.98                18.20               18.24               38365.00            -3.684058           -50.631545          F 
130353                          2                   0.0001000           1725                303.66              5.68                6.33                5888458.00          18                  1.26                14.33               14.35               24360.00            -1.372564           -59.988741          F 
150110                          2                   0.0001000           1725                303.66              5.68                6.33                5888458.00          1                   0.96                1.04                1.04                18580.00            -2.372794           -50.181886          F 
160030                          2                   0.0001000           1725                303.66              5.68                6.33                5888458.00          39                  17.75               2.20                2.20                344153.00           0.554818            -50.700863          F 
140023                          2                   0.0001000           1725                303.66              5.68                6.33                5888458.00          3                   0.37                8.21                8.21                7086.00             0.914772            -59.338066          F 
160025                          2                   0.0001000           1725                303.66              5.68                6.33                5888458.00          0                   0.18                0                   0                   3439.00             0.532233            -50.651554          F 
150280                          2                   0.0001000           1725                303.66              5.68                6.33                5888458.00          0                   1.31                0                   0                   25388.00            -1.583580           -49.988115          F 
160055                          2                   0.0001000           1725                303.66              5.68                6.33                5888458.00          0                   0.17                0                   0                   3353.00             1.625299            -51.277065          F 
160070                          2                   0.0001000           1725                303.66              5.68                6.33                5888458.00          1                   0.64                1.56                1.56                12395.00            1.294034            -50.985687          F 
130260                          2                   0.0001000           1725                303.66              5.68                6.33                5888458.00          232                 84.91               2.73                2.76                1646602.00          -2.626021           -60.259483          F 
150520                          2                   0.0001000           1725                303.66              5.68                6.33                5888458.00          0                   1.31                0                   0                   25420.00            -2.278960           -49.902322          F 
150070                          2                   0.0001000           1725                303.66              5.68                6.33                5888458.00          30                  1.29                23.32               23.37               24942.00            -0.827103           -49.962044          F 
140050                          2                   0.0001000           1725                303.66              5.68                6.33                5888458.00          2                   0.30                6.77                6.77                5727.00             0.635650            -59.844809          F 
130080                          2                   0.0001000           1725                303.66              5.68                6.33                5888458.00          9                   1.60                5.61                5.62                31098.00            -4.957034           -59.534428          F 
130110                          2                   0.0001000           1725                303.66              5.68                6.33                5888458.00          1                   1.60                0.62                0.62                31070.00            -3.770658           -60.183093          F 
150770                          2                   0.0001000           1725                303.66              5.68                6.33                5888458.00          0                   1.06                0                   0                   20500.00            -1.434046           -49.680194          F 
160021                          2                   0.0001000           1725                303.66              5.68                6.33                5888458.00          0                   0.22                0                   0                   4320.00             1.030315            -50.483699          F 
130185                          2                   0.0001000           1725                303.66              5.68                6.33                5888458.00          0                   1.69                0                   0                   32869.00            -3.095148           -60.480667          F 
150506                          2                   0.0001000           1725                303.66              5.68                6.33                5888458.00          11                  2.66                4.13                4.13                51645.00            -4.502833           -50.271560          F 
150120                          2                   0.0001000           1725                303.66              5.68                6.33                5888458.00          1                   1.35                0.74                0.74                26190.00            -3.129242           -49.698861          F 
150250                          2                   0.0001000           1725                303.66              5.68                6.33                5888458.00          10                  1.00                10.01               10.02               19368.00            -0.0296229          -49.829440          F 
150210                          2                   0.0001000           1725                303.66              5.68                6.33                5888458.00          1                   5.69                0.18                0.18                110323.00           -2.253113           -49.513615          F 
150400                          2                   0.0001000           1725                303.66              5.68                6.33                5888458.00          0                   1.20                0                   0                   23284.00            -1.864288           -49.469256          F 
150810                          2                   0.0001000           1725                303.66              5.68                6.33                5888458.00          39                  4.60                8.47                8.49                89264.00            -3.855790           -49.820813          F 
160020                          2                   0.0001000           1725                303.66              5.68                6.33                5888458.00          5                   0.45                11.20               11.21               8656.00             2.430849            -51.404322          F 
150460                          2                   0.0001000           1725                303.66              5.68                6.33                5888458.00          1                   1.20                0.83                0.83                23258.00            -2.576520           -49.465753          F 
140060                          2                   0.0001000           1725                303.66              5.68                6.33                5888458.00          0                   0.29                0                   0                   5720.00             0.884349            -60.151701          F 
160010                          2                   0.0001000           1725                303.66              5.68                6.33                5888458.00          11                  0.39                28.47               28.49               7492.00             1.764026            -50.581371          F 
150490                          2                   0.0001000           1725                303.66              5.68                6.33                5888458.00          0                   1.48                0                   0                   28796.00            -1.355540           -49.309395          F 
160050                          2                   0.0001000           1725                303.66              5.68                6.33                5888458.00          45                  0.99                45.49               45.64               19181.00            3.088524            -51.904801          F 
130255                          2                   0.0001000           1725                303.66              5.68                6.33                5888458.00          1                   0.99                1.01                1.01                19164.00            -3.779354           -60.697327          F 
150640                          2                   0.0001000           1725                303.66              5.68                6.33                5888458.00          0                   0.31                0                   0                   5921.00             -0.583158           -49.314290          F 
150330                          2                   0.0001000           1725                303.66              5.68                6.33                5888458.00          0                   2.82                0                   0                   54673.00            -2.062684           -49.130853          F 
150375                          2                   0.0001000           1725                303.66              5.68                6.33                5888458.00          55                  1.91                28.77               28.88               37073.00            -7.445178           -57.302829          F 
130250                          2                   0.0001000           1725                303.66              5.68                6.33                5888458.00          2                   4.24                0.47                0.47                82309.00            -3.291606           -60.958222          F 
150178                          2                   0.0001000           1725                303.66              5.68                6.33                5888458.00          10                  2.43                4.12                4.12                47069.00            -3.733432           -49.370902          F 
150570                          2                   0.0001000           1725                303.66              5.68                6.33                5888458.00          0                   1.25                0                   0                   24276.00            -1.117579           -49.077239          F 
150470                          2                   0.0001000           1725                303.66              5.68                6.33                5888458.00          0                   3.29                0                   0                   63821.00            -2.683914           -49.073983          F 
150730                          2                   0.0001000           1725                303.66              5.68                6.33                5888458.00          15                  3.05                4.91                4.91                59238.00            -7.233186           -52.252675          F 
150370                          2                   0.0001000           1725                303.66              5.68                6.33                5888458.00          17                  2.17                7.85                7.86                42002.00            -5.114819           -49.869663          F 
140047                          2                   0.0001000           1725                303.66              5.68                6.33                5888458.00          37                  1.26                29.33               29.40               24466.00            0.0378310           -61.010414          F 
150808                          2                   0.0001000           1725                303.66              5.68                6.33                5888458.00          2                   1.37                1.46                1.46                26513.00            -6.820174           -51.391396          F 
150010                          2                   0.0001000           1725                303.66              5.68                6.33                5888458.00          1                   6.82                0.15                0.15                132222.00           -1.730297           -48.883073          F 
150503                          2                   0.0001000           1725                303.66              5.68                6.33                5888458.00          58                  1.11                52.08               52.29               21598.00            -8.062463           -55.612052          F 
150553                          2                   0.0001000           1725                303.66              5.68                6.33                5888458.00          7                   6.87                1.02                1.02                133298.00           -6.155342           -50.496123          F 
150200                          2                   0.0001000           1725                303.66              5.68                6.33                5888458.00          0                   0.98                0                   0                   18995.00            -0.869047           -48.877684          F 
150420                          2                   0.0001000           1725                303.66              5.68                6.33                5888458.00          33                  10.13               3.26                3.26                196468.00           -5.629796           -50.017016          F 
150795                          2                   0.0001000           1725                303.66              5.68                6.33                5888458.00          8                   3.31                2.41                2.41                64281.00            -2.907824           -48.736640          F 
150309                          2                   0.0001000           1725                303.66              5.68                6.33                5888458.00          27                  1.40                19.27               19.31               27166.00            -4.027408           -49.005681          F 
150130                          2                   0.0001000           1725                303.66              5.68                6.33                5888458.00          3                   4.36                0.69                0.69                84560.00            -1.498585           -48.634121          F 
150380                          2                   0.0001000           1725                303.66              5.68                6.33                5888458.00          17                  2.66                6.40                6.41                51511.00            -4.598468           -49.181178          F 
150195                          3                   0.0001000           155                 0.90                173.13              175.04              17649.00            155                 0.90                173.13              175.04              17649.00            -1.991029           -46.439673          F 
170390                          4                   0.0001000           42                  5.24                8.01                8.03                101695.00           0                   0.24                0                   0                   4667.00             -9.400390           -49.848105          F 
171250                          4                   0.0001000           42                  5.24                8.01                8.03                101695.00           0                   0.23                0                   0                   4473.00             -9.787699           -49.699800          F 
170025                          4                   0.0001000           42                  5.24                8.01                8.03                101695.00           0                   0.12                0                   0                   2245.00             -9.480412           -49.309816          F 
170710                          4                   0.0001000           42                  5.24                8.01                8.03                101695.00           0                   0.33                0                   0                   6359.00             -9.694686           -49.354809          F 
170190                          4                   0.0001000           42                  5.24                8.01                8.03                101695.00           0                   0.28                0                   0                   5423.00             -8.939322           -49.504685          F 
150670                          4                   0.0001000           42                  5.24                8.01                8.03                101695.00           33                  2.53                13.05               13.07               49053.00            -9.364016           -50.611231          F 
170720                          4                   0.0001000           42                  5.24                8.01                8.03                101695.00           0                   0.36                0                   0                   7060.00             -9.271299           -49.066506          F 
171750                          4                   0.0001000           42                  5.24                8.01                8.03                101695.00           1                   0.33                3.03                3.03                6403.00             -10.210136          -49.872433          F 
150658                          4                   0.0001000           42                  5.24                8.01                8.03                101695.00           8                   0.83                9.69                9.69                16012.00            -8.633727           -50.314447          F 
