130260                          1                   0.0001000           4983                198.62              25.09               50.51               6267398.00          46                  65.40               0.70                0.70                2063547.00          -2.625919           -60.259628          F 
130185                          1                   0.0001000           4983                198.62              25.09               50.51               6267398.00          0                   1.93                0                   0                   60993.00            -3.095219           -60.479687          F 
130356                          1                   0.0001000           4983                198.62              25.09               50.51               6267398.00          1                   0.79                1.27                1.27                24936.00            -2.529823           -59.638380          F 
130115                          1                   0.0001000           4983                198.62              25.09               50.51               6267398.00          0                   0.62                0                   0                   19638.00            -3.286012           -59.598677          F 
130250                          1                   0.0001000           4983                198.62              25.09               50.51               6267398.00          0                   3.23                0                   0                   101883.00           -3.291538           -60.958758          F 
130110                          1                   0.0001000           4983                198.62              25.09               50.51               6267398.00          3                   0.98                3.07                3.07                30792.00            -3.770484           -60.183273          F 
130255                          1                   0.0001000           4983                198.62              25.09               50.51               6267398.00          0                   0.54                0                   0                   17107.00            -3.779051           -60.697266          F 
130353                          1                   0.0001000           4983                198.62              25.09               50.51               6267398.00          1                   0.97                1.03                1.03                30668.00            -1.370920           -59.989553          F 
130030                          1                   0.0001000           4983                198.62              25.09               50.51               6267398.00          0                   1.32                0                   0                   41582.00            -3.787231           -59.525534          F 
130320                          1                   0.0001000           4983                198.62              25.09               50.51               6267398.00          0                   0.50                0                   0                   15761.00            -2.048246           -61.703420          F 
130190                          1                   0.0001000           4983                198.62              25.09               50.51               6267398.00          0                   3.28                0                   0                   103598.00           -3.174123           -58.775343          F 
130200                          1                   0.0001000           4983                198.62              25.09               50.51               6267398.00          0                   0.32                0                   0                   10162.00            -2.497237           -58.613268          F 
130083                          1                   0.0001000           4983                198.62              25.09               50.51               6267398.00          0                   0.43                0                   0                   13473.00            -3.082019           -61.877758          F 
130395                          1                   0.0001000           4983                198.62              25.09               50.51               6267398.00          0                   0.37                0                   0                   11670.00            -1.941762           -58.705261          F 
130008                          1                   0.0001000           4983                198.62              25.09               50.51               6267398.00          0                   0.32                0                   0                   9962.00             -3.501857           -61.717988          F 
130400                          1                   0.0001000           4983                198.62              25.09               50.51               6267398.00          0                   0.37                0                   0                   11559.00            -2.820549           -58.537087          F 
130430                          1                   0.0001000           4983                198.62              25.09               50.51               6267398.00          0                   0.59                0                   0                   18626.00            -0.894390           -59.029588          F 
130310                          1                   0.0001000           4983                198.62              25.09               50.51               6267398.00          0                   0.86                0                   0                   27062.00            -3.989503           -58.599770          F 
130010                          1                   0.0001000           4983                198.62              25.09               50.51               6267398.00          0                   0.54                0                   0                   17194.00            -4.198680           -62.095409          F 
130080                          1                   0.0001000           4983                198.62              25.09               50.51               6267398.00          0                   1.05                0                   0                   33056.00            -4.957617           -59.534694          F 
130440                          1                   0.0001000           4983                198.62              25.09               50.51               6267398.00          0                   0.76                0                   0                   23945.00            -2.813757           -57.771310          F 
130063                          1                   0.0001000           4983                198.62              25.09               50.51               6267398.00          0                   0.66                0                   0                   20718.00            -4.606233           -61.804353          F 
130068                          1                   0.0001000           4983                198.62              25.09               50.51               6267398.00          1                   0.75                1.33                1.33                23785.00            -3.137811           -57.670110          F 
140047                          1                   0.0001000           4983                198.62              25.09               50.51               6267398.00          10                  1.03                9.67                9.67                32647.00            0.0380410           -61.011175          F 
130300                          1                   0.0001000           4983                198.62              25.09               50.51               6267398.00          102                 0.64                159.85              161.53              20135.00            -1.680586           -57.656245          F 
130130                          1                   0.0001000           4983                198.62              25.09               50.51               6267398.00          0                   0.75                0                   0                   23549.00            -3.288972           -62.973315          F 
150300                          1                   0.0001000           4983                198.62              25.09               50.51               6267398.00          36                  0.28                130.15              130.63              8728.00             -1.159150           -57.805908          F 
130050                          1                   0.0001000           4983                198.62              25.09               50.51               6267398.00          0                   0.98                0                   0                   31065.00            -3.129025           -57.172383          F 
130290                          1                   0.0001000           4983                198.62              25.09               50.51               6267398.00          1291                1.94                665.59              767.57              61204.00            -4.984781           -58.060923          F 
140050                          1                   0.0001000           4983                198.62              25.09               50.51               6267398.00          1                   0.28                3.56                3.56                8858.00             0.635780            -59.845020          F 
130340                          1                   0.0001000           4983                198.62              25.09               50.51               6267398.00          0                   3.05                0                   0                   96372.00            -2.688098           -56.854645          F 
140060                          1                   0.0001000           4983                198.62              25.09               50.51               6267398.00          0                   0.23                0                   0                   7315.00             0.884435            -60.151836          F 
140023                          1                   0.0001000           4983                198.62              25.09               50.51               6267398.00          1                   0.34                2.96                2.96                10656.00            0.914690            -59.338144          F 
140020                          1                   0.0001000           4983                198.62              25.09               50.51               6267398.00          16                  0.66                24.09               24.13               20957.00            0.990734            -61.471563          F 
130040                          1                   0.0001000           4983                198.62              25.09               50.51               6267398.00          24                  0.60                40.22               40.31               18831.00            -0.465099           -63.434718          F 
150797                          1                   0.0001000           4983                198.62              25.09               50.51               6267398.00          0                   0.60                0                   0                   18782.00            -1.951503           -56.458424          F 
130270                          1                   0.0001000           4983                198.62              25.09               50.51               6267398.00          40                  1.71                23.41               23.50               53914.00            -6.459960           -61.446773          F 
150390                          1                   0.0001000           4983                198.62              25.09               50.51               6267398.00          0                   1.61                0                   0                   50881.00            -2.622889           -56.221390          F 
130330                          1                   0.0001000           4983                198.62              25.09               50.51               6267398.00          13                  0.75                17.22               17.24               23817.00            -6.824013           -60.477155          F 
150530                          1                   0.0001000           4983                198.62              25.09               50.51               6267398.00          6                   2.16                2.77                2.77                68294.00            0.254980            -57.149825          F 
130120                          1                   0.0001000           4983                198.62              25.09               50.51               6267398.00          1                   2.23                0.45                0.45                70496.00            -4.436351           -64.125311          F 
150100                          1                   0.0001000           4983                198.62              25.09               50.51               6267398.00          1                   0.58                1.73                1.73                18290.00            -3.667215           -56.016298          F 
130280                          1                   0.0001000           4983                198.62              25.09               50.51               6267398.00          0                   0.49                0                   0                   15520.00            -2.426829           -65.039551          F 
140017                          1                   0.0001000           4983                198.62              25.09               50.51               6267398.00          2                   0.59                3.38                3.38                18682.00            2.272837            -60.542285          F 
150805                          1                   0.0001000           4983                198.62              25.09               50.51               6267398.00          1                   0.48                2.07                2.07                15242.00            -5.130225           -56.003467          F 
150360                          1                   0.0001000           4983                198.62              25.09               50.51               6267398.00          386                 3.91                98.77               102.82              123312.00           -5.871135           -56.496715          F 
150680                          1                   0.0001000           4983                198.62              25.09               50.51               6267398.00          7                   10.52               0.67                0.67                331937.00           -2.679336           -55.238455          F 
130002                          1                   0.0001000           4983                198.62              25.09               50.51               6267398.00          0                   0.50                0                   0                   15866.00            -3.694685           -65.324447          F 
130426                          1                   0.0001000           4983                198.62              25.09               50.51               6267398.00          0                   0.46                0                   0                   14431.00            -3.165656           -65.410790          F 
130014                          1                   0.0001000           4983                198.62              25.09               50.51               6267398.00          55                  0.65                84.05               84.53               20647.00            -7.759951           -59.432108          F 
150510                          1                   0.0001000           4983                198.62              25.09               50.51               6267398.00          0                   1.66                0                   0                   52229.00            -0.169646           -55.674865          F 
150285                          1                   0.0001000           4983                198.62              25.09               50.51               6267398.00          0                   0.45                0                   0                   14117.00            -1.845743           -55.113491          F 
130170                          1                   0.0001000           4983                198.62              25.09               50.51               6267398.00          176                 1.82                96.63               98.40               57473.00            -7.361218           -62.486435          F 
140028                          1                   0.0001000           4983                198.62              25.09               50.51               6267398.00          12                  0.32                37.78               37.82               10023.00            2.181808            -62.401659          F 
150145                          1                   0.0001000           4983                198.62              25.09               50.51               6267398.00          0                   0.57                0                   0                   18099.00            -3.191127           -54.992850          F 
150619                          1                   0.0001000           4983                198.62              25.09               50.51               6267398.00          0                   1.13                0                   0                   35769.00            -4.241043           -55.210740          F 
140015                          1                   0.0001000           4983                198.62              25.09               50.51               6267398.00          0                   0.44                0                   0                   13897.00            2.787662            -60.100611          F 
140030                          1                   0.0001000           4983                198.62              25.09               50.51               6267398.00          119                 0.57                207.87              210.44              18064.00            2.510971            -61.996789          F 
130420                          1                   0.0001000           4983                198.62              25.09               50.51               6267398.00          2                   2.33                0.86                0.86                73669.00            -4.470111           -65.531536          F 
150040                          1                   0.0001000           4983                198.62              25.09               50.51               6267398.00          1                   2.20                0.45                0.45                69377.00            -0.604683           -55.039155          F 
150375                          1                   0.0001000           4983                198.62              25.09               50.51               6267398.00          174                 0.76                228.37              232.52              24042.00            -7.445287           -57.302705          F 
150475                          1                   0.0001000           4983                198.62              25.09               50.51               6267398.00          0                   0                   0                   0                   0                   -3.070440           -54.575153          F 
130360                          1                   0.0001000           4983                198.62              25.09               50.51               6267398.00          0                   0.45                0                   0                   14164.00            -0.318364           -65.521329          F 
140010                          1                   0.0001000           4983                198.62              25.09               50.51               6267398.00          361                 13.10               27.55               28.57               413486.00           3.117915            -60.717953          F 
130410                          1                   0.0001000           4983                198.62              25.09               50.51               6267398.00          1                   0.62                1.61                1.61                19599.00            -6.093702           -64.955796          F 
150565                          1                   0.0001000           4983                198.62              25.09               50.51               6267398.00          0                   0.59                0                   0                   18668.00            -3.889824           -54.500659          F 
130090                          1                   0.0001000           4983                198.62              25.09               50.51               6267398.00          603                 0.53                1127.94             1202.61             16869.00            -7.300758           -64.061903          F 
130160                          1                   0.0001000           4983                198.62              25.09               50.51               6267398.00          0                   0.82                0                   0                   25871.00            -2.490986           -66.357924          F 
150480                          1                   0.0001000           4983                198.62              25.09               50.51               6267398.00          0                   1.90                0                   0                   60016.00            -1.074400           -54.353049          F 
130220                          1                   0.0001000           4983                198.62              25.09               50.51               6267398.00          0                   0.34                0                   0                   10742.00            -3.524464           -66.307799          F 
140005                          1                   0.0001000           4983                198.62              25.09               50.51               6267398.00          478                 0.67                715.98              753.03              21066.00            3.072100            -62.742368          F 
140040                          1                   0.0001000           4983                198.62              25.09               50.51               6267398.00          0                   0.43                0                   0                   13669.00            3.878879            -60.065434          F 
150815                          1                   0.0001000           4983                198.62              25.09               50.51               6267398.00          0                   1.38                0                   0                   43558.00            -3.583616           -53.807336          F 
510080                          1                   0.0001000           4983                198.62              25.09               50.51               6267398.00          0                   0.27                0                   0                   8590.00             -8.758636           -57.825998          F 
150600                          1                   0.0001000           4983                198.62              25.09               50.51               6267398.00          1                   1.13                0.89                0.89                35577.00            -2.120245           -53.660172          F 
510325                          1                   0.0001000           4983                198.62              25.09               50.51               6267398.00          209                 0.82                256.05              261.66              25756.00            -9.292441           -60.304194          F 
140002                          1                   0.0001000           4983                198.62              25.09               50.51               6267398.00          73                  0.44                165.40              166.64              13927.00            3.732902            -62.437022          F 
110013                          1                   0.0001000           4983                198.62              25.09               50.51               6267398.00          6                   0.97                6.17                6.17                30707.00            -9.204091           -62.010380          F 
140045                          1                   0.0001000           4983                198.62              25.09               50.51               6267398.00          3                   0.61                4.90                4.90                19305.00            4.168524            -60.839381          F 
110094                          1                   0.0001000           4983                198.62              25.09               50.51               6267398.00          1                   0.47                2.12                2.12                14863.00            -9.171094           -62.565336          F 
110080                          1                   0.0001000           4983                198.62              25.09               50.51               6267398.00          11                  0.70                15.61               15.62               22238.00            -8.886994           -63.325621          F 
150050                          1                   0.0001000           4983                198.62              25.09               50.51               6267398.00          186                 1.09                171.21              174.54              34280.00            0.284479            -53.893585          F 
150445                          1                   0.0001000           4983                198.62              25.09               50.51               6267398.00          1                   0.86                1.17                1.17                27077.00            -3.160213           -53.194998          F 
510337                          1                   0.0001000           4983                198.62              25.09               50.51               6267398.00          0                   0.35                0                   0                   11011.00            -9.537854           -58.675155          F 
110110                          1                   0.0001000           4983                198.62              25.09               50.51               6267398.00          2                   0.27                7.39                7.39                8541.00             -9.170210           -63.044941          F 
150503                          1                   0.0001000           4983                198.62              25.09               50.51               6267398.00          19                  1.07                17.82               17.86               33638.00            -8.062277           -55.612026          F 
110175                          1                   0.0001000           4983                198.62              25.09               50.51               6267398.00          0                   0.25                0                   0                   7788.00             -9.732434           -61.939101          F 
140070                          1                   0.0001000           4983                198.62              25.09               50.51               6267398.00          3                   0.44                6.88                6.89                13751.00            4.685425            -60.279335          F 
150060                          1                   0.0001000           4983                198.62              25.09               50.51               6267398.00          29                  4.00                7.25                7.27                126279.00           -6.486172           -53.886683          F 
110026                          1                   0.0001000           4983                198.62              25.09               50.51               6267398.00          1                   0.11                9.09                9.09                3471.00             -9.645212           -62.790074          F 
510615                          1                   0.0001000           4983                198.62              25.09               50.51               6267398.00          0                   0.43                0                   0                   13635.00            -9.768441           -58.076941          F 
130100                          1                   0.0001000           4983                198.62              25.09               50.51               6267398.00          1                   0.91                1.10                1.10                28742.00            -5.118516           -67.337472          F 
130423                          1                   0.0001000           4983                198.62              25.09               50.51               6267398.00          0                   0.61                0                   0                   19247.00            -2.691809           -67.826049          F 
510140                          1                   0.0001000           4983                198.62              25.09               50.51               6267398.00          12                  0.78                15.38               15.39               24626.00            -10.179664          -59.856308          F 
150172                          1                   0.0001000           4983                198.62              25.09               50.51               6267398.00          0                   0.78                0                   0                   24718.00            -3.292106           -52.685405          F 
110020                          1                   0.0001000           4983                198.62              25.09               50.51               6267398.00          228                 14.59               15.63               15.98               460413.00           -9.153593           -64.306814          F 
110040                          1                   0.0001000           4983                198.62              25.09               50.51               6267398.00          2                   0.52                3.87                3.87                16320.00            -9.649310           -63.394322          F 
150590                          1                   0.0001000           4983                198.62              25.09               50.51               6267398.00          0                   1.29                0                   0                   40597.00            -2.184593           -52.547751          F 
110160                          1                   0.0001000           4983                198.62              25.09               50.51               6267398.00          0                   0.26                0                   0                   8113.00             -10.121769          -62.342505          F 
110002                          1                   0.0001000           4983                198.62              25.09               50.51               6267398.00          12                  3.07                3.91                3.91                96833.00            -9.951890           -62.957255          F 
510629                          1                   0.0001000           4983                198.62              25.09               50.51               6267398.00          0                   0.37                0                   0                   11671.00            -9.593574           -56.682589          F 
510757                          1                   0.0001000           4983                198.62              25.09               50.51               6267398.00          22                  0.11                198.06              198.51              3505.00             -10.463060          -61.009966          F 
160027                          1                   0.0001000           4983                198.62              25.09               50.51               6267398.00          2                   1.11                1.80                1.80                35114.00            1.101364            -53.310546          F 
510895                          1                   0.0001000           4983                198.62              25.09               50.51               6267398.00          0                   0.26                0                   0                   8313.00             -9.970186           -57.245656          F 
510517                          1                   0.0001000           4983                198.62              25.09               50.51               6267398.00          1                   0.32                3.09                3.09                10213.00            -10.397452          -58.624826          F 
110180                          1                   0.0001000           4983                198.62              25.09               50.51               6267398.00          0                   0.21                0                   0                   6479.00             -10.384257          -62.094047          F 
130240                          1                   0.0001000           4983                198.62              25.09               50.51               6267398.00          186                 1.44                129.14              131.64              45448.00            -8.375601           -65.811663          F 
510675                          2                   0.0001000           157                 1.62                96.82               98.39               52018.00            157                 1.62                96.82               98.39               52018.00            -15.516823          -59.457742          F 
150070                          3                   0.0001000           65                  0.89                73.22               73.71               28011.00            65                  0.89                73.22               73.71               28011.00            -0.827133           -49.961391          F 
150095                          4                   0.3882              6                   0.36                16.56               16.57               23632.00            6                   0.36                16.56               16.57               23632.00            -2.231179           -47.726353          F 
