130360                          1                   0.0001000           5062                244.09              20.74               38.37               6430738.00          1                   0.67                1.48                1.48                17780.00            -0.318566           -65.522058          F 
130040                          1                   0.0001000           5062                244.09              20.74               38.37               6430738.00          4                   0.96                4.16                4.16                25318.00            -0.465180           -63.434588          F 
130280                          1                   0.0001000           5062                244.09              20.74               38.37               6430738.00          3                   0.69                4.38                4.38                18051.00            -2.428415           -65.038109          F 
130160                          1                   0.0001000           5062                244.09              20.74               38.37               6430738.00          0                   0.75                0                   0                   19783.00            -2.492180           -66.358452          F 
130380                          1                   0.0001000           5062                244.09              20.74               38.37               6430738.00          3                   1.55                1.94                1.94                40806.00            0.374453            -67.997697          F 
130426                          1                   0.0001000           5062                244.09              20.74               38.37               6430738.00          0                   0.38                0                   0                   10130.00            -3.167038           -65.411879          F 
130210                          1                   0.0001000           5062                244.09              20.74               38.37               6430738.00          1                   0.19                5.24                5.24                5025.00             -1.698117           -68.320288          F 
130220                          1                   0.0001000           5062                244.09              20.74               38.37               6430738.00          0                   0.34                0                   0                   9032.00             -3.524623           -66.306825          F 
130423                          1                   0.0001000           5062                244.09              20.74               38.37               6430738.00          0                   0.75                0                   0                   19858.00            -2.691643           -67.827923          F 
130002                          1                   0.0001000           5062                244.09              20.74               38.37               6430738.00          0                   0.51                0                   0                   13445.00            -3.701122           -65.330652          F 
130130                          1                   0.0001000           5062                244.09              20.74               38.37               6430738.00          0                   0.62                0                   0                   16418.00            -3.289026           -62.972665          F 
140028                          1                   0.0001000           5062                244.09              20.74               38.37               6430738.00          1                   0.23                4.31                4.31                6118.00             2.186649            -62.468913          F 
130420                          1                   0.0001000           5062                244.09              20.74               38.37               6430738.00          3                   2.46                1.22                1.22                64703.00            -4.468383           -65.529278          F 
130006                          1                   0.0001000           5062                244.09              20.74               38.37               6430738.00          1                   0.33                3.03                3.03                8694.00             -3.418321           -68.287308          F 
130320                          1                   0.0001000           5062                244.09              20.74               38.37               6430738.00          1                   0.58                1.72                1.72                15343.00            -2.046996           -61.701836          F 
140020                          1                   0.0001000           5062                244.09              20.74               38.37               6430738.00          9                   0.71                12.62               12.63               18789.00            0.990862            -61.471950          F 
130120                          1                   0.0001000           5062                244.09              20.74               38.37               6430738.00          2                   2.55                0.79                0.79                67055.00            -4.437162           -64.124619          F 
140005                          1                   0.0001000           5062                244.09              20.74               38.37               6430738.00          0                   0.55                0                   0                   14562.00            3.078187            -62.755259          F 
130370                          1                   0.0001000           5062                244.09              20.74               38.37               6430738.00          2                   1.15                1.75                1.75                30176.00            -3.051175           -69.087897          F 
140047                          1                   0.0001000           5062                244.09              20.74               38.37               6430738.00          32                  0.98                32.79               32.88               25714.00            0.0378310           -61.010414          F 
140030                          1                   0.0001000           5062                244.09              20.74               38.37               6430738.00          0                   0.49                0                   0                   13017.00            2.510145            -61.983632          F 
130083                          1                   0.0001000           5062                244.09              20.74               38.37               6430738.00          1                   0.42                2.40                2.40                10958.00            -3.081969           -61.877491          F 
130008                          1                   0.0001000           5062                244.09              20.74               38.37               6430738.00          0                   0.32                0                   0                   8483.00             -3.502503           -61.716696          F 
140002                          1                   0.0001000           5062                244.09              20.74               38.37               6430738.00          0                   0.30                0                   0                   7980.00             3.732874            -62.436863          F 
130100                          1                   0.0001000           5062                244.09              20.74               38.37               6430738.00          0                   0.98                0                   0                   25950.00            -5.118832           -67.337382          F 
130010                          1                   0.0001000           5062                244.09              20.74               38.37               6430738.00          0                   0.55                0                   0                   14386.00            -4.186645           -62.073001          F 
130230                          1                   0.0001000           5062                244.09              20.74               38.37               6430738.00          0                   0.66                0                   0                   17337.00            -4.713108           -68.403854          F 
130250                          1                   0.0001000           5062                244.09              20.74               38.37               6430738.00          4                   3.24                1.24                1.24                85279.00            -3.291606           -60.958222          F 
140060                          1                   0.0001000           5062                244.09              20.74               38.37               6430738.00          0                   0.22                0                   0                   5922.00             0.884349            -60.151701          F 
130406                          1                   0.0001000           5062                244.09              20.74               38.37               6430738.00          2                   1.79                1.12                1.12                47051.00            -4.027765           -69.681346          F 
140017                          1                   0.0001000           5062                244.09              20.74               38.37               6430738.00          2                   0.44                4.53                4.53                11638.00            2.272838            -60.542067          F 
130353                          1                   0.0001000           5062                244.09              20.74               38.37               6430738.00          2                   0.97                2.07                2.07                25474.00            -1.372564           -59.988741          F 
130063                          1                   0.0001000           5062                244.09              20.74               38.37               6430738.00          0                   0.55                0                   0                   14374.00            -4.603475           -61.787364          F 
130390                          1                   0.0001000           5062                244.09              20.74               38.37               6430738.00          0                   1.22                0                   0                   32067.00            -4.497836           -69.450565          F 
130260                          1                   0.0001000           5062                244.09              20.74               38.37               6430738.00          124                 64.87               1.91                1.92                1709010.00          -2.626021           -60.259483          F 
130185                          1                   0.0001000           5062                244.09              20.74               38.37               6430738.00          0                   1.28                0                   0                   33834.00            -3.095148           -60.480667          F 
140050                          1                   0.0001000           5062                244.09              20.74               38.37               6430738.00          0                   0.23                0                   0                   5945.00             0.635650            -59.844809          F 
130410                          1                   0.0001000           5062                244.09              20.74               38.37               6430738.00          0                   0.76                0                   0                   19966.00            -6.104509           -64.893865          F 
140010                          1                   0.0001000           5062                244.09              20.74               38.37               6430738.00          31                  9.90                3.13                3.14                260930.00           3.117964            -60.717850          F 
130255                          1                   0.0001000           5062                244.09              20.74               38.37               6430738.00          0                   0.76                0                   0                   20095.00            -3.779354           -60.697327          F 
140015                          1                   0.0001000           5062                244.09              20.74               38.37               6430738.00          0                   0.40                0                   0                   10604.00            2.787148            -60.100125          F 
130356                          1                   0.0001000           5062                244.09              20.74               38.37               6430738.00          2                   0.99                2.03                2.03                26004.00            -2.529891           -59.638156          F 
140023                          1                   0.0001000           5062                244.09              20.74               38.37               6430738.00          1                   0.28                3.56                3.56                7400.00             0.914772            -59.338066          F 
130110                          1                   0.0001000           5062                244.09              20.74               38.37               6430738.00          0                   1.22                0                   0                   32190.00            -3.770658           -60.183093          F 
140045                          1                   0.0001000           5062                244.09              20.74               38.37               6430738.00          0                   0.34                0                   0                   9019.00             4.168751            -60.839425          F 
130430                          1                   0.0001000           5062                244.09              20.74               38.37               6430738.00          1                   0.61                1.64                1.64                16035.00            -0.893871           -59.029898          F 
130115                          1                   0.0001000           5062                244.09              20.74               38.37               6430738.00          0                   0.91                0                   0                   24030.00            -3.286228           -59.599493          F 
130195                          1                   0.0001000           5062                244.09              20.74               38.37               6430738.00          0                   0.32                0                   0                   8300.00             -6.682874           -68.114036          F 
140040                          1                   0.0001000           5062                244.09              20.74               38.37               6430738.00          0                   0.28                0                   0                   7403.00             3.878942            -60.064912          F 
130030                          1                   0.0001000           5062                244.09              20.74               38.37               6430738.00          0                   1.18                0                   0                   31107.00            -3.788879           -59.528635          F 
130060                          1                   0.0001000           5062                244.09              20.74               38.37               6430738.00          0                   1.16                0                   0                   30476.00            -5.429327           -70.278296          F 
130395                          1                   0.0001000           5062                244.09              20.74               38.37               6430738.00          0                   0.34                0                   0                   9079.00             -1.946118           -58.702338          F 
130090                          1                   0.0001000           5062                244.09              20.74               38.37               6430738.00          472                 0.45                1049.90             1098.17             11844.00            -7.403346           -64.096665          F 
130200                          1                   0.0001000           5062                244.09              20.74               38.37               6430738.00          0                   0.36                0                   0                   9515.00             -2.498704           -58.619577          F 
140070                          1                   0.0001000           5062                244.09              20.74               38.37               6430738.00          0                   0.29                0                   0                   7742.00             4.683843            -60.280731          F 
130190                          1                   0.0001000           5062                244.09              20.74               38.37               6430738.00          1                   3.34                0.30                0.30                87896.00            -3.174662           -58.777136          F 
130270                          1                   0.0001000           5062                244.09              20.74               38.37               6430738.00          577                 1.75                330.49              349.22              45996.00            -6.459804           -61.446481          F 
130400                          1                   0.0001000           5062                244.09              20.74               38.37               6430738.00          0                   0.32                0                   0                   8479.00             -2.822093           -58.536128          F 
130080                          1                   0.0001000           5062                244.09              20.74               38.37               6430738.00          1                   1.22                0.82                0.82                32160.00            -4.957034           -59.534428          F 
130170                          1                   0.0001000           5062                244.09              20.74               38.37               6430738.00          437                 1.52                287.63              299.80              40027.00            -7.362897           -62.485394          F 
150300                          1                   0.0001000           5062                244.09              20.74               38.37               6430738.00          49                  0.71                69.00               69.31               18710.00            -1.158833           -57.806300          F 
130310                          1                   0.0001000           5062                244.09              20.74               38.37               6430738.00          0                   1.15                0                   0                   30357.00            -3.988364           -58.601783          F 
130350                          1                   0.0001000           5062                244.09              20.74               38.37               6430738.00          1                   0.72                1.39                1.39                18938.00            -7.757795           -68.197229          F 
130300                          1                   0.0001000           5062                244.09              20.74               38.37               6430738.00          267                 0.69                386.54              396.38              18198.00            -1.680483           -57.656536          F 
130240                          1                   0.0001000           5062                244.09              20.74               38.37               6430738.00          464                 1.46                317.92              332.24              38451.00            -8.375880           -65.812244          F 
130440                          1                   0.0001000           5062                244.09              20.74               38.37               6430738.00          0                   0.68                0                   0                   17971.00            -2.812240           -57.770143          F 
130140                          1                   0.0001000           5062                244.09              20.74               38.37               6430738.00          2                   1.16                1.73                1.73                30473.00            -7.022778           -70.222033          F 
130020                          1                   0.0001000           5062                244.09              20.74               38.37               6430738.00          12                  0.54                22.12               22.14               14292.00            -5.711940           -71.742673          F 
130330                          1                   0.0001000           5062                244.09              20.74               38.37               6430738.00          197                 0.71                276.12              281.27              18796.00            -6.825051           -60.477192          F 
130068                          1                   0.0001000           5062                244.09              20.74               38.37               6430738.00          0                   0.52                0                   0                   13677.00            -3.138082           -57.669942          F 
150530                          1                   0.0001000           5062                244.09              20.74               38.37               6430738.00          5                   2.19                2.28                2.28                57765.00            0.255032            -57.149736          F 
130150                          1                   0.0001000           5062                244.09              20.74               38.37               6430738.00          0                   0.65                0                   0                   17148.00            -7.573750           -70.054927          F 
130290                          1                   0.0001000           5062                244.09              20.74               38.37               6430738.00          182                 1.85                98.24               99.92               48808.00            -4.984990           -58.060916          F 
130050                          1                   0.0001000           5062                244.09              20.74               38.37               6430738.00          0                   1.05                0                   0                   27664.00            -3.129157           -57.172390          F 
130070                          1                   0.0001000           5062                244.09              20.74               38.37               6430738.00          71                  1.17                60.62               61.01               30858.00            -8.772979           -68.047540          F 
110080                          1                   0.0001000           5062                244.09              20.74               38.37               6430738.00          3                   0.65                4.61                4.61                17147.00            -8.887011           -63.325581          F 
110020                          1                   0.0001000           5062                244.09              20.74               38.37               6430738.00          295                 14.39               20.50               21.05               379186.00           -9.153039           -64.305489          F 
130340                          1                   0.0001000           5062                244.09              20.74               38.37               6430738.00          0                   4.01                0                   0                   105742.00           -2.688407           -56.854026          F 
130180                          1                   0.0001000           5062                244.09              20.74               38.37               6430738.00          431                 0.68                636.12              662.71              17850.00            -7.181162           -71.415929          F 
110110                          1                   0.0001000           5062                244.09              20.74               38.37               6430738.00          0                   0.31                0                   0                   8110.00             -9.170195           -63.044988          F 
150797                          1                   0.0001000           5062                244.09              20.74               38.37               6430738.00          1                   0.60                1.66                1.66                15885.00            -1.952134           -56.458364          F 
110094                          1                   0.0001000           5062                244.09              20.74               38.37               6430738.00          2                   0.54                3.73                3.73                14122.00            -9.170974           -62.565037          F 
110013                          1                   0.0001000           5062                244.09              20.74               38.37               6430738.00          19                  1.22                15.54               15.56               32214.00            -9.204070           -62.010294          F 
120080                          1                   0.0001000           5062                244.09              20.74               38.37               6430738.00          3                   0.54                5.52                5.52                14309.00            -9.629475           -67.701064          F 
110040                          1                   0.0001000           5062                244.09              20.74               38.37               6430738.00          3                   0.65                4.60                4.60                17169.00            -9.649274           -63.394283          F 
150390                          1                   0.0001000           5062                244.09              20.74               38.37               6430738.00          0                   1.33                0                   0                   35155.00            -2.622585           -56.221232          F 
130014                          1                   0.0001000           5062                244.09              20.74               38.37               6430738.00          94                  0.69                136.29              137.49              18170.00            -7.759871           -59.431439          F 
120013                          1                   0.0001000           5062                244.09              20.74               38.37               6430738.00          0                   0.26                0                   0                   6745.00             -9.613848           -68.175429          F 
110026                          1                   0.0001000           5062                244.09              20.74               38.37               6430738.00          0                   0.12                0                   0                   3260.00             -9.645106           -62.790311          F 
120001                          1                   0.0001000           5062                244.09              20.74               38.37               6430738.00          19                  0.45                41.76               41.83               11987.00            -9.934392           -66.948427          F 
150510                          1                   0.0001000           5062                244.09              20.74               38.37               6430738.00          11                  1.83                6.00                6.01                48287.00            -0.170427           -55.674947          F 
110045                          1                   0.0001000           5062                244.09              20.74               38.37               6430738.00          5                   1.29                3.89                3.89                33879.00            -10.052159          -63.941154          F 
120045                          1                   0.0001000           5062                244.09              20.74               38.37               6430738.00          0                   0.74                0                   0                   19506.00            -9.996928           -67.427266          F 
120060                          1                   0.0001000           5062                244.09              20.74               38.37               6430738.00          0                   1.27                0                   0                   33368.00            -8.238234           -71.446466          F 
110002                          1                   0.0001000           5062                244.09              20.74               38.37               6430738.00          38                  3.21                11.84               11.87               84581.00            -9.951979           -62.957373          F 
120034                          1                   0.0001000           5062                244.09              20.74               38.37               6430738.00          0                   0.28                0                   0                   7405.00             -9.380351           -69.854989          F 
130165                          1                   0.0001000           5062                244.09              20.74               38.37               6430738.00          326                 0.56                584.89              603.19              14684.00            -7.229841           -72.844424          F 
120030                          1                   0.0001000           5062                244.09              20.74               38.37               6430738.00          0                   1.22                0                   0                   32210.00            -8.926430           -70.747840          F 
110175                          1                   0.0001000           5062                244.09              20.74               38.37               6430738.00          0                   0.34                0                   0                   8981.00             -9.732685           -61.939355          F 
150100                          1                   0.0001000           5062                244.09              20.74               38.37               6430738.00          0                   0.75                0                   0                   19839.00            -3.667209           -56.016450          F 
120038                          1                   0.0001000           5062                244.09              20.74               38.37               6430738.00          0                   0.68                0                   0                   17921.00            -10.248624          -67.339671          F 
110033                          1                   0.0001000           5062                244.09              20.74               38.37               6430738.00          2                   0.82                2.43                2.43                21650.00            -10.382239          -64.629270          F 
110140                          1                   0.0001000           5062                244.09              20.74               38.37               6430738.00          2                   0.48                4.15                4.15                12710.00            -10.210793          -63.372281          F 
120040                          1                   0.0001000           5062                244.09              20.74               38.37               6430738.00          23                  11.44               2.01                2.01                301398.00           -10.066358          -68.371440          F 
120050                          1                   0.0001000           5062                244.09              20.74               38.37               6430738.00          3                   1.35                2.22                2.22                35544.00            -9.771845           -69.382700          F 
110160                          1                   0.0001000           5062                244.09              20.74               38.37               6430738.00          0                   0.39                0                   0                   10254.00            -10.121814          -62.342289          F 
120043                          1                   0.0001000           5062                244.09              20.74               38.37               6430738.00          0                   0.16                0                   0                   4165.00             -9.412364           -70.398018          F 
110070                          1                   0.0001000           5062                244.09              20.74               38.37               6430738.00          18                  0.49                37.08               37.14               12790.00            -10.485091          -63.799446          F 
110060                          1                   0.0001000           5062                244.09              20.74               38.37               6430738.00          0                   0.22                0                   0                   5707.00             -10.331685          -62.987180          F 
510325                          1                   0.0001000           5062                244.09              20.74               38.37               6430738.00          268                 1.12                238.24              244.32              29636.00            -9.292283           -60.305531          F 
120017                          1                   0.0001000           5062                244.09              20.74               38.37               6430738.00          1                   0.34                2.96                2.96                8897.00             -10.474157          -67.835782          F 
150040                          1                   0.0001000           5062                244.09              20.74               38.37               6430738.00          2                   2.11                0.95                0.95                55688.00            -0.536230           -55.069883          F 
150285                          1                   0.0001000           5062                244.09              20.74               38.37               6430738.00          0                   0.48                0                   0                   12644.00            -1.845743           -55.113264          F 
120020                          1                   0.0001000           5062                244.09              20.74               38.37               6430738.00          38                  2.90                13.11               13.15               76392.00            -7.974126           -72.761548          F 
150360                          1                   0.0001000           5062                244.09              20.74               38.37               6430738.00          144                 4.74                30.38               30.78               124865.00           -5.871333           -56.496545          F 
110180                          1                   0.0001000           5062                244.09              20.74               38.37               6430738.00          1                   0.34                2.92                2.92                9008.00             -10.384134          -62.093876          F 
150805                          1                   0.0001000           5062                244.09              20.74               38.37               6430738.00          0                   0.64                0                   0                   16860.00            -5.130084           -56.003417          F 
120033                          1                   0.0001000           5062                244.09              20.74               38.37               6430738.00          2                   0.55                3.66                3.66                14387.00            -7.503753           -73.439585          F 
120070                          1                   0.0001000           5062                244.09              20.74               38.37               6430738.00          0                   0.56                0                   0                   14848.00            -10.575880          -68.505122          F 
110011                          1                   0.0001000           5062                244.09              20.74               38.37               6430738.00          3                   2.05                1.46                1.46                53955.00            -10.592446          -62.584788          F 
110100                          1                   0.0001000           5062                244.09              20.74               38.37               6430738.00          1                   0.45                2.23                2.23                11793.00            -10.748055          -63.183884          F 
150680                          1                   0.0001000           5062                244.09              20.74               38.37               6430738.00          6                   10.46               0.57                0.57                275571.00           -2.764647           -55.093854          F 
120042                          1                   0.0001000           5062                244.09              20.74               38.37               6430738.00          2                   0.49                4.05                4.05                13020.00            -7.841819           -73.222514          F 
110012                          1                   0.0001000           5062                244.09              20.74               38.37               6430738.00          3                   4.20                0.71                0.71                110707.00           -10.462197          -61.757091          F 
110015                          1                   0.0001000           5062                244.09              20.74               38.37               6430738.00          1                   1.41                0.71                0.71                37142.00            -10.610539          -62.172424          F 
150375                          1                   0.0001000           5062                244.09              20.74               38.37               6430738.00          45                  1.51                29.72               29.84               39892.00            -7.445178           -57.302829          F 
120039                          1                   0.0001000           5062                244.09              20.74               38.37               6430738.00          0                   0.32                0                   0                   8562.00             -8.489533           -72.721389          F 
150145                          1                   0.0001000           5062                244.09              20.74               38.37               6430738.00          0                   0.49                0                   0                   12861.00            -3.191161           -54.992826          F 
120032                          1                   0.0001000           5062                244.09              20.74               38.37               6430738.00          0                   0.24                0                   0                   6333.00             -9.243211           -71.907488          F 
110143                          1                   0.0001000           5062                244.09              20.74               38.37               6430738.00          0                   0.30                0                   0                   7978.00             -10.889526          -62.532438          F 
120025                          1                   0.0001000           5062                244.09              20.74               38.37               6430738.00          1                   0.53                1.89                1.89                13960.00            -10.889162          -68.618498          F 
150619                          1                   0.0001000           5062                244.09              20.74               38.37               6430738.00          2                   1.33                1.50                1.50                35033.00            -4.241022           -55.210827          F 
110010                          1                   0.0001000           5062                244.09              20.74               38.37               6430738.00          3                   1.54                1.95                1.95                40541.00            -11.305773          -64.537463          F 
120010                          1                   0.0001000           5062                244.09              20.74               38.37               6430738.00          0                   0.75                0                   0                   19829.00            -10.747736          -69.207484          F 
110130                          1                   0.0001000           5062                244.09              20.74               38.37               6430738.00          1                   0.47                2.12                2.12                12446.00            -11.076985          -62.848279          F 
510757                          1                   0.0001000           5062                244.09              20.74               38.37               6430738.00          51                  0.13                388.66              390.52              3457.00             -10.463060          -61.010088          F 
110155                          1                   0.0001000           5062                244.09              20.74               38.37               6430738.00          0                   0.19                0                   0                   5070.00             -10.943464          -62.279708          F 
150480                          1                   0.0001000           5062                244.09              20.74               38.37               6430738.00          1                   2.41                0.41                0.41                63543.00            -1.119762           -54.365806          F 
110170                          1                   0.0001000           5062                244.09              20.74               38.37               6430738.00          3                   0.52                5.73                5.73                13785.00            -11.103908          -62.424021          F 
120035                          1                   0.0001000           5062                244.09              20.74               38.37               6430738.00          0                   0.52                0                   0                   13728.00            -9.099817           -72.558104          F 
120005                          1                   0.0001000           5062                244.09              20.74               38.37               6430738.00          0                   0.21                0                   0                   5559.00             -10.779491          -70.006358          F 
510140                          1                   0.0001000           5062                244.09              20.74               38.37               6430738.00          22                  0.76                29.08               29.14               19930.00            -10.187963          -59.839297          F 
110034                          1                   0.0001000           5062                244.09              20.74               38.37               6430738.00          0                   0.65                0                   0                   17009.00            -11.311455          -62.544783          F 
510080                          1                   0.0001000           5062                244.09              20.74               38.37               6430738.00          0                   0.31                0                   0                   8228.00             -8.753341           -57.827599          F 
110025                          1                   0.0001000           5062                244.09              20.74               38.37               6430738.00          0                   0.87                0                   0                   22896.00            -11.166190          -61.877898          F 
510337                          1                   0.0001000           5062                244.09              20.74               38.37               6430738.00          0                   0.55                0                   0                   14406.00            -9.536841           -58.677801          F 
110120                          1                   0.0001000           5062                244.09              20.74               38.37               6430738.00          0                   0.40                0                   0                   10653.00            -11.160345          -61.568926          F 
150565                          1                   0.0001000           5062                244.09              20.74               38.37               6430738.00          0                   0.72                0                   0                   19030.00            -3.889977           -54.500599          F 
110032                          1                   0.0001000           5062                244.09              20.74               38.37               6430738.00          0                   0.88                0                   0                   23283.00            -11.628169          -62.941940          F 
150050                          1                   0.0001000           5062                244.09              20.74               38.37               6430738.00          192                 1.19                160.71              163.62              31475.00            0.284350            -53.893460          F 
150195                          2                   0.0001000           141                 0.69                203.21              205.90              18481.00            141                 0.69                203.21              205.90              18481.00            -1.991029           -46.439673          F 
210317                          3                   0.0001000           103                 0.59                174.20              175.88              15577.00            103                 0.59                174.20              175.88              15577.00            -3.086137           -46.538028          F 
150580                          4                   0.0001000           215                 41.57               5.17                5.26                1317183.00          1                   1.51                0.66                0.66                47967.00            -2.565541           -50.955536          F 
150110                          4                   0.0001000           215                 41.57               5.17                5.26                1317183.00          0                   0.62                0                   0                   19780.00            -2.372794           -50.181886          F 
150450                          4                   0.0001000           215                 41.57               5.17                5.26                1317183.00          0                   0.57                0                   0                   17989.00            -1.607856           -51.104066          F 
150520                          4                   0.0001000           215                 41.57               5.17                5.26                1317183.00          0                   0.84                0                   0                   26487.00            -2.278960           -49.902322          F 
150548                          4                   0.0001000           215                 41.57               5.17                5.26                1317183.00          14                  1.29                10.88               10.89               40768.00            -3.684058           -50.631545          F 
150835                          4                   0.0001000           215                 41.57               5.17                5.26                1317183.00          0                   0.31                0                   0                   9809.00             -3.141047           -51.973342          F 
150120                          4                   0.0001000           215                 41.57               5.17                5.26                1317183.00          0                   0.87                0                   0                   27652.00            -3.129242           -49.698861          F 
150280                          4                   0.0001000           215                 41.57               5.17                5.26                1317183.00          0                   0.85                0                   0                   26864.00            -1.583580           -49.988115          F 
150085                          4                   0.0001000           215                 41.57               5.17                5.26                1317183.00          1                   0.61                1.63                1.63                19410.00            -3.997294           -51.301209          F 
150210                          4                   0.0001000           215                 41.57               5.17                5.26                1317183.00          0                   3.64                0                   0                   115377.00           -2.253113           -49.513615          F 
150180                          4                   0.0001000           215                 41.57               5.17                5.26                1317183.00          26                  3.13                8.30                8.32                99223.00            -1.121333           -50.628584          F 
150460                          4                   0.0001000           215                 41.57               5.17                5.26                1317183.00          0                   0.77                0                   0                   24328.00            -2.576520           -49.465753          F 
150310                          4                   0.0001000           215                 41.57               5.17                5.26                1317183.00          26                  0.80                32.55               32.63               25306.00            -1.151921           -51.555276          F 
150590                          4                   0.0001000           215                 41.57               5.17                5.26                1317183.00          2                   0.87                2.29                2.29                27689.00            -2.184494           -52.547960          F 
150400                          4                   0.0001000           215                 41.57               5.17                5.26                1317183.00          0                   0.77                0                   0                   24483.00            -1.864288           -49.469256          F 
150770                          4                   0.0001000           215                 41.57               5.17                5.26                1317183.00          0                   0.68                0                   0                   21499.00            -1.434046           -49.680194          F 
150810                          4                   0.0001000           215                 41.57               5.17                5.26                1317183.00          10                  2.97                3.37                3.37                94015.00            -3.855790           -49.820813          F 
150780                          4                   0.0001000           215                 41.57               5.17                5.26                1317183.00          0                   0.46                0                   0                   14566.00            -4.171559           -51.773388          F 
150172                          4                   0.0001000           215                 41.57               5.17                5.26                1317183.00          0                   0.62                0                   0                   19531.00            -3.292151           -52.685423          F 
150470                          4                   0.0001000           215                 41.57               5.17                5.26                1317183.00          0                   2.12                0                   0                   67195.00            -2.683914           -49.073983          F 
150330                          4                   0.0001000           215                 41.57               5.17                5.26                1317183.00          0                   1.79                0                   0                   56639.00            -2.062684           -49.130853          F 
160080                          4                   0.0001000           215                 41.57               5.17                5.26                1317183.00          2                   0.36                5.63                5.63                11253.00            -0.997903           -52.061167          F 
150178                          4                   0.0001000           215                 41.57               5.17                5.26                1317183.00          4                   1.59                2.51                2.52                50400.00            -3.733432           -49.370902          F 
150070                          4                   0.0001000           215                 41.57               5.17                5.26                1317183.00          26                  0.84                31.01               31.08               26563.00            -0.827103           -49.962044          F 
150490                          4                   0.0001000           215                 41.57               5.17                5.26                1317183.00          0                   0.95                0                   0                   30117.00            -1.355540           -49.309395          F 
150506                          4                   0.0001000           215                 41.57               5.17                5.26                1317183.00          6                   1.72                3.49                3.49                54506.00            -4.502833           -50.271560          F 
150010                          4                   0.0001000           215                 41.57               5.17                5.26                1317183.00          0                   4.36                0                   0                   138005.00           -1.730297           -48.883073          F 
150795                          4                   0.0001000           215                 41.57               5.17                5.26                1317183.00          8                   2.20                3.64                3.64                69581.00            -2.907824           -48.736640          F 
150030                          4                   0.0001000           215                 41.57               5.17                5.26                1317183.00          65                  1.02                63.62               64.01               32368.00            -0.263841           -50.727746          F 
150445                          4                   0.0001000           215                 41.57               5.17                5.26                1317183.00          0                   0.74                0                   0                   23487.00            -3.160218           -53.194916          F 
150570                          4                   0.0001000           215                 41.57               5.17                5.26                1317183.00          0                   0.81                0                   0                   25743.00            -1.117579           -49.077239          F 
150309                          4                   0.0001000           215                 41.57               5.17                5.26                1317183.00          24                  0.90                26.60               26.66               28583.00            -4.027408           -49.005681          F 
