510325                          1                   0.0001000           3670                78.79               46.58               84.72               3087259.00          539                 0.98                547.40              586.58              38582.00            -9.292283           -60.305531          F 
510140                          1                   0.0001000           3670                78.79               46.58               84.72               3087259.00          66                  0.57                115.69              116.64              22354.00            -10.187963          -59.839297          F 
510757                          1                   0.0001000           3670                78.79               46.58               84.72               3087259.00          2                   0.10                19.59               19.59               4001.00             -10.463060          -61.010088          F 
510337                          1                   0.0001000           3670                78.79               46.58               84.72               3087259.00          0                   0.50                0                   0                   19750.00            -9.536841           -58.677801          F 
110175                          1                   0.0001000           3670                78.79               46.58               84.72               3087259.00          0                   0.29                0                   0                   11204.00            -9.732685           -61.939355          F 
110013                          1                   0.0001000           3670                78.79               46.58               84.72               3087259.00          3                   1.02                2.94                2.94                39991.00            -9.204070           -62.010294          F 
130014                          1                   0.0001000           3670                78.79               46.58               84.72               3087259.00          27                  0.56                48.15               48.31               21973.00            -7.759871           -59.431439          F 
110012                          1                   0.0001000           3670                78.79               46.58               84.72               3087259.00          0                   3.29                0                   0                   128969.00           -10.462197          -61.757091          F 
510517                          1                   0.0001000           3670                78.79               46.58               84.72               3087259.00          0                   0.40                0                   0                   15865.00            -10.359620          -58.592177          F 
110180                          1                   0.0001000           3670                78.79               46.58               84.72               3087259.00          6                   0.17                34.45               34.47               6825.00             -10.384134          -62.093876          F 
110009                          1                   0.0001000           3670                78.79               46.58               84.72               3087259.00          1                   0.83                1.21                1.21                32374.00            -11.351368          -60.784721          F 
110160                          1                   0.0001000           3670                78.79               46.58               84.72               3087259.00          0                   0.27                0                   0                   10444.00            -10.121814          -62.342289          F 
110094                          1                   0.0001000           3670                78.79               46.58               84.72               3087259.00          5                   0.64                7.77                7.77                25215.00            -9.170974           -62.565037          F 
110120                          1                   0.0001000           3670                78.79               46.58               84.72               3087259.00          0                   0.25                0                   0                   9660.00             -11.160345          -61.568926          F 
110004                          1                   0.0001000           3670                78.79               46.58               84.72               3087259.00          1                   2.18                0.46                0.46                85359.00            -11.301237          -61.324689          F 
510615                          1                   0.0001000           3670                78.79               46.58               84.72               3087259.00          1                   0.39                2.56                2.56                15288.00            -9.768714           -58.076318          F 
110015                          1                   0.0001000           3670                78.79               46.58               84.72               3087259.00          0                   0.92                0                   0                   36035.00            -10.610539          -62.172424          F 
510285                          1                   0.0001000           3670                78.79               46.58               84.72               3087259.00          0                   0.22                0                   0                   8729.00             -10.955815          -58.604328          F 
110025                          1                   0.0001000           3670                78.79               46.58               84.72               3087259.00          0                   0.48                0                   0                   18986.00            -11.166190          -61.877898          F 
510515                          1                   0.0001000           3670                78.79               46.58               84.72               3087259.00          2                   1.05                1.91                1.91                40997.00            -11.533422          -59.327120          F 
130330                          1                   0.0001000           3670                78.79               46.58               84.72               3087259.00          22                  0.65                33.62               33.70               25644.00            -6.825051           -60.477192          F 
110026                          1                   0.0001000           3670                78.79               46.58               84.72               3087259.00          0                   0.096               0                   0                   3764.00             -9.645106           -62.790311          F 
510080                          1                   0.0001000           3670                78.79               46.58               84.72               3087259.00          1                   0.26                3.87                3.87                10133.00            -8.753341           -57.827599          F 
110155                          1                   0.0001000           3670                78.79               46.58               84.72               3087259.00          0                   0.11                0                   0                   4308.00             -10.943464          -62.279708          F 
110011                          1                   0.0001000           3670                78.79               46.58               84.72               3087259.00          0                   1.32                0                   0                   51775.00            -10.592446          -62.584788          F 
110018                          1                   0.0001000           3670                78.79               46.58               84.72               3087259.00          0                   0.94                0                   0                   36660.00            -11.894543          -60.830315          F 
110090                          1                   0.0001000           3670                78.79               46.58               84.72               3087259.00          0                   0.078               0                   0                   3052.00             -11.470879          -61.879911          F 
110002                          1                   0.0001000           3670                78.79               46.58               84.72               3087259.00          10                  2.75                3.63                3.64                107863.00           -9.951979           -62.957373          F 
110110                          1                   0.0001000           3670                78.79               46.58               84.72               3087259.00          1                   0.27                3.75                3.75                10458.00            -9.170195           -63.044988          F 
110143                          1                   0.0001000           3670                78.79               46.58               84.72               3087259.00          0                   0.18                0                   0                   6970.00             -10.889526          -62.532438          F 
110170                          1                   0.0001000           3670                78.79               46.58               84.72               3087259.00          0                   0.29                0                   0                   11467.00            -11.103908          -62.424021          F 
110147                          1                   0.0001000           3670                78.79               46.58               84.72               3087259.00          1                   0.073               13.72               13.72               2856.00             -11.878589          -61.315189          F 
110030                          1                   0.0001000           3670                78.79               46.58               84.72               3087259.00          2                   2.55                0.78                0.78                99854.00            -12.087986          -60.252451          F 
110028                          1                   0.0001000           3670                78.79               46.58               84.72               3087259.00          0                   1.41                0                   0                   55058.00            -11.732560          -61.771453          F 
110060                          1                   0.0001000           3670                78.79               46.58               84.72               3087259.00          1                   0.16                6.29                6.29                6230.00             -10.331685          -62.987180          F 
110148                          1                   0.0001000           3670                78.79               46.58               84.72               3087259.00          0                   0.13                0                   0                   5172.00             -11.904682          -61.467066          F 
130170                          1                   0.0001000           3670                78.79               46.58               84.72               3087259.00          217                 1.41                154.37              158.62              55080.00            -7.362897           -62.485394          F 
110014                          1                   0.0001000           3670                78.79               46.58               84.72               3087259.00          0                   0.52                0                   0                   20474.00            -11.564334          -62.233031          F 
110050                          1                   0.0001000           3670                78.79               46.58               84.72               3087259.00          0                   0.22                0                   0                   8538.00             -11.681047          -62.083187          F 
110034                          1                   0.0001000           3670                78.79               46.58               84.72               3087259.00          0                   0.37                0                   0                   14411.00            -11.311455          -62.544783          F 
110080                          1                   0.0001000           3670                78.79               46.58               84.72               3087259.00          16                  0.68                23.49               23.53               26693.00            -8.887011           -63.325581          F 
130270                          1                   0.0001000           3670                78.79               46.58               84.72               3087259.00          56                  1.42                39.36               39.63               55751.00            -6.459804           -61.446481          F 
110029                          1                   0.0001000           3670                78.79               46.58               84.72               3087259.00          0                   0.17                0                   0                   6495.00             -12.027061          -61.700877          F 
110040                          1                   0.0001000           3670                78.79               46.58               84.72               3087259.00          1                   0.55                1.83                1.83                21428.00            -9.649274           -63.394283          F 
110130                          1                   0.0001000           3670                78.79               46.58               84.72               3087259.00          0                   0.28                0                   0                   10947.00            -11.076985          -62.848279          F 
510895                          1                   0.0001000           3670                78.79               46.58               84.72               3087259.00          0                   0.23                0                   0                   9178.00             -9.964637           -57.251389          F 
110140                          1                   0.0001000           3670                78.79               46.58               84.72               3087259.00          0                   0.40                0                   0                   15852.00            -10.210793          -63.372281          F 
110145                          1                   0.0001000           3670                78.79               46.58               84.72               3087259.00          0                   0.16                0                   0                   6074.00             -12.262291          -61.415241          F 
510510                          1                   0.0001000           3670                78.79               46.58               84.72               3087259.00          1                   0.89                1.12                1.12                34974.00            -11.021025          -57.612138          F 
110100                          1                   0.0001000           3670                78.79               46.58               84.72               3087259.00          0                   0.20                0                   0                   7767.00             -10.748055          -63.183884          F 
110092                          1                   0.0001000           3670                78.79               46.58               84.72               3087259.00          0                   0.29                0                   0                   11182.00            -12.537404          -60.898400          F 
110032                          1                   0.0001000           3670                78.79               46.58               84.72               3087259.00          0                   0.59                0                   0                   23005.00            -11.628169          -62.941940          F 
150375                          1                   0.0001000           3670                78.79               46.58               84.72               3087259.00          28                  0.21                133.16              133.62              8239.00             -7.445178           -57.302829          F 
510629                          1                   0.0001000           3670                78.79               46.58               84.72               3087259.00          0                   0.29                0                   0                   11225.00            -9.593078           -56.684722          F 
510627                          1                   0.0001000           3670                78.79               46.58               84.72               3087259.00          0                   0.10                0                   0                   4004.00             -11.386567          -57.308941          F 
110070                          1                   0.0001000           3670                78.79               46.58               84.72               3087259.00          1                   0.36                2.77                2.77                14139.00            -10.485091          -63.799446          F 
110037                          1                   0.0001000           3670                78.79               46.58               84.72               3087259.00          0                   0.34                0                   0                   13241.00            -12.593622          -61.880777          F 
110045                          1                   0.0001000           3670                78.79               46.58               84.72               3087259.00          0                   1.01                0                   0                   39654.00            -10.052159          -63.941154          F 
110007                          1                   0.0001000           3670                78.79               46.58               84.72               3087259.00          0                   0.19                0                   0                   7391.00             -12.926666          -61.091715          F 
110001                          1                   0.0001000           3670                78.79               46.58               84.72               3087259.00          0                   0.59                0                   0                   22945.00            -12.470071          -62.274560          F 
110150                          1                   0.0001000           3670                78.79               46.58               84.72               3087259.00          0                   0.30                0                   0                   11856.00            -11.807291          -63.230667          F 
510190                          1                   0.0001000           3670                78.79               46.58               84.72               3087259.00          0                   0.50                0                   0                   19695.00            -12.425468          -57.995502          F 
110006                          1                   0.0001000           3670                78.79               46.58               84.72               3087259.00          0                   0.41                0                   0                   15882.00            -13.159213          -60.550197          F 
510330                          1                   0.0001000           3670                78.79               46.58               84.72               3087259.00          0                   0.53                0                   0                   20763.00            -13.189673          -59.752227          F 
110020                          1                   0.0001000           3670                78.79               46.58               84.72               3087259.00          377                 13.51               27.90               29.22               529544.00           -9.153039           -64.305489          F 
510025                          1                   0.0001000           3670                78.79               46.58               84.72               3087259.00          1                   1.32                0.76                0.76                51782.00            -10.054593          -56.366407          F 
110005                          1                   0.0001000           3670                78.79               46.58               84.72               3087259.00          0                   0.42                0                   0                   16323.00            -13.203669          -61.260843          F 
110146                          1                   0.0001000           3670                78.79               46.58               84.72               3087259.00          0                   0.055               0                   0                   2169.00             -13.173850          -61.545322          F 
110149                          1                   0.0001000           3670                78.79               46.58               84.72               3087259.00          0                   0.52                0                   0                   20266.00            -12.368674          -63.122203          F 
510787                          1                   0.0001000           3670                78.79               46.58               84.72               3087259.00          0                   0.66                0                   0                   25881.00            -13.152251          -58.653484          F 
110003                          1                   0.0001000           3670                78.79               46.58               84.72               3087259.00          1                   0.14                7.38                7.38                5312.00             -13.474873          -60.639653          F 
130090                          1                   0.0001000           3670                78.79               46.58               84.72               3087259.00          770                 0.40                1930.45             2134.36             15629.00            -7.403346           -64.096665          F 
510794                          1                   0.0001000           3670                78.79               46.58               84.72               3087259.00          1                   0.24                4.13                4.13                9489.00             -11.212222          -56.489854          F 
510680                          1                   0.0001000           3670                78.79               46.58               84.72               3087259.00          0                   0.14                0                   0                   5410.00             -11.731217          -56.747467          F 
110033                          1                   0.0001000           3670                78.79               46.58               84.72               3087259.00          0                   0.78                0                   0                   30583.00            -10.382239          -64.629270          F 
130080                          1                   0.0001000           3670                78.79               46.58               84.72               3087259.00          1                   1.05                0.95                0.95                41161.00            -4.957034           -59.534428          F 
510268                          1                   0.0001000           3670                78.79               46.58               84.72               3087259.00          0                   0.18                0                   0                   6891.00             -13.578425          -59.192168          F 
510621                          1                   0.0001000           3670                78.79               46.58               84.72               3087259.00          0                   0.33                0                   0                   12787.00            -10.700456          -56.042463          F 
510279                          1                   0.0001000           3670                78.79               46.58               84.72               3087259.00          0                   0.26                0                   0                   10305.00            -10.104998          -55.830530          F 
510454                          1                   0.0001000           3670                78.79               46.58               84.72               3087259.00          0                   0.17                0                   0                   6737.00             -12.141644          -56.750553          F 
510890                          1                   0.0001000           3670                78.79               46.58               84.72               3087259.00          0                   0.22                0                   0                   8641.00             -12.786325          -57.219962          F 
110010                          1                   0.0001000           3670                78.79               46.58               84.72               3087259.00          2                   1.18                1.70                1.70                46174.00            -11.305773          -64.537463          F 
110008                          1                   0.0001000           3670                78.79               46.58               84.72               3087259.00          0                   0.47                0                   0                   18331.00            -12.147321          -64.058780          F 
150503                          1                   0.0001000           3670                78.79               46.58               84.72               3087259.00          3                   0.66                4.56                4.56                25762.00            -8.062463           -55.612052          F 
130290                          1                   0.0001000           3670                78.79               46.58               84.72               3087259.00          563                 1.63                345.20              371.06              63905.00            -4.984990           -58.060916          F 
510626                          1                   0.0001000           3670                78.79               46.58               84.72               3087259.00          0                   0.23                0                   0                   9178.00             -9.752651           -55.402225          F 
130063                          1                   0.0001000           3670                78.79               46.58               84.72               3087259.00          0                   0.50                0                   0                   19679.00            -4.603475           -61.787364          F 
510320                          1                   0.0001000           3670                78.79               46.58               84.72               3087259.00          0                   0.85                0                   0                   33438.00            -10.622571          -55.468060          F 
510800                          1                   0.0001000           3670                78.79               46.58               84.72               3087259.00          1                   0.35                2.86                2.86                13705.00            -12.570964          -56.531900          F 
510263                          1                   0.0001000           3670                78.79               46.58               84.72               3087259.00          0                   0.90                0                   0                   35360.00            -13.689561          -57.932077          F 
510452                          1                   0.0001000           3670                78.79               46.58               84.72               3087259.00          0                   0.20                0                   0                   7667.00             -12.014634          -56.055922          F 
510455                          1                   0.0001000           3670                78.79               46.58               84.72               3087259.00          0                   0.097               0                   0                   3802.00             -11.106900          -55.585363          F 
510880                          1                   0.0001000           3670                78.79               46.58               84.72               3087259.00          0                   0.12                0                   0                   4519.00             -10.288990          -55.336868          F 
510618                          1                   0.0001000           3670                78.79               46.58               84.72               3087259.00          0                   0.17                0                   0                   6640.00             -14.301166          -59.771479          F 
150360                          1                   0.0001000           3670                78.79               46.58               84.72               3087259.00          435                 2.58                168.35              177.90              101247.00           -5.871333           -56.496545          F 
510790                          1                   0.0001000           3670                78.79               46.58               84.72               3087259.00          0                   3.65                0                   0                   142996.00           -11.711912          -55.499834          F 
510805                          1                   0.0001000           3670                78.79               46.58               84.72               3087259.00          0                   0.25                0                   0                   9667.00             -10.507189          -54.979631          F 
130010                          1                   0.0001000           3670                78.79               46.58               84.72               3087259.00          0                   0.54                0                   0                   21010.00            -4.186645           -62.073001          F 
510336                          1                   0.0001000           3670                78.79               46.58               84.72               3087259.00          0                   0.10                0                   0                   4038.00             -14.635124          -59.331826          F 
510730                          1                   0.0001000           3670                78.79               46.58               84.72               3087259.00          0                   0.53                0                   0                   20664.00            -13.552388          -56.811455          F 
510795                          1                   0.0001000           3670                78.79               46.58               84.72               3087259.00          0                   2.65                0                   0                   103750.00           -14.423165          -58.317919          F 
130240                          1                   0.0001000           3670                78.79               46.58               84.72               3087259.00          504                 1.18                428.67              457.21              46069.00            -8.375880           -65.812244          F 
160005                          2                   0.0001000           404                 28.28               14.29               14.99               1108129.00          7                   0.14                50.82               50.86               5397.00             1.649528            -52.270468          F 
160015                          2                   0.0001000           404                 28.28               14.29               14.99               1108129.00          1                   0.42                2.37                2.37                16502.00            1.157828            -52.523712          F 
160055                          2                   0.0001000           404                 28.28               14.29               14.99               1108129.00          0                   0.13                0                   0                   5120.00             1.625299            -51.277065          F 
160023                          2                   0.0001000           404                 28.28               14.29               14.99               1108129.00          0                   0.20                0                   0                   7780.00             0.958713            -51.419182          F 
160020                          2                   0.0001000           404                 28.28               14.29               14.99               1108129.00          3                   0.28                10.57               10.58               11117.00            2.430849            -51.404322          F 
160027                          2                   0.0001000           404                 28.28               14.29               14.99               1108129.00          0                   1.29                0                   0                   50410.00            1.096940            -53.306000          F 
160053                          2                   0.0001000           404                 28.28               14.29               14.99               1108129.00          5                   0.56                8.92                8.92                21971.00            0.587711            -51.673569          F 
160070                          2                   0.0001000           404                 28.28               14.29               14.99               1108129.00          0                   0.44                0                   0                   17315.00            1.294034            -50.985687          F 
160050                          2                   0.0001000           404                 28.28               14.29               14.99               1108129.00          11                  0.70                15.81               15.83               27270.00            3.088524            -51.904801          F 
160010                          2                   0.0001000           404                 28.28               14.29               14.99               1108129.00          10                  0.23                43.02               43.07               9109.00             1.764026            -50.581371          F 
160040                          2                   0.0001000           404                 28.28               14.29               14.99               1108129.00          3                   0.55                5.43                5.44                21632.00            -0.0730322          -51.943908          F 
160060                          2                   0.0001000           404                 28.28               14.29               14.99               1108129.00          5                   3.10                1.61                1.61                121364.00           0.128476            -51.379449          F 
160021                          2                   0.0001000           404                 28.28               14.29               14.99               1108129.00          0                   0.15                0                   0                   5983.00             1.030315            -50.483699          F 
160030                          2                   0.0001000           404                 28.28               14.29               14.99               1108129.00          37                  12.85               2.88                2.89                503327.00           0.554818            -50.700863          F 
160025                          2                   0.0001000           404                 28.28               14.29               14.99               1108129.00          0                   0.14                0                   0                   5503.00             0.532233            -50.651554          F 
150050                          2                   0.0001000           404                 28.28               14.29               14.99               1108129.00          111                 0.87                127.51              129.28              34109.00            0.284350            -53.893460          F 
150030                          2                   0.0001000           404                 28.28               14.29               14.99               1108129.00          83                  1.00                82.93               83.78               39218.00            -0.263841           -50.727746          F 
160080                          2                   0.0001000           404                 28.28               14.29               14.99               1108129.00          0                   0.41                0                   0                   15931.00            -0.997903           -52.061167          F 
150310                          2                   0.0001000           404                 28.28               14.29               14.99               1108129.00          5                   0.85                5.87                5.87                33376.00            -1.151921           -51.555276          F 
150250                          2                   0.0001000           404                 28.28               14.29               14.99               1108129.00          13                  0.61                21.48               21.51               23717.00            -0.0296229          -49.829440          F 
150180                          2                   0.0001000           404                 28.28               14.29               14.99               1108129.00          28                  2.62                10.68               10.72               102701.00           -1.121333           -50.628584          F 
150070                          2                   0.0001000           404                 28.28               14.29               14.99               1108129.00          82                  0.75                109.75              110.86              29277.00            -0.827103           -49.962044          F 
