140005                          1                   0.0001000           3306                199.61              16.56               27.24               6978208.00          9                   0.47                19.24               19.26               16351.00            3.078187            -62.755259          F 
140002                          1                   0.0001000           3306                199.61              16.56               27.24               6978208.00          3                   0.26                11.38               11.38               9217.00             3.732874            -62.436863          F 
140028                          1                   0.0001000           3306                199.61              16.56               27.24               6978208.00          0                   0.25                0                   0                   8631.00             2.186649            -62.468913          F 
140030                          1                   0.0001000           3306                199.61              16.56               27.24               6978208.00          0                   0.42                0                   0                   14644.00            2.510145            -61.983632          F 
140010                          1                   0.0001000           3306                199.61              16.56               27.24               6978208.00          50                  8.05                6.21                6.24                281538.00           3.117964            -60.717850          F 
140045                          1                   0.0001000           3306                199.61              16.56               27.24               6978208.00          1                   0.30                3.36                3.36                10394.00            4.168751            -60.839425          F 
140017                          1                   0.0001000           3306                199.61              16.56               27.24               6978208.00          0                   0.39                0                   0                   13775.00            2.272838            -60.542067          F 
140020                          1                   0.0001000           3306                199.61              16.56               27.24               6978208.00          10                  0.52                19.21               19.23               18200.00            0.990862            -61.471950          F 
140015                          1                   0.0001000           3306                199.61              16.56               27.24               6978208.00          1                   0.31                3.24                3.24                10801.00            2.787148            -60.100125          F 
140040                          1                   0.0001000           3306                199.61              16.56               27.24               6978208.00          0                   0.25                0                   0                   8891.00             3.878942            -60.064912          F 
140070                          1                   0.0001000           3306                199.61              16.56               27.24               6978208.00          1                   0.24                4.18                4.18                8372.00             4.683843            -60.280731          F 
140060                          1                   0.0001000           3306                199.61              16.56               27.24               6978208.00          1                   0.19                5.25                5.25                6660.00             0.884349            -60.151701          F 
140047                          1                   0.0001000           3306                199.61              16.56               27.24               6978208.00          18                  0.68                26.34               26.39               23895.00            0.0378310           -61.010414          F 
130040                          1                   0.0001000           3306                199.61              16.56               27.24               6978208.00          24                  0.60                39.83               39.95               21065.00            -0.465180           -63.434588          F 
140050                          1                   0.0001000           3306                199.61              16.56               27.24               6978208.00          0                   0.19                0                   0                   6635.00             0.635650            -59.844809          F 
140023                          1                   0.0001000           3306                199.61              16.56               27.24               6978208.00          0                   0.23                0                   0                   7977.00             0.914772            -59.338066          F 
130360                          1                   0.0001000           3306                199.61              16.56               27.24               6978208.00          2                   0.51                3.91                3.91                17876.00            -0.318566           -65.522058          F 
130320                          1                   0.0001000           3306                199.61              16.56               27.24               6978208.00          0                   0.42                0                   0                   14604.00            -2.046996           -61.701836          F 
130353                          1                   0.0001000           3306                199.61              16.56               27.24               6978208.00          3                   0.77                3.89                3.90                26933.00            -1.372564           -59.988741          F 
130430                          1                   0.0001000           3306                199.61              16.56               27.24               6978208.00          0                   0.49                0                   0                   16960.00            -0.893871           -59.029898          F 
130380                          1                   0.0001000           3306                199.61              16.56               27.24               6978208.00          6                   1.08                5.57                5.57                37663.00            0.374453            -67.997697          F 
130280                          1                   0.0001000           3306                199.61              16.56               27.24               6978208.00          0                   0.50                0                   0                   17455.00            -2.428415           -65.038109          F 
130083                          1                   0.0001000           3306                199.61              16.56               27.24               6978208.00          0                   0.31                0                   0                   10918.00            -3.081969           -61.877491          F 
130260                          1                   0.0001000           3306                199.61              16.56               27.24               6978208.00          70                  51.30               1.36                1.37                1793443.00          -2.626021           -60.259483          F 
150530                          1                   0.0001000           3306                199.61              16.56               27.24               6978208.00          1                   1.79                0.56                0.56                62617.00            0.255032            -57.149736          F 
130130                          1                   0.0001000           3306                199.61              16.56               27.24               6978208.00          0                   0.66                0                   0                   23117.00            -3.289026           -62.972665          F 
130356                          1                   0.0001000           3306                199.61              16.56               27.24               6978208.00          2                   0.73                2.75                2.75                25421.00            -2.529891           -59.638156          F 
130395                          1                   0.0001000           3306                199.61              16.56               27.24               6978208.00          1                   0.31                3.27                3.27                10680.00            -1.946118           -58.702338          F 
150300                          1                   0.0001000           3306                199.61              16.56               27.24               6978208.00          13                  0.23                55.86               55.95               8136.00             -1.158833           -57.806300          F 
130185                          1                   0.0001000           3306                199.61              16.56               27.24               6978208.00          2                   1.16                1.72                1.72                40642.00            -3.095148           -60.480667          F 
130250                          1                   0.0001000           3306                199.61              16.56               27.24               6978208.00          1                   2.43                0.41                0.41                84870.00            -3.291606           -60.958222          F 
130160                          1                   0.0001000           3306                199.61              16.56               27.24               6978208.00          0                   0.65                0                   0                   22803.00            -2.492180           -66.358452          F 
130008                          1                   0.0001000           3306                199.61              16.56               27.24               6978208.00          1                   0.29                3.44                3.44                10161.00            -3.502503           -61.716696          F 
130426                          1                   0.0001000           3306                199.61              16.56               27.24               6978208.00          0                   0.33                0                   0                   11693.00            -3.167038           -65.411879          F 
130200                          1                   0.0001000           3306                199.61              16.56               27.24               6978208.00          1                   0.23                4.33                4.33                8067.00             -2.498704           -58.619577          F 
130300                          1                   0.0001000           3306                199.61              16.56               27.24               6978208.00          18                  0.52                34.51               34.59               18233.00            -1.680483           -57.656536          F 
130115                          1                   0.0001000           3306                199.61              16.56               27.24               6978208.00          0                   0.68                0                   0                   23916.00            -3.286228           -59.599493          F 
130255                          1                   0.0001000           3306                199.61              16.56               27.24               6978208.00          0                   0.65                0                   0                   22706.00            -3.779354           -60.697327          F 
130002                          1                   0.0001000           3306                199.61              16.56               27.24               6978208.00          1                   0.40                2.49                2.49                14053.00            -3.701122           -65.330652          F 
130400                          1                   0.0001000           3306                199.61              16.56               27.24               6978208.00          0                   0.24                0                   0                   8366.00             -2.822093           -58.536128          F 
130010                          1                   0.0001000           3306                199.61              16.56               27.24               6978208.00          0                   0.47                0                   0                   16301.00            -4.186645           -62.073001          F 
130110                          1                   0.0001000           3306                199.61              16.56               27.24               6978208.00          2                   0.93                2.14                2.14                32634.00            -3.770658           -60.183093          F 
130210                          1                   0.0001000           3306                199.61              16.56               27.24               6978208.00          0                   0.21                0                   0                   7272.00             -1.698117           -68.320288          F 
130190                          1                   0.0001000           3306                199.61              16.56               27.24               6978208.00          0                   2.47                0                   0                   86395.00            -3.174662           -58.777136          F 
130220                          1                   0.0001000           3306                199.61              16.56               27.24               6978208.00          0                   0.31                0                   0                   10802.00            -3.524623           -66.306825          F 
130030                          1                   0.0001000           3306                199.61              16.56               27.24               6978208.00          0                   0.91                0                   0                   31903.00            -3.788879           -59.528635          F 
130120                          1                   0.0001000           3306                199.61              16.56               27.24               6978208.00          2                   2.16                0.93                0.93                75372.00            -4.437162           -64.124619          F 
130423                          1                   0.0001000           3306                199.61              16.56               27.24               6978208.00          0                   0.49                0                   0                   17054.00            -2.691643           -67.827923          F 
130440                          1                   0.0001000           3306                199.61              16.56               27.24               6978208.00          0                   0.50                0                   0                   17597.00            -2.812240           -57.770143          F 
130063                          1                   0.0001000           3306                199.61              16.56               27.24               6978208.00          0                   0.44                0                   0                   15472.00            -4.603475           -61.787364          F 
150510                          1                   0.0001000           3306                199.61              16.56               27.24               6978208.00          0                   1.40                0                   0                   48957.00            -0.170427           -55.674947          F 
130068                          1                   0.0001000           3306                199.61              16.56               27.24               6978208.00          2                   0.43                4.70                4.70                14887.00            -3.138082           -57.669942          F 
130420                          1                   0.0001000           3306                199.61              16.56               27.24               6978208.00          0                   1.75                0                   0                   61198.00            -4.468383           -65.529278          F 
150797                          1                   0.0001000           3306                199.61              16.56               27.24               6978208.00          0                   0.48                0                   0                   16877.00            -1.952134           -56.458364          F 
130310                          1                   0.0001000           3306                199.61              16.56               27.24               6978208.00          1                   0.85                1.17                1.17                29858.00            -3.988364           -58.601783          F 
130340                          1                   0.0001000           3306                199.61              16.56               27.24               6978208.00          0                   2.90                0                   0                   101218.00           -2.688407           -56.854026          F 
130050                          1                   0.0001000           3306                199.61              16.56               27.24               6978208.00          0                   0.78                0                   0                   27196.00            -3.129157           -57.172390          F 
150040                          1                   0.0001000           3306                199.61              16.56               27.24               6978208.00          2                   1.50                1.33                1.33                52393.00            -0.536230           -55.069883          F 
130006                          1                   0.0001000           3306                199.61              16.56               27.24               6978208.00          0                   0.27                0                   0                   9393.00             -3.418321           -68.287308          F 
130080                          1                   0.0001000           3306                199.61              16.56               27.24               6978208.00          0                   1.00                0                   0                   34896.00            -4.957034           -59.534428          F 
150390                          1                   0.0001000           3306                199.61              16.56               27.24               6978208.00          2                   1.32                1.52                1.52                46054.00            -2.622585           -56.221232          F 
130370                          1                   0.0001000           3306                199.61              16.56               27.24               6978208.00          3                   0.70                4.31                4.31                24361.00            -3.051175           -69.087897          F 
150285                          1                   0.0001000           3306                199.61              16.56               27.24               6978208.00          0                   0.35                0                   0                   12248.00            -1.845743           -55.113264          F 
150050                          1                   0.0001000           3306                199.61              16.56               27.24               6978208.00          189                 0.95                197.98              202.67              33374.00            0.284350            -53.893460          F 
130290                          1                   0.0001000           3306                199.61              16.56               27.24               6978208.00          188                 1.49                126.24              129.21              52064.00            -4.984990           -58.060916          F 
150480                          1                   0.0001000           3306                199.61              16.56               27.24               6978208.00          2                   1.58                1.27                1.27                55260.00            -1.119762           -54.365806          F 
130100                          1                   0.0001000           3306                199.61              16.56               27.24               6978208.00          0                   0.74                0                   0                   25697.00            -5.118832           -67.337382          F 
130410                          1                   0.0001000           3306                199.61              16.56               27.24               6978208.00          0                   0.54                0                   0                   19011.00            -6.104509           -64.893865          F 
150100                          1                   0.0001000           3306                199.61              16.56               27.24               6978208.00          0                   0.45                0                   0                   15734.00            -3.667209           -56.016450          F 
130230                          1                   0.0001000           3306                199.61              16.56               27.24               6978208.00          1                   0.51                1.95                1.95                17911.00            -4.713108           -68.403854          F 
130270                          1                   0.0001000           3306                199.61              16.56               27.24               6978208.00          45                  1.33                33.76               33.94               46596.00            -6.459804           -61.446481          F 
150680                          1                   0.0001000           3306                199.61              16.56               27.24               6978208.00          14                  8.38                1.67                1.67                293064.00           -2.764647           -55.093854          F 
160027                          1                   0.0001000           3306                199.61              16.56               27.24               6978208.00          9                   1.13                7.93                7.94                39662.00            1.096940            -53.306000          F 
130406                          1                   0.0001000           3306                199.61              16.56               27.24               6978208.00          0                   1.48                0                   0                   51838.00            -4.027765           -69.681346          F 
150145                          1                   0.0001000           3306                199.61              16.56               27.24               6978208.00          0                   0.46                0                   0                   16133.00            -3.191161           -54.992826          F 
130390                          1                   0.0001000           3306                199.61              16.56               27.24               6978208.00          0                   0.90                0                   0                   31312.00            -4.497836           -69.450565          F 
130330                          1                   0.0001000           3306                199.61              16.56               27.24               6978208.00          27                  0.61                44.19               44.33               21360.00            -6.825051           -60.477192          F 
160015                          1                   0.0001000           3306                199.61              16.56               27.24               6978208.00          0                   0.29                0                   0                   10275.00            1.157828            -52.523712          F 
130170                          1                   0.0001000           3306                199.61              16.56               27.24               6978208.00          123                 1.26                97.79               99.27               43974.00            -7.362897           -62.485394          F 
150600                          1                   0.0001000           3306                199.61              16.56               27.24               6978208.00          1                   0.83                1.20                1.20                29142.00            -2.120276           -53.660235          F 
150619                          1                   0.0001000           3306                199.61              16.56               27.24               6978208.00          0                   1.12                0                   0                   39133.00            -4.241022           -55.210827          F 
130090                          1                   0.0001000           3306                199.61              16.56               27.24               6978208.00          243                 0.36                666.92              687.46              12738.00            -7.403346           -64.096665          F 
160005                          1                   0.0001000           3306                199.61              16.56               27.24               6978208.00          0                   0.12                0                   0                   4354.00             1.649528            -52.270468          F 
150805                          1                   0.0001000           3306                199.61              16.56               27.24               6978208.00          1                   0.48                2.10                2.10                16677.00            -5.130084           -56.003417          F 
150565                          1                   0.0001000           3306                199.61              16.56               27.24               6978208.00          0                   0.67                0                   0                   23432.00            -3.889977           -54.500599          F 
160050                          1                   0.0001000           3306                199.61              16.56               27.24               6978208.00          31                  0.57                54.24               54.44               19982.00            3.088524            -51.904801          F 
150360                          1                   0.0001000           3306                199.61              16.56               27.24               6978208.00          288                 2.74                105.29              109.12              95626.00            -5.871333           -56.496545          F 
130195                          1                   0.0001000           3306                199.61              16.56               27.24               6978208.00          1                   0.23                4.38                4.38                7981.00             -6.682874           -68.114036          F 
150815                          1                   0.0001000           3306                199.61              16.56               27.24               6978208.00          0                   1.26                0                   0                   44113.00            -3.583648           -53.807296          F 
160040                          1                   0.0001000           3306                199.61              16.56               27.24               6978208.00          1                   0.48                2.07                2.07                16917.00            -0.0730322          -51.943908          F 
130014                          1                   0.0001000           3306                199.61              16.56               27.24               6978208.00          22                  0.51                42.87               42.99               17939.00            -7.759871           -59.431439          F 
130060                          1                   0.0001000           3306                199.61              16.56               27.24               6978208.00          1                   0.95                1.06                1.06                33060.00            -5.429327           -70.278296          F 
160053                          1                   0.0001000           3306                199.61              16.56               27.24               6978208.00          4                   0.48                8.37                8.37                16715.00            0.587711            -51.673569          F 
160020                          1                   0.0001000           3306                199.61              16.56               27.24               6978208.00          4                   0.26                15.56               15.56               8989.00             2.430849            -51.404322          F 
150445                          1                   0.0001000           3306                199.61              16.56               27.24               6978208.00          1                   0.77                1.30                1.30                26991.00            -3.160218           -53.194916          F 
160080                          1                   0.0001000           3306                199.61              16.56               27.24               6978208.00          0                   0.35                0                   0                   12240.00            -0.997903           -52.061167          F 
150590                          1                   0.0001000           3306                199.61              16.56               27.24               6978208.00          1                   0.96                1.04                1.04                33517.00            -2.184494           -52.547960          F 
160023                          1                   0.0001000           3306                199.61              16.56               27.24               6978208.00          2                   0.16                12.17               12.17               5747.00             0.958713            -51.419182          F 
160055                          1                   0.0001000           3306                199.61              16.56               27.24               6978208.00          0                   0.11                0                   0                   3741.00             1.625299            -51.277065          F 
160060                          1                   0.0001000           3306                199.61              16.56               27.24               6978208.00          7                   2.88                2.43                2.43                100626.00           0.128476            -51.379449          F 
150375                          1                   0.0001000           3306                199.61              16.56               27.24               6978208.00          130                 0.34                377.76              383.88              12031.00            -7.445178           -57.302829          F 
130240                          1                   0.0001000           3306                199.61              16.56               27.24               6978208.00          193                 1.07                180.48              184.84              37386.00            -8.375880           -65.812244          F 
160070                          1                   0.0001000           3306                199.61              16.56               27.24               6978208.00          0                   0.36                0                   0                   12524.00            1.294034            -50.985687          F 
150172                          1                   0.0001000           3306                199.61              16.56               27.24               6978208.00          0                   0.45                0                   0                   15608.00            -3.292151           -52.685423          F 
150310                          1                   0.0001000           3306                199.61              16.56               27.24               6978208.00          8                   0.83                9.64                9.65                29006.00            -1.151921           -51.555276          F 
110080                          1                   0.0001000           3306                199.61              16.56               27.24               6978208.00          7                   0.56                12.43               12.44               19681.00            -8.887011           -63.325581          F 
130350                          1                   0.0001000           3306                199.61              16.56               27.24               6978208.00          1                   0.52                1.93                1.93                18081.00            -7.757795           -68.197229          F 
160010                          1                   0.0001000           3306                199.61              16.56               27.24               6978208.00          4                   0.23                17.42               17.43               8027.00             1.764026            -50.581371          F 
110094                          1                   0.0001000           3306                199.61              16.56               27.24               6978208.00          5                   0.45                11.13               11.14               15699.00            -9.170974           -62.565037          F 
110110                          1                   0.0001000           3306                199.61              16.56               27.24               6978208.00          0                   0.24                0                   0                   8443.00             -9.170195           -63.044988          F 
110013                          1                   0.0001000           3306                199.61              16.56               27.24               6978208.00          26                  0.89                29.30               29.39               31020.00            -9.204070           -62.010294          F 
160030                          1                   0.0001000           3306                199.61              16.56               27.24               6978208.00          40                  11.31               3.54                3.55                395465.00           0.554818            -50.700863          F 
110020                          1                   0.0001000           3306                199.61              16.56               27.24               6978208.00          588                 12.09               48.65               52.37               422555.00           -9.153039           -64.305489          F 
160025                          1                   0.0001000           3306                199.61              16.56               27.24               6978208.00          0                   0.12                0                   0                   4230.00             0.532233            -50.651554          F 
160021                          1                   0.0001000           3306                199.61              16.56               27.24               6978208.00          1                   0.13                7.48                7.48                4674.00             1.030315            -50.483699          F 
150835                          1                   0.0001000           3306                199.61              16.56               27.24               6978208.00          0                   0.38                0                   0                   13205.00            -3.141047           -51.973342          F 
150030                          1                   0.0001000           3306                199.61              16.56               27.24               6978208.00          141                 1.00                141.07              143.54              34943.00            -0.263841           -50.727746          F 
130140                          1                   0.0001000           3306                199.61              16.56               27.24               6978208.00          12                  0.87                13.75               13.77               30513.00            -7.022778           -70.222033          F 
150450                          1                   0.0001000           3306                199.61              16.56               27.24               6978208.00          0                   0.71                0                   0                   24726.00            -1.607856           -51.104066          F 
130020                          1                   0.0001000           3306                199.61              16.56               27.24               6978208.00          15                  0.43                34.78               34.84               15078.00            -5.711940           -71.742673          F 
510325                          1                   0.0001000           3306                199.61              16.56               27.24               6978208.00          198                 0.74                266.75              273.39              25950.00            -9.292283           -60.305531          F 
110026                          1                   0.0001000           3306                199.61              16.56               27.24               6978208.00          0                   0.094               0                   0                   3286.00             -9.645106           -62.790311          F 
110040                          1                   0.0001000           3306                199.61              16.56               27.24               6978208.00          2                   0.49                4.09                4.09                17112.00            -9.649274           -63.394283          F 
510080                          1                   0.0001000           3306                199.61              16.56               27.24               6978208.00          0                   0.23                0                   0                   8198.00             -8.753341           -57.827599          F 
150180                          1                   0.0001000           3306                199.61              16.56               27.24               6978208.00          84                  2.63                31.96               32.29               91872.00            -1.121333           -50.628584          F 
110175                          1                   0.0001000           3306                199.61              16.56               27.24               6978208.00          0                   0.27                0                   0                   9362.00             -9.732685           -61.939355          F 
130150                          1                   0.0001000           3306                199.61              16.56               27.24               6978208.00          0                   0.47                0                   0                   16319.00            -7.573750           -70.054927          F 
130070                          1                   0.0001000           3306                199.61              16.56               27.24               6978208.00          26                  0.87                29.86               29.95               30445.00            -8.772979           -68.047540          F 
110002                          1                   0.0001000           3306                199.61              16.56               27.24               6978208.00          25                  2.57                9.74                9.76                89766.00            -9.951979           -62.957373          F 
150060                          1                   0.0001000           3306                199.61              16.56               27.24               6978208.00          55                  2.81                19.58               19.71               98183.00            -6.486303           -53.886671          F 
150580                          1                   0.0001000           3306                199.61              16.56               27.24               6978208.00          3                   1.48                2.02                2.02                51848.00            -2.565541           -50.955536          F 
150780                          1                   0.0001000           3306                199.61              16.56               27.24               6978208.00          1                   0.37                2.69                2.69                12999.00            -4.171559           -51.773388          F 
110045                          1                   0.0001000           3306                199.61              16.56               27.24               6978208.00          7                   0.92                7.58                7.59                32264.00            -10.052159          -63.941154          F 
110160                          1                   0.0001000           3306                199.61              16.56               27.24               6978208.00          0                   0.30                0                   0                   10335.00            -10.121814          -62.342289          F 
150503                          1                   0.0001000           3306                199.61              16.56               27.24               6978208.00          32                  0.71                44.93               45.10               24899.00            -8.062463           -55.612052          F 
510337                          1                   0.0001000           3306                199.61              16.56               27.24               6978208.00          0                   0.43                0                   0                   14953.00            -9.536841           -58.677801          F 
150250                          1                   0.0001000           3306                199.61              16.56               27.24               6978208.00          14                  0.60                23.34               23.38               20968.00            -0.0296229          -49.829440          F 
110140                          1                   0.0001000           3306                199.61              16.56               27.24               6978208.00          1                   0.40                2.49                2.49                14019.00            -10.210793          -63.372281          F 
150070                          1                   0.0001000           3306                199.61              16.56               27.24               6978208.00          102                 0.71                144.61              146.44              24658.00            -0.827103           -49.962044          F 
110060                          1                   0.0001000           3306                199.61              16.56               27.24               6978208.00          0                   0.16                0                   0                   5724.00             -10.331685          -62.987180          F 
130180                          1                   0.0001000           3306                199.61              16.56               27.24               6978208.00          31                  0.63                48.86               49.05               22179.00            -7.181162           -71.415929          F 
150085                          1                   0.0001000           3306                199.61              16.56               27.24               6978208.00          9                   0.58                15.44               15.45               20382.00            -3.997294           -51.301209          F 
110180                          1                   0.0001000           3306                199.61              16.56               27.24               6978208.00          0                   0.23                0                   0                   8195.00             -10.384134          -62.093876          F 
110012                          1                   0.0001000           3306                199.61              16.56               27.24               6978208.00          33                  3.32                9.95                9.99                115896.00           -10.462197          -61.757091          F 
510140                          1                   0.0001000           3306                199.61              16.56               27.24               6978208.00          15                  0.53                28.50               28.55               18398.00            -10.187963          -59.839297          F 
150280                          1                   0.0001000           3306                199.61              16.56               27.24               6978208.00          3                   0.80                3.74                3.74                28018.00            -1.583580           -49.988115          F 
110033                          1                   0.0001000           3306                199.61              16.56               27.24               6978208.00          0                   0.64                0                   0                   22263.00            -10.382239          -64.629270          F 
110070                          1                   0.0001000           3306                199.61              16.56               27.24               6978208.00          6                   0.36                16.64               16.66               12603.00            -10.485091          -63.799446          F 
120080                          1                   0.0001000           3306                199.61              16.56               27.24               6978208.00          2                   0.43                4.70                4.71                14862.00            -9.629475           -67.701064          F 
510757                          1                   0.0001000           3306                199.61              16.56               27.24               6978208.00          13                  0.10                127.66              127.87              3560.00             -10.463060          -61.010088          F 
510615                          1                   0.0001000           3306                199.61              16.56               27.24               6978208.00          0                   0.33                0                   0                   11636.00            -9.768714           -58.076318          F 
120001                          1                   0.0001000           3306                199.61              16.56               27.24               6978208.00          13                  0.36                36.30               36.36               12519.00            -9.934392           -66.948427          F 
210317                          2                   0.0001000           137                 0.50                275.28              279.98              17591.00            137                 0.50                275.28              279.98              17591.00            -3.086137           -46.538028          F 
150195                          3                   0.0001000           95                  0.75                127.52              129.01              26333.00            95                  0.75                127.52              129.01              26333.00            -1.991029           -46.439673          F 
