150797                          1                   0.0001000           14786               1124.09             13.15               18.96               6983210.00          2                   2.72                0.74                0.74                16877.00            -1.952134           -56.458364          F 
150390                          1                   0.0001000           14786               1124.09             13.15               18.96               6983210.00          1                   7.41                0.13                0.13                46054.00            -2.622585           -56.221232          F 
130340                          1                   0.0001000           14786               1124.09             13.15               18.96               6983210.00          15                  16.29               0.92                0.92                101218.00           -2.688407           -56.854026          F 
130300                          1                   0.0001000           14786               1124.09             13.15               18.96               6983210.00          2                   2.93                0.68                0.68                18233.00            -1.680483           -57.656536          F 
150285                          1                   0.0001000           14786               1124.09             13.15               18.96               6983210.00          0                   1.97                0                   0                   12248.00            -1.845743           -55.113264          F 
130050                          1                   0.0001000           14786               1124.09             13.15               18.96               6983210.00          0                   4.38                0                   0                   27196.00            -3.129157           -57.172390          F 
150300                          1                   0.0001000           14786               1124.09             13.15               18.96               6983210.00          0                   1.31                0                   0                   8136.00             -1.158833           -57.806300          F 
130440                          1                   0.0001000           14786               1124.09             13.15               18.96               6983210.00          4                   2.83                1.41                1.41                17597.00            -2.812240           -57.770143          F 
150680                          1                   0.0001000           14786               1124.09             13.15               18.96               6983210.00          169                 47.17               3.58                3.59                293064.00           -2.764647           -55.093854          F 
130068                          1                   0.0001000           14786               1124.09             13.15               18.96               6983210.00          4                   2.40                1.67                1.67                14887.00            -3.138082           -57.669942          F 
150100                          1                   0.0001000           14786               1124.09             13.15               18.96               6983210.00          5                   2.53                1.97                1.97                15734.00            -3.667209           -56.016450          F 
150145                          1                   0.0001000           14786               1124.09             13.15               18.96               6983210.00          3                   2.60                1.16                1.16                16133.00            -3.191161           -54.992826          F 
150510                          1                   0.0001000           14786               1124.09             13.15               18.96               6983210.00          7                   7.88                0.89                0.89                48957.00            -0.170427           -55.674947          F 
150040                          1                   0.0001000           14786               1124.09             13.15               18.96               6983210.00          0                   8.43                0                   0                   52393.00            -0.536230           -55.069883          F 
130200                          1                   0.0001000           14786               1124.09             13.15               18.96               6983210.00          34                  1.30                26.18               26.20               8067.00             -2.498704           -58.619577          F 
130395                          1                   0.0001000           14786               1124.09             13.15               18.96               6983210.00          25                  1.72                14.54               14.55               10680.00            -1.946118           -58.702338          F 
130400                          1                   0.0001000           14786               1124.09             13.15               18.96               6983210.00          3                   1.35                2.23                2.23                8366.00             -2.822093           -58.536128          F 
150480                          1                   0.0001000           14786               1124.09             13.15               18.96               6983210.00          14                  8.90                1.57                1.57                55260.00            -1.119762           -54.365806          F 
150530                          1                   0.0001000           14786               1124.09             13.15               18.96               6983210.00          6                   10.08               0.60                0.60                62617.00            0.255032            -57.149736          F 
150619                          1                   0.0001000           14786               1124.09             13.15               18.96               6983210.00          24                  6.30                3.81                3.81                39133.00            -4.241022           -55.210827          F 
130190                          1                   0.0001000           14786               1124.09             13.15               18.96               6983210.00          66                  13.91               4.75                4.75                86395.00            -3.174662           -58.777136          F 
150565                          1                   0.0001000           14786               1124.09             13.15               18.96               6983210.00          4                   3.77                1.06                1.06                23432.00            -3.889977           -54.500599          F 
130430                          1                   0.0001000           14786               1124.09             13.15               18.96               6983210.00          10                  2.73                3.66                3.66                16960.00            -0.893871           -59.029898          F 
150600                          1                   0.0001000           14786               1124.09             13.15               18.96               6983210.00          67                  4.69                14.28               14.30               29142.00            -2.120276           -53.660235          F 
130310                          1                   0.0001000           14786               1124.09             13.15               18.96               6983210.00          40                  4.81                8.32                8.33                29858.00            -3.988364           -58.601783          F 
150815                          1                   0.0001000           14786               1124.09             13.15               18.96               6983210.00          64                  7.10                9.01                9.02                44113.00            -3.583648           -53.807296          F 
150805                          1                   0.0001000           14786               1124.09             13.15               18.96               6983210.00          249                 2.68                92.75               93.26               16677.00            -5.130084           -56.003417          F 
130356                          1                   0.0001000           14786               1124.09             13.15               18.96               6983210.00          85                  4.09                20.77               20.81               25421.00            -2.529891           -59.638156          F 
150050                          1                   0.0001000           14786               1124.09             13.15               18.96               6983210.00          8                   5.37                1.49                1.49                33374.00            0.284350            -53.893460          F 
130115                          1                   0.0001000           14786               1124.09             13.15               18.96               6983210.00          12                  3.85                3.12                3.12                23916.00            -3.286228           -59.599493          F 
130290                          1                   0.0001000           14786               1124.09             13.15               18.96               6983210.00          10                  8.38                1.19                1.19                52064.00            -4.984990           -58.060916          F 
150445                          1                   0.0001000           14786               1124.09             13.15               18.96               6983210.00          53                  4.34                12.20               12.21               26991.00            -3.160218           -53.194916          F 
130030                          1                   0.0001000           14786               1124.09             13.15               18.96               6983210.00          46                  5.14                8.96                8.97                31903.00            -3.788879           -59.528635          F 
130353                          1                   0.0001000           14786               1124.09             13.15               18.96               6983210.00          29                  4.34                6.69                6.69                26933.00            -1.372564           -59.988741          F 
130260                          1                   0.0001000           14786               1124.09             13.15               18.96               6983210.00          1179                288.69              4.08                4.17                1793443.00          -2.626021           -60.259483          F 
150590                          1                   0.0001000           14786               1124.09             13.15               18.96               6983210.00          4                   5.40                0.74                0.74                33517.00            -2.184494           -52.547960          F 
150360                          1                   0.0001000           14786               1124.09             13.15               18.96               6983210.00          246                 15.39               15.98               16.06               95626.00            -5.871333           -56.496545          F 
150172                          1                   0.0001000           14786               1124.09             13.15               18.96               6983210.00          158                 2.51                62.89               63.10               15608.00            -3.292151           -52.685423          F 
140023                          1                   0.0001000           14786               1124.09             13.15               18.96               6983210.00          4                   1.28                3.12                3.12                7977.00             0.914772            -59.338066          F 
130110                          1                   0.0001000           14786               1124.09             13.15               18.96               6983210.00          134                 5.25                25.51               25.58               32634.00            -3.770658           -60.183093          F 
130185                          1                   0.0001000           14786               1124.09             13.15               18.96               6983210.00          31                  6.54                4.74                4.74                40642.00            -3.095148           -60.480667          F 
140050                          1                   0.0001000           14786               1124.09             13.15               18.96               6983210.00          3                   1.07                2.81                2.81                6635.00             0.635650            -59.844809          F 
130080                          1                   0.0001000           14786               1124.09             13.15               18.96               6983210.00          48                  5.62                8.55                8.55                34896.00            -4.957034           -59.534428          F 
160027                          1                   0.0001000           14786               1124.09             13.15               18.96               6983210.00          8                   6.38                1.25                1.25                39662.00            1.096940            -53.306000          F 
160080                          1                   0.0001000           14786               1124.09             13.15               18.96               6983210.00          0                   1.97                0                   0                   12240.00            -0.997903           -52.061167          F 
130255                          1                   0.0001000           14786               1124.09             13.15               18.96               6983210.00          40                  3.65                10.94               10.95               22706.00            -3.779354           -60.697327          F 
150835                          1                   0.0001000           14786               1124.09             13.15               18.96               6983210.00          16                  2.13                7.53                7.53                13205.00            -3.141047           -51.973342          F 
140060                          1                   0.0001000           14786               1124.09             13.15               18.96               6983210.00          9                   1.07                8.40                8.40                6660.00             0.884349            -60.151701          F 
130250                          1                   0.0001000           14786               1124.09             13.15               18.96               6983210.00          86                  13.66               6.30                6.31                84870.00            -3.291606           -60.958222          F 
160040                          1                   0.0001000           14786               1124.09             13.15               18.96               6983210.00          22                  2.72                8.08                8.08                16917.00            -0.0730322          -51.943908          F 
150310                          1                   0.0001000           14786               1124.09             13.15               18.96               6983210.00          2                   4.67                0.43                0.43                29006.00            -1.151921           -51.555276          F 
140047                          1                   0.0001000           14786               1124.09             13.15               18.96               6983210.00          22                  3.85                5.72                5.72                23895.00            0.0378310           -61.010414          F 
160015                          1                   0.0001000           14786               1124.09             13.15               18.96               6983210.00          31                  1.65                18.74               18.75               10275.00            1.157828            -52.523712          F 
150780                          1                   0.0001000           14786               1124.09             13.15               18.96               6983210.00          17                  2.09                8.12                8.13                12999.00            -4.171559           -51.773388          F 
150060                          1                   0.0001000           14786               1124.09             13.15               18.96               6983210.00          403                 15.80               25.50               25.72               98183.00            -6.486303           -53.886671          F 
130320                          1                   0.0001000           14786               1124.09             13.15               18.96               6983210.00          15                  2.35                6.38                6.38                14604.00            -2.046996           -61.701836          F 
150450                          1                   0.0001000           14786               1124.09             13.15               18.96               6983210.00          15                  3.98                3.77                3.77                24726.00            -1.607856           -51.104066          F 
160053                          1                   0.0001000           14786               1124.09             13.15               18.96               6983210.00          230                 2.69                85.48               85.91               16715.00            0.587711            -51.673569          F 
130008                          1                   0.0001000           14786               1124.09             13.15               18.96               6983210.00          2                   1.64                1.22                1.22                10161.00            -3.502503           -61.716696          F 
160060                          1                   0.0001000           14786               1124.09             13.15               18.96               6983210.00          284                 16.20               17.53               17.64               100626.00           0.128476            -51.379449          F 
160005                          1                   0.0001000           14786               1124.09             13.15               18.96               6983210.00          24                  0.70                34.24               34.26               4354.00             1.649528            -52.270468          F 
130083                          1                   0.0001000           14786               1124.09             13.15               18.96               6983210.00          1                   1.76                0.57                0.57                10918.00            -3.081969           -61.877491          F 
150580                          1                   0.0001000           14786               1124.09             13.15               18.96               6983210.00          30                  8.35                3.59                3.60                51848.00            -2.565541           -50.955536          F 
150085                          1                   0.0001000           14786               1124.09             13.15               18.96               6983210.00          321                 3.28                97.84               98.52               20382.00            -3.997294           -51.301209          F 
150375                          1                   0.0001000           14786               1124.09             13.15               18.96               6983210.00          25                  1.94                12.91               12.92               12031.00            -7.445178           -57.302829          F 
140020                          1                   0.0001000           14786               1124.09             13.15               18.96               6983210.00          27                  2.93                9.22                9.22                18200.00            0.990862            -61.471950          F 
160023                          1                   0.0001000           14786               1124.09             13.15               18.96               6983210.00          13                  0.93                14.05               14.06               5747.00             0.958713            -51.419182          F 
140017                          1                   0.0001000           14786               1124.09             13.15               18.96               6983210.00          15                  2.22                6.76                6.77                13775.00            2.272838            -60.542067          F 
150180                          1                   0.0001000           14786               1124.09             13.15               18.96               6983210.00          378                 14.79               25.56               25.76               91872.00            -1.121333           -50.628584          F 
130063                          1                   0.0001000           14786               1124.09             13.15               18.96               6983210.00          6                   2.49                2.41                2.41                15472.00            -4.603475           -61.787364          F 
150030                          1                   0.0001000           14786               1124.09             13.15               18.96               6983210.00          359                 5.62                63.82               64.32               34943.00            -0.263841           -50.727746          F 
140015                          1                   0.0001000           14786               1124.09             13.15               18.96               6983210.00          42                  1.74                24.16               24.18               10801.00            2.787148            -60.100125          F 
130010                          1                   0.0001000           14786               1124.09             13.15               18.96               6983210.00          8                   2.62                3.05                3.05                16301.00            -4.186645           -62.073001          F 
150548                          1                   0.0001000           14786               1124.09             13.15               18.96               6983210.00          17                  6.37                2.67                2.67                39549.00            -3.684058           -50.631545          F 
150503                          1                   0.0001000           14786               1124.09             13.15               18.96               6983210.00          601                 4.01                149.95              151.93              24899.00            -8.062463           -55.612052          F 
160030                          1                   0.0001000           14786               1124.09             13.15               18.96               6983210.00          557                 63.66               8.75                8.85                395465.00           0.554818            -50.700863          F 
150110                          1                   0.0001000           14786               1124.09             13.15               18.96               6983210.00          71                  3.52                20.17               20.20               21866.00            -2.372794           -50.181886          F 
160055                          1                   0.0001000           14786               1124.09             13.15               18.96               6983210.00          2                   0.60                3.32                3.32                3741.00             1.625299            -51.277065          F 
130330                          1                   0.0001000           14786               1124.09             13.15               18.96               6983210.00          17                  3.44                4.94                4.95                21360.00            -6.825051           -60.477192          F 
160025                          1                   0.0001000           14786               1124.09             13.15               18.96               6983210.00          2                   0.68                2.94                2.94                4230.00             0.532233            -50.651554          F 
160070                          1                   0.0001000           14786               1124.09             13.15               18.96               6983210.00          9                   2.02                4.46                4.46                12524.00            1.294034            -50.985687          F 
150280                          1                   0.0001000           14786               1124.09             13.15               18.96               6983210.00          215                 4.51                47.67               47.89               28018.00            -1.583580           -49.988115          F 
130014                          1                   0.0001000           14786               1124.09             13.15               18.96               6983210.00          105                 2.89                36.36               36.44               17939.00            -7.759871           -59.431439          F 
150520                          1                   0.0001000           14786               1124.09             13.15               18.96               6983210.00          248                 4.60                53.88               54.17               28595.00            -2.278960           -49.902322          F 
150070                          1                   0.0001000           14786               1124.09             13.15               18.96               6983210.00          521                 3.97                131.26              132.76              24658.00            -0.827103           -49.962044          F 
140010                          1                   0.0001000           14786               1124.09             13.15               18.96               6983210.00          1682                45.32               37.11               38.49               281538.00           3.117964            -60.717850          F 
130130                          1                   0.0001000           14786               1124.09             13.15               18.96               6983210.00          6                   3.72                1.61                1.61                23117.00            -3.289026           -62.972665          F 
160021                          1                   0.0001000           14786               1124.09             13.15               18.96               6983210.00          2                   0.75                2.66                2.66                4674.00             1.030315            -50.483699          F 
150506                          1                   0.0001000           14786               1124.09             13.15               18.96               6983210.00          245                 9.92                24.71               24.83               61605.00            -4.502833           -50.271560          F 
160020                          1                   0.0001000           14786               1124.09             13.15               18.96               6983210.00          0                   1.45                0                   0                   8989.00             2.430849            -51.404322          F 
130270                          1                   0.0001000           14786               1124.09             13.15               18.96               6983210.00          43                  7.50                5.73                5.74                46596.00            -6.459804           -61.446481          F 
150730                          1                   0.0001000           14786               1124.09             13.15               18.96               6983210.00          0                   14.42               0                   0                   89568.00            -7.233186           -52.252675          F 
160050                          1                   0.0001000           14786               1124.09             13.15               18.96               6983210.00          26                  3.22                8.08                8.09                19982.00            3.088524            -51.904801          F 
150770                          1                   0.0001000           14786               1124.09             13.15               18.96               6983210.00          253                 3.68                68.82               69.20               22837.00            -1.434046           -49.680194          F 
150120                          1                   0.0001000           14786               1124.09             13.15               18.96               6983210.00          118                 5.91                19.95               20.00               36740.00            -3.129242           -49.698861          F 
140040                          1                   0.0001000           14786               1124.09             13.15               18.96               6983210.00          11                  1.43                7.69                7.69                8891.00             3.878942            -60.064912          F 
150810                          1                   0.0001000           14786               1124.09             13.15               18.96               6983210.00          750                 15.57               48.16               48.95               96736.00            -3.855790           -49.820813          F 
150250                          1                   0.0001000           14786               1124.09             13.15               18.96               6983210.00          4                   3.38                1.19                1.19                20968.00            -0.0296229          -49.829440          F 
510080                          1                   0.0001000           14786               1124.09             13.15               18.96               6983210.00          2                   1.32                1.52                1.52                8198.00             -8.753341           -57.827599          F 
150210                          1                   0.0001000           14786               1124.09             13.15               18.96               6983210.00          1046                19.43               53.84               55.08               120687.00           -2.253113           -49.513615          F 
160010                          1                   0.0001000           14786               1124.09             13.15               18.96               6983210.00          12                  1.29                9.29                9.29                8027.00             1.764026            -50.581371          F 
150400                          1                   0.0001000           14786               1124.09             13.15               18.96               6983210.00          64                  4.02                15.91               15.93               24991.00            -1.864288           -49.469256          F 
150808                          1                   0.0001000           14786               1124.09             13.15               18.96               6983210.00          12                  5.40                2.22                2.22                33534.00            -6.820174           -51.391396          F 
150460                          1                   0.0001000           14786               1124.09             13.15               18.96               6983210.00          25                  4.29                5.83                5.83                26640.00            -2.576520           -49.465753          F 
140030                          1                   0.0001000           14786               1124.09             13.15               18.96               6983210.00          68                  2.36                28.85               28.89               14644.00            2.510145            -61.983632          F 
130040                          1                   0.0001000           14786               1124.09             13.15               18.96               6983210.00          16                  3.39                4.72                4.72                21065.00            -0.465180           -63.434588          F 
150490                          1                   0.0001000           14786               1124.09             13.15               18.96               6983210.00          23                  5.48                4.20                4.20                34052.00            -1.355540           -49.309395          F 
150640                          1                   0.0001000           14786               1124.09             13.15               18.96               6983210.00          4                   1.31                3.05                3.05                8137.00             -0.583158           -49.314290          F 
150553                          1                   0.0001000           14786               1124.09             13.15               18.96               6983210.00          31                  24.70               1.26                1.26                153443.00           -6.155342           -50.496123          F 
150370                          1                   0.0001000           14786               1124.09             13.15               18.96               6983210.00          52                  8.18                6.36                6.36                50811.00            -5.114819           -49.869663          F 
140028                          1                   0.0001000           14786               1124.09             13.15               18.96               6983210.00          25                  1.39                17.99               18.00               8631.00             2.186649            -62.468913          F 
150178                          1                   0.0001000           14786               1124.09             13.15               18.96               6983210.00          233                 8.42                27.67               27.81               52303.00            -3.733432           -49.370902          F 
150330                          1                   0.0001000           14786               1124.09             13.15               18.96               6983210.00          48                  9.30                5.16                5.17                57744.00            -2.062684           -49.130853          F 
150420                          1                   0.0001000           14786               1124.09             13.15               18.96               6983210.00          385                 37.35               10.31               10.39               232030.00           -5.629796           -50.017016          F 
150470                          1                   0.0001000           14786               1124.09             13.15               18.96               6983210.00          11                  11.17               0.98                0.98                69408.00            -2.683914           -49.073983          F 
150570                          1                   0.0001000           14786               1124.09             13.15               18.96               6983210.00          136                 4.14                32.86               32.95               25715.00            -1.117579           -49.077239          F 
150543                          1                   0.0001000           14786               1124.09             13.15               18.96               6983210.00          10                  4.37                2.29                2.29                27122.00            -7.525492           -51.432537          F 
140045                          1                   0.0001000           14786               1124.09             13.15               18.96               6983210.00          15                  1.67                8.97                8.97                10394.00            4.168751            -60.839425          F 
150010                          1                   0.0001000           14786               1124.09             13.15               18.96               6983210.00          72                  22.54               3.19                3.20                140055.00           -1.730297           -48.883073          F 
510629                          1                   0.0001000           14786               1124.09             13.15               18.96               6983210.00          0                   1.70                0                   0                   10587.00            -9.593078           -56.684722          F 
150200                          1                   0.0001000           14786               1124.09             13.15               18.96               6983210.00          22                  3.28                6.71                6.72                20356.00            -0.869047           -48.877684          F 
140070                          1                   0.0001000           14786               1124.09             13.15               18.96               6983210.00          3                   1.35                2.23                2.23                8372.00             4.683843            -60.280731          F 
150034                          1                   0.0001000           14786               1124.09             13.15               18.96               6983210.00          1                   3.97                0.25                0.25                24653.00            -6.773035           -50.430070          F 
150309                          1                   0.0001000           14786               1124.09             13.15               18.96               6983210.00          97                  4.88                19.86               19.90               30335.00            -4.027408           -49.005681          F 
150380                          1                   0.0001000           14786               1124.09             13.15               18.96               6983210.00          780                 8.23                94.74               96.37               51146.00            -4.598468           -49.181178          F 
150215                          1                   0.0001000           14786               1124.09             13.15               18.96               6983210.00          10                  4.27                2.34                2.34                26526.00            -6.424110           -50.085921          F 
150795                          1                   0.0001000           14786               1124.09             13.15               18.96               6983210.00          678                 12.70               53.40               54.19               78878.00            -2.907824           -48.736640          F 
150497                          1                   0.0001000           14786               1124.09             13.15               18.96               6983210.00          81                  2.34                34.61               34.67               14540.00            -4.980996           -49.230674          F 
110032                          2                   0.0001000           4263                286.12              14.90               16.33               1777494.00          16                  3.49                4.58                4.58                21700.00            -11.628169          -62.941940          F 
110150                          2                   0.0001000           4263                286.12              14.90               16.33               1777494.00          6                   1.84                3.26                3.26                11429.00            -11.807291          -63.230667          F 
110034                          2                   0.0001000           4263                286.12              14.90               16.33               1777494.00          26                  2.69                9.68                9.68                16694.00            -11.311455          -62.544783          F 
110130                          2                   0.0001000           4263                286.12              14.90               16.33               1777494.00          32                  1.91                16.74               16.75               11878.00            -11.076985          -62.848279          F 
110014                          2                   0.0001000           4263                286.12              14.90               16.33               1777494.00          16                  3.14                5.09                5.09                19526.00            -11.564334          -62.233031          F 
110170                          2                   0.0001000           4263                286.12              14.90               16.33               1777494.00          42                  2.08                20.23               20.25               12897.00            -11.103908          -62.424021          F 
110149                          2                   0.0001000           4263                286.12              14.90               16.33               1777494.00          13                  2.58                5.05                5.05                15997.00            -12.368674          -63.122203          F 
110143                          2                   0.0001000           4263                286.12              14.90               16.33               1777494.00          13                  1.20                10.80               10.80               7481.00             -10.889526          -62.532438          F 
110050                          2                   0.0001000           4263                286.12              14.90               16.33               1777494.00          9                   1.64                5.48                5.48                10198.00            -11.681047          -62.083187          F 
110100                          2                   0.0001000           4263                286.12              14.90               16.33               1777494.00          24                  1.68                14.27               14.28               10449.00            -10.748055          -63.183884          F 
110155                          2                   0.0001000           4263                286.12              14.90               16.33               1777494.00          2                   0.78                2.56                2.56                4854.00             -10.943464          -62.279708          F 
110090                          2                   0.0001000           4263                286.12              14.90               16.33               1777494.00          15                  0.57                26.18               26.19               3559.00             -11.470879          -61.879911          F 
110001                          2                   0.0001000           4263                286.12              14.90               16.33               1777494.00          26                  3.88                6.70                6.71                24097.00            -12.470071          -62.274560          F 
110011                          2                   0.0001000           4263                286.12              14.90               16.33               1777494.00          211                 8.32                25.35               25.46               51715.00            -10.592446          -62.584788          F 
110025                          2                   0.0001000           4263                286.12              14.90               16.33               1777494.00          49                  3.58                13.67               13.69               22262.00            -11.166190          -61.877898          F 
110028                          2                   0.0001000           4263                286.12              14.90               16.33               1777494.00          51                  8.11                6.29                6.29                50379.00            -11.732560          -61.771453          F 
110008                          2                   0.0001000           4263                286.12              14.90               16.33               1777494.00          16                  2.18                7.34                7.34                13539.00            -12.147321          -64.058780          F 
110015                          2                   0.0001000           4263                286.12              14.90               16.33               1777494.00          68                  6.06                11.22               11.23               37661.00            -10.610539          -62.172424          F 
110029                          2                   0.0001000           4263                286.12              14.90               16.33               1777494.00          7                   1.43                4.91                4.91                8865.00             -12.027061          -61.700877          F 
110060                          2                   0.0001000           4263                286.12              14.90               16.33               1777494.00          22                  0.92                23.88               23.89               5724.00             -10.331685          -62.987180          F 
110037                          2                   0.0001000           4263                286.12              14.90               16.33               1777494.00          10                  2.05                4.87                4.87                12760.00            -12.593622          -61.880777          F 
110070                          2                   0.0001000           4263                286.12              14.90               16.33               1777494.00          59                  2.03                29.08               29.12               12603.00            -10.485091          -63.799446          F 
110120                          2                   0.0001000           4263                286.12              14.90               16.33               1777494.00          2                   1.67                1.20                1.20                10352.00            -11.160345          -61.568926          F 
110148                          2                   0.0001000           4263                286.12              14.90               16.33               1777494.00          0                   0.97                0                   0                   5996.00             -11.904682          -61.467066          F 
110140                          2                   0.0001000           4263                286.12              14.90               16.33               1777494.00          64                  2.26                28.36               28.40               14019.00            -10.210793          -63.372281          F 
110180                          2                   0.0001000           4263                286.12              14.90               16.33               1777494.00          16                  1.32                12.13               12.13               8195.00             -10.384134          -62.093876          F 
110010                          2                   0.0001000           4263                286.12              14.90               16.33               1777494.00          152                 6.43                23.65               23.72               39928.00            -11.305773          -64.537463          F 
110147                          2                   0.0001000           4263                286.12              14.90               16.33               1777494.00          1                   0.56                1.78                1.78                3490.00             -11.878589          -61.315189          F 
110160                          2                   0.0001000           4263                286.12              14.90               16.33               1777494.00          31                  1.66                18.63               18.65               10335.00            -10.121814          -62.342289          F 
110004                          2                   0.0001000           4263                286.12              14.90               16.33               1777494.00          243                 12.58               19.32               19.42               78141.00            -11.301237          -61.324689          F 
110145                          2                   0.0001000           4263                286.12              14.90               16.33               1777494.00          0                   0.77                0                   0                   4774.00             -12.262291          -61.415241          F 
110012                          2                   0.0001000           4263                286.12              14.90               16.33               1777494.00          187                 18.66               10.02               10.06               115896.00           -10.462197          -61.757091          F 
110002                          2                   0.0001000           4263                286.12              14.90               16.33               1777494.00          594                 14.45               41.11               41.64               89766.00            -9.951979           -62.957373          F 
110045                          2                   0.0001000           4263                286.12              14.90               16.33               1777494.00          372                 5.19                71.63               72.21               32264.00            -10.052159          -63.941154          F 
110026                          2                   0.0001000           4263                286.12              14.90               16.33               1777494.00          21                  0.53                39.70               39.72               3286.00             -9.645106           -62.790311          F 
110040                          2                   0.0001000           4263                286.12              14.90               16.33               1777494.00          114                 2.75                41.39               41.49               17112.00            -9.649274           -63.394283          F 
110146                          2                   0.0001000           4263                286.12              14.90               16.33               1777494.00          0                   0.37                0                   0                   2275.00             -13.173850          -61.545322          F 
110033                          2                   0.0001000           4263                286.12              14.90               16.33               1777494.00          115                 3.58                32.09               32.17               22263.00            -10.382239          -64.629270          F 
110018                          2                   0.0001000           4263                286.12              14.90               16.33               1777494.00          32                  5.41                5.91                5.92                33611.00            -11.894543          -60.830315          F 
110009                          2                   0.0001000           4263                286.12              14.90               16.33               1777494.00          24                  4.59                5.23                5.23                28510.00            -11.351368          -60.784721          F 
110175                          2                   0.0001000           4263                286.12              14.90               16.33               1777494.00          41                  1.51                27.21               27.23               9362.00             -9.732685           -61.939355          F 
110092                          2                   0.0001000           4263                286.12              14.90               16.33               1777494.00          1                   1.30                0.77                0.77                8054.00             -12.537404          -60.898400          F 
510757                          2                   0.0001000           4263                286.12              14.90               16.33               1777494.00          0                   0.57                0                   0                   3560.00             -10.463060          -61.010088          F 
110007                          2                   0.0001000           4263                286.12              14.90               16.33               1777494.00          2                   1.39                1.44                1.44                8647.00             -12.926666          -61.091715          F 
110005                          2                   0.0001000           4263                286.12              14.90               16.33               1777494.00          16                  2.73                5.87                5.87                16942.00            -13.203669          -61.260843          F 
110110                          2                   0.0001000           4263                286.12              14.90               16.33               1777494.00          57                  1.36                41.94               41.99               8443.00             -9.170195           -63.044988          F 
110094                          2                   0.0001000           4263                286.12              14.90               16.33               1777494.00          32                  2.53                12.66               12.67               15699.00            -9.170974           -62.565037          F 
110013                          2                   0.0001000           4263                286.12              14.90               16.33               1777494.00          92                  4.99                18.42               18.46               31020.00            -9.204070           -62.010294          F 
110030                          2                   0.0001000           4263                286.12              14.90               16.33               1777494.00          57                  12.17               4.68                4.69                75614.00            -12.087986          -60.252451          F 
110080                          2                   0.0001000           4263                286.12              14.90               16.33               1777494.00          136                 3.17                42.93               43.05               19681.00            -8.887011           -63.325581          F 
110006                          2                   0.0001000           4263                286.12              14.90               16.33               1777494.00          8                   2.98                2.68                2.68                18540.00            -13.159213          -60.550197          F 
110020                          2                   0.0001000           4263                286.12              14.90               16.33               1777494.00          853                 68.02               12.54               12.76               422555.00           -9.153039           -64.305489          F 
110003                          2                   0.0001000           4263                286.12              14.90               16.33               1777494.00          1                   1.01                0.99                0.99                6303.00             -13.474873          -60.639653          F 
510140                          2                   0.0001000           4263                286.12              14.90               16.33               1777494.00          2                   2.96                0.68                0.68                18398.00            -10.187963          -59.839297          F 
510330                          2                   0.0001000           4263                286.12              14.90               16.33               1777494.00          2                   2.90                0.69                0.69                17996.00            -13.189673          -59.752227          F 
510325                          2                   0.0001000           4263                286.12              14.90               16.33               1777494.00          29                  4.18                6.94                6.95                25950.00            -9.292283           -60.305531          F 
510515                          2                   0.0001000           4263                286.12              14.90               16.33               1777494.00          0                   6.27                0                   0                   38963.00            -11.533422          -59.327120          F 
510618                          2                   0.0001000           4263                286.12              14.90               16.33               1777494.00          0                   0.86                0                   0                   5373.00             -14.301166          -59.771479          F 
510268                          2                   0.0001000           4263                286.12              14.90               16.33               1777494.00          0                   0.82                0                   0                   5116.00             -13.578425          -59.192168          F 
120001                          2                   0.0001000           4263                286.12              14.90               16.33               1777494.00          9                   2.02                4.47                4.47                12519.00            -9.934392           -66.948427          F 
130170                          2                   0.0001000           4263                286.12              14.90               16.33               1777494.00          176                 7.08                24.86               24.96               43974.00            -7.362897           -62.485394          F 
510285                          2                   0.0001000           4263                286.12              14.90               16.33               1777494.00          0                   1.32                0                   0                   8181.00             -10.955815          -58.604328          F 
130240                          2                   0.0001000           4263                286.12              14.90               16.33               1777494.00          35                  6.02                5.82                5.82                37386.00            -8.375880           -65.812244          F 
130090                          2                   0.0001000           4263                286.12              14.90               16.33               1777494.00          13                  2.05                6.34                6.34                12738.00            -7.403346           -64.096665          F 
211102                          3                   0.0001000           826                 133.53              6.19                6.28                838700.00           2                   1.96                1.02                1.02                12280.00            -3.559519           -46.392487          F 
210200                          3                   0.0001000           826                 133.53              6.19                6.28                838700.00           0                   6.21                0                   0                   38980.00            -3.900294           -46.418166          F 
210465                          3                   0.0001000           826                 133.53              6.19                6.28                838700.00           1                   1.90                0.53                0.53                11910.00            -3.421759           -45.920143          F 
210317                          3                   0.0001000           826                 133.53              6.19                6.28                838700.00           1                   2.80                0.36                0.36                17591.00            -3.086137           -46.538028          F 
210047                          3                   0.0001000           826                 133.53              6.19                6.28                838700.00           2                   4.94                0.40                0.40                31046.00            -3.880456           -46.007745          F 
211400                          3                   0.0001000           826                 133.53              6.19                6.28                838700.00           2                   7.97                0.25                0.25                50075.00            -3.275512           -45.968477          F 
210087                          3                   0.0001000           826                 133.53              6.19                6.28                838700.00           0                   2.22                0                   0                   13917.00            -3.079638           -45.787376          F 
210735                          3                   0.0001000           826                 133.53              6.19                6.28                838700.00           1                   3.04                0.33                0.33                19088.00            -2.896221           -45.955324          F 
211227                          3                   0.0001000           826                 133.53              6.19                6.28                838700.00           2                   0.89                2.24                2.24                5596.00             -3.757538           -45.581194          F 
211000                          3                   0.0001000           826                 133.53              6.19                6.28                838700.00           0                   11.75               0                   0                   73809.00            -4.325910           -45.885268          F 
210232                          3                   0.0001000           826                 133.53              6.19                6.28                838700.00           6                   10.34               0.58                0.58                64957.00            -4.493661           -46.342388          F 
210850                          3                   0.0001000           826                 133.53              6.19                6.28                838700.00           2                   4.94                0.40                0.40                31032.00            -3.691451           -45.437504          F 
210990                          3                   0.0001000           826                 133.53              6.19                6.28                838700.00           2                   12.27               0.16                0.16                77056.00            -3.871839           -45.434294          F 
210690                          3                   0.0001000           826                 133.53              6.19                6.28                838700.00           0                   5.04                0                   0                   31663.00            -3.479863           -45.320156          F 
210040                          3                   0.0001000           826                 133.53              6.19                6.28                838700.00           0                   1.76                0                   0                   11041.00            -4.168960           -45.503735          F 
210203                          3                   0.0001000           826                 133.53              6.19                6.28                838700.00           0                   4.48                0                   0                   28118.00            -4.600704           -46.688724          F 
210825                          3                   0.0001000           826                 133.53              6.19                6.28                838700.00           0                   3.59                0                   0                   22574.00            -2.989105           -45.429993          F 
210542                          3                   0.0001000           826                 133.53              6.19                6.28                838700.00           0                   3.94                0                   0                   24760.00            -4.271325           -47.260573          F 
150812                          3                   0.0001000           826                 133.53              6.19                6.28                838700.00           74                  6.86                10.79               10.81               43070.00            -3.809797           -47.493553          F 
210177                          3                   0.0001000           826                 133.53              6.19                6.28                838700.00           1                   1.92                0.52                0.52                12036.00            -3.758452           -45.264977          F 
210830                          3                   0.0001000           826                 133.53              6.19                6.28                838700.00           0                   5.44                0                   0                   34191.00            -3.251174           -45.285441          F 
210215                          3                   0.0001000           826                 133.53              6.19                6.28                838700.00           0                   0.89                0                   0                   5563.00             -4.369485           -45.549445          F 
210637                          3                   0.0001000           826                 133.53              6.19                6.28                838700.00           2                   2.24                0.89                0.89                14048.00            -2.452057           -45.988295          F 
211003                          3                   0.0001000           826                 133.53              6.19                6.28                838700.00           4                   3.60                1.11                1.11                22618.00            -2.539736           -45.792268          F 
211172                          3                   0.0001000           826                 133.53              6.19                6.28                838700.00           0                   1.89                0                   0                   11890.00            -3.938769           -45.259330          F 
210315                          3                   0.0001000           826                 133.53              6.19                6.28                838700.00           2                   2.00                1.00                1.00                12532.00            -2.367505           -46.128105          F 
150550                          3                   0.0001000           826                 133.53              6.19                6.28                838700.00           530                 15.47               34.25               34.64               97182.00            -3.203446           -47.603092          F 
150495                          3                   0.0001000           826                 133.53              6.19                6.28                838700.00           192                 3.20                60.07               60.32               20077.00            -2.392513           -46.899644          F 
210460                          4                   0.001400            11                  0.86                12.85               12.85               15953.00            11                  0.86                12.85               12.85               15953.00            -5.385267           -44.067223          F 
210043                          5                   0.2731              10                  1.32                7.59                7.60                24542.00            10                  1.32                7.59                7.60                24542.00            -4.209394           -44.393550          F 
