140010                          1                   0.0001000           9905                543.32              18.23               31.95               7674257.00          2800                28.26               99.07               113.12              399213.00           3.117964            -60.717850          F 
140015                          1                   0.0001000           9905                543.32              18.23               31.95               7674257.00          12                  0.88                13.66               13.67               12409.00            2.787148            -60.100125          F 
140017                          1                   0.0001000           9905                543.32              18.23               31.95               7674257.00          37                  1.30                28.50               28.55               18335.00            2.272838            -60.542067          F 
140040                          1                   0.0001000           9905                543.32              18.23               31.95               7674257.00          3                   0.80                3.75                3.75                11290.00            3.878942            -60.064912          F 
140045                          1                   0.0001000           9905                543.32              18.23               31.95               7674257.00          12                  1.23                9.74                9.75                17401.00            4.168751            -60.839425          F 
140030                          1                   0.0001000           9905                543.32              18.23               31.95               7674257.00          71                  1.26                56.17               56.35               17853.00            2.510145            -61.983632          F 
140070                          1                   0.0001000           9905                543.32              18.23               31.95               7674257.00          6                   0.75                8.03                8.03                10559.00            4.683843            -60.280731          F 
140002                          1                   0.0001000           9905                543.32              18.23               31.95               7674257.00          13                  0.91                14.35               14.36               12796.00            3.732874            -62.436863          F 
140028                          1                   0.0001000           9905                543.32              18.23               31.95               7674257.00          54                  0.85                63.83               63.98               11950.00            2.186649            -62.468913          F 
140005                          1                   0.0001000           9905                543.32              18.23               31.95               7674257.00          47                  1.10                42.80               42.89               15510.00            3.078187            -62.755259          F 
140020                          1                   0.0001000           9905                543.32              18.23               31.95               7674257.00          42                  1.55                27.06               27.11               21926.00            0.990862            -61.471950          F 
140060                          1                   0.0001000           9905                543.32              18.23               31.95               7674257.00          50                  0.57                88.43               88.63               7986.00             0.884349            -60.151701          F 
140023                          1                   0.0001000           9905                543.32              18.23               31.95               7674257.00          31                  0.72                43.06               43.12               10169.00            0.914772            -59.338066          F 
140050                          1                   0.0001000           9905                543.32              18.23               31.95               7674257.00          109                 0.58                187.73              188.65              8201.00             0.635650            -59.844809          F 
140047                          1                   0.0001000           9905                543.32              18.23               31.95               7674257.00          93                  2.14                43.55               43.73               30163.00            0.0378310           -61.010414          F 
130430                          1                   0.0001000           9905                543.32              18.23               31.95               7674257.00          2                   1.15                1.74                1.74                16256.00            -0.893871           -59.029898          F 
130040                          1                   0.0001000           9905                543.32              18.23               31.95               7674257.00          41                  1.95                21.06               21.09               27502.00            -0.465180           -63.434588          F 
130353                          1                   0.0001000           9905                543.32              18.23               31.95               7674257.00          77                  2.57                29.98               30.08               36279.00            -1.372564           -59.988741          F 
150530                          1                   0.0001000           9905                543.32              18.23               31.95               7674257.00          20                  5.18                3.86                3.87                73096.00            0.255032            -57.149736          F 
150300                          1                   0.0001000           9905                543.32              18.23               31.95               7674257.00          0                   0.51                0                   0                   7194.00             -1.158833           -57.806300          F 
130320                          1                   0.0001000           9905                543.32              18.23               31.95               7674257.00          17                  1.38                12.34               12.35               19454.00            -2.046996           -61.701836          F 
130395                          1                   0.0001000           9905                543.32              18.23               31.95               7674257.00          11                  0.99                11.08               11.09               14020.00            -1.946118           -58.702338          F 
130300                          1                   0.0001000           9905                543.32              18.23               31.95               7674257.00          2                   1.50                1.33                1.33                21173.00            -1.680483           -57.656536          F 
130356                          1                   0.0001000           9905                543.32              18.23               31.95               7674257.00          18                  2.36                7.62                7.63                33347.00            -2.529891           -59.638156          F 
130260                          1                   0.0001000           9905                543.32              18.23               31.95               7674257.00          655                 154.53              4.24                4.34                2182763.00          -2.626021           -60.259483          F 
130360                          1                   0.0001000           9905                543.32              18.23               31.95               7674257.00          24                  1.78                13.48               13.49               25156.00            -0.318566           -65.522058          F 
130200                          1                   0.0001000           9905                543.32              18.23               31.95               7674257.00          37                  0.65                57.13               57.22               9148.00             -2.498704           -58.619577          F 
150510                          1                   0.0001000           9905                543.32              18.23               31.95               7674257.00          7                   3.69                1.90                1.90                52137.00            -0.170427           -55.674947          F 
130185                          1                   0.0001000           9905                543.32              18.23               31.95               7674257.00          19                  3.42                5.56                5.56                48296.00            -3.095148           -60.480667          F 
130083                          1                   0.0001000           9905                543.32              18.23               31.95               7674257.00          0                   0.93                0                   0                   13081.00            -3.081969           -61.877491          F 
130400                          1                   0.0001000           9905                543.32              18.23               31.95               7674257.00          1                   0.65                1.54                1.54                9171.00             -2.822093           -58.536128          F 
130250                          1                   0.0001000           9905                543.32              18.23               31.95               7674257.00          142                 6.89                20.60               20.72               97377.00            -3.291606           -60.958222          F 
130115                          1                   0.0001000           9905                543.32              18.23               31.95               7674257.00          3                   2.14                1.40                1.40                30225.00            -3.286228           -59.599493          F 
130190                          1                   0.0001000           9905                543.32              18.23               31.95               7674257.00          25                  7.17                3.48                3.49                101337.00           -3.174662           -58.777136          F 
150797                          1                   0.0001000           9905                543.32              18.23               31.95               7674257.00          0                   1.33                0                   0                   18769.00            -1.952134           -56.458364          F 
130440                          1                   0.0001000           9905                543.32              18.23               31.95               7674257.00          1                   1.63                0.61                0.61                23065.00            -2.812240           -57.770143          F 
130008                          1                   0.0001000           9905                543.32              18.23               31.95               7674257.00          6                   0.96                6.23                6.23                13614.00            -3.502503           -61.716696          F 
150040                          1                   0.0001000           9905                543.32              18.23               31.95               7674257.00          6                   4.02                1.49                1.49                56789.00            -0.536230           -55.069883          F 
130130                          1                   0.0001000           9905                543.32              18.23               31.95               7674257.00          5                   2.03                2.47                2.47                28637.00            -3.289026           -62.972665          F 
130255                          1                   0.0001000           9905                543.32              18.23               31.95               7674257.00          16                  2.27                7.04                7.04                32105.00            -3.779354           -60.697327          F 
130110                          1                   0.0001000           9905                543.32              18.23               31.95               7674257.00          40                  2.68                14.92               14.94               37869.00            -3.770658           -60.183093          F 
130068                          1                   0.0001000           9905                543.32              18.23               31.95               7674257.00          8                   1.36                5.88                5.88                19207.00            -3.138082           -57.669942          F 
130340                          1                   0.0001000           9905                543.32              18.23               31.95               7674257.00          8                   8.09                0.99                0.99                114273.00           -2.688407           -56.854026          F 
130030                          1                   0.0001000           9905                543.32              18.23               31.95               7674257.00          16                  2.80                5.71                5.72                39565.00            -3.788879           -59.528635          F 
130280                          1                   0.0001000           9905                543.32              18.23               31.95               7674257.00          2                   1.29                1.55                1.55                18224.00            -2.428415           -65.038109          F 
130050                          1                   0.0001000           9905                543.32              18.23               31.95               7674257.00          1                   2.27                0.44                0.44                32041.00            -3.129157           -57.172390          F 
150390                          1                   0.0001000           9905                543.32              18.23               31.95               7674257.00          2                   4.10                0.49                0.49                57943.00            -2.622585           -56.221232          F 
150050                          1                   0.0001000           9905                543.32              18.23               31.95               7674257.00          1                   2.41                0.41                0.41                34109.00            0.284350            -53.893460          F 
130310                          1                   0.0001000           9905                543.32              18.23               31.95               7674257.00          59                  2.65                22.30               22.35               37378.00            -3.988364           -58.601783          F 
130010                          1                   0.0001000           9905                543.32              18.23               31.95               7674257.00          2                   1.49                1.34                1.34                21010.00            -4.186645           -62.073001          F 
150285                          1                   0.0001000           9905                543.32              18.23               31.95               7674257.00          4                   1.02                3.93                3.93                14393.00            -1.845743           -55.113264          F 
150480                          1                   0.0001000           9905                543.32              18.23               31.95               7674257.00          9                   4.11                2.19                2.19                58032.00            -1.119762           -54.365806          F 
160027                          1                   0.0001000           9905                543.32              18.23               31.95               7674257.00          20                  3.57                5.60                5.61                50410.00            1.096940            -53.306000          F 
130380                          1                   0.0001000           9905                543.32              18.23               31.95               7674257.00          95                  3.23                29.45               29.57               45564.00            0.374453            -67.997697          F 
130063                          1                   0.0001000           9905                543.32              18.23               31.95               7674257.00          8                   1.39                5.74                5.74                19679.00            -4.603475           -61.787364          F 
130426                          1                   0.0001000           9905                543.32              18.23               31.95               7674257.00          6                   0.96                6.26                6.26                13540.00            -3.167038           -65.411879          F 
130160                          1                   0.0001000           9905                543.32              18.23               31.95               7674257.00          3                   1.25                2.41                2.41                17609.00            -2.492180           -66.358452          F 
150680                          1                   0.0001000           9905                543.32              18.23               31.95               7674257.00          49                  21.56               2.27                2.28                304589.00           -2.764647           -55.093854          F 
130080                          1                   0.0001000           9905                543.32              18.23               31.95               7674257.00          3                   2.91                1.03                1.03                41161.00            -4.957034           -59.534428          F 
130002                          1                   0.0001000           9905                543.32              18.23               31.95               7674257.00          40                  1.14                35.22               35.28               16041.00            -3.701122           -65.330652          F 
150100                          1                   0.0001000           9905                543.32              18.23               31.95               7674257.00          3                   1.16                2.59                2.59                16388.00            -3.667209           -56.016450          F 
130120                          1                   0.0001000           9905                543.32              18.23               31.95               7674257.00          8                   6.02                1.33                1.33                85097.00            -4.437162           -64.124619          F 
160015                          1                   0.0001000           9905                543.32              18.23               31.95               7674257.00          57                  1.17                48.79               48.91               16502.00            1.157828            -52.523712          F 
150145                          1                   0.0001000           9905                543.32              18.23               31.95               7674257.00          5                   1.26                3.98                3.98                17732.00            -3.191161           -54.992826          F 
130290                          1                   0.0001000           9905                543.32              18.23               31.95               7674257.00          4                   4.52                0.88                0.88                63905.00            -4.984990           -58.060916          F 
160005                          1                   0.0001000           9905                543.32              18.23               31.95               7674257.00          9                   0.38                23.55               23.56               5397.00             1.649528            -52.270468          F 
130220                          1                   0.0001000           9905                543.32              18.23               31.95               7674257.00          3                   1.04                2.88                2.88                14712.00            -3.524623           -66.306825          F 
150600                          1                   0.0001000           9905                543.32              18.23               31.95               7674257.00          2                   2.11                0.95                0.95                29866.00            -2.120276           -53.660235          F 
160050                          1                   0.0001000           9905                543.32              18.23               31.95               7674257.00          4                   1.93                2.07                2.07                27270.00            3.088524            -51.904801          F 
130420                          1                   0.0001000           9905                543.32              18.23               31.95               7674257.00          241                 4.24                56.88               57.49               59849.00            -4.468383           -65.529278          F 
130210                          1                   0.0001000           9905                543.32              18.23               31.95               7674257.00          1                   0.20                5.13                5.13                2755.00             -1.698117           -68.320288          F 
130423                          1                   0.0001000           9905                543.32              18.23               31.95               7674257.00          0                   1.33                0                   0                   18755.00            -2.691643           -67.827923          F 
150619                          1                   0.0001000           9905                543.32              18.23               31.95               7674257.00          21                  3.58                5.87                5.88                50510.00            -4.241022           -55.210827          F 
160020                          1                   0.0001000           9905                543.32              18.23               31.95               7674257.00          6                   0.79                7.62                7.63                11117.00            2.430849            -51.404322          F 
160040                          1                   0.0001000           9905                543.32              18.23               31.95               7674257.00          71                  1.53                46.36               46.50               21632.00            -0.0730322          -51.943908          F 
150565                          1                   0.0001000           9905                543.32              18.23               31.95               7674257.00          4                   2.19                1.82                1.82                30982.00            -3.889977           -54.500599          F 
160053                          1                   0.0001000           9905                543.32              18.23               31.95               7674257.00          105                 1.56                67.50               67.82               21971.00            0.587711            -51.673569          F 
150805                          1                   0.0001000           9905                543.32              18.23               31.95               7674257.00          23                  1.34                17.11               17.12               18989.00            -5.130084           -56.003417          F 
160023                          1                   0.0001000           9905                543.32              18.23               31.95               7674257.00          3                   0.55                5.45                5.45                7780.00             0.958713            -51.419182          F 
160055                          1                   0.0001000           9905                543.32              18.23               31.95               7674257.00          1                   0.36                2.76                2.76                5120.00             1.625299            -51.277065          F 
160080                          1                   0.0001000           9905                543.32              18.23               31.95               7674257.00          2                   1.13                1.77                1.77                15931.00            -0.997903           -52.061167          F 
130270                          1                   0.0001000           9905                543.32              18.23               31.95               7674257.00          208                 3.95                52.70               53.18               55751.00            -6.459804           -61.446481          F 
150815                          1                   0.0001000           9905                543.32              18.23               31.95               7674257.00          4                   3.22                1.24                1.24                45476.00            -3.583648           -53.807296          F 
150590                          1                   0.0001000           9905                543.32              18.23               31.95               7674257.00          0                   2.91                0                   0                   41135.00            -2.184494           -52.547960          F 
150445                          1                   0.0001000           9905                543.32              18.23               31.95               7674257.00          1                   2.24                0.45                0.45                31597.00            -3.160218           -53.194916          F 
160060                          1                   0.0001000           9905                543.32              18.23               31.95               7674257.00          391                 8.59                45.51               46.30               121364.00           0.128476            -51.379449          F 
160070                          1                   0.0001000           9905                543.32              18.23               31.95               7674257.00          13                  1.23                10.60               10.61               17315.00            1.294034            -50.985687          F 
150360                          1                   0.0001000           9905                543.32              18.23               31.95               7674257.00          104                 7.17                14.51               14.57               101247.00           -5.871333           -56.496545          F 
130330                          1                   0.0001000           9905                543.32              18.23               31.95               7674257.00          85                  1.82                46.82               46.99               25644.00            -6.825051           -60.477192          F 
130006                          1                   0.0001000           9905                543.32              18.23               31.95               7674257.00          3                   0.82                3.67                3.67                11536.00            -3.418321           -68.287308          F 
150310                          1                   0.0001000           9905                543.32              18.23               31.95               7674257.00          5                   2.36                2.12                2.12                33376.00            -1.151921           -51.555276          F 
130410                          1                   0.0001000           9905                543.32              18.23               31.95               7674257.00          12                  1.21                9.88                9.88                17156.00            -6.104509           -64.893865          F 
160010                          1                   0.0001000           9905                543.32              18.23               31.95               7674257.00          5                   0.64                7.75                7.75                9109.00             1.764026            -50.581371          F 
150172                          1                   0.0001000           9905                543.32              18.23               31.95               7674257.00          0                   1.07                0                   0                   15086.00            -3.292151           -52.685423          F 
160030                          1                   0.0001000           9905                543.32              18.23               31.95               7674257.00          601                 35.63               16.87               17.30               503327.00           0.554818            -50.700863          F 
160025                          1                   0.0001000           9905                543.32              18.23               31.95               7674257.00          0                   0.39                0                   0                   5503.00             0.532233            -50.651554          F 
130370                          1                   0.0001000           9905                543.32              18.23               31.95               7674257.00          2                   1.53                1.31                1.31                21602.00            -3.051175           -69.087897          F 
160021                          1                   0.0001000           9905                543.32              18.23               31.95               7674257.00          2                   0.42                4.72                4.72                5983.00             1.030315            -50.483699          F 
150030                          1                   0.0001000           9905                543.32              18.23               31.95               7674257.00          386                 2.78                139.02              141.45              39218.00            -0.263841           -50.727746          F 
130100                          1                   0.0001000           9905                543.32              18.23               31.95               7674257.00          5                   2.00                2.50                2.50                28294.00            -5.118832           -67.337382          F 
130170                          1                   0.0001000           9905                543.32              18.23               31.95               7674257.00          412                 3.90                105.65              107.62              55080.00            -7.362897           -62.485394          F 
150450                          1                   0.0001000           9905                543.32              18.23               31.95               7674257.00          11                  1.96                5.62                5.62                27654.00            -1.607856           -51.104066          F 
150835                          1                   0.0001000           9905                543.32              18.23               31.95               7674257.00          1                   1.07                0.93                0.93                15134.00            -3.141047           -51.973342          F 
150180                          1                   0.0001000           9905                543.32              18.23               31.95               7674257.00          167                 7.27                22.97               23.13               102701.00           -1.121333           -50.628584          F 
130014                          1                   0.0001000           9905                543.32              18.23               31.95               7674257.00          62                  1.56                39.85               39.96               21973.00            -7.759871           -59.431439          F 
130230                          1                   0.0001000           9905                543.32              18.23               31.95               7674257.00          3                   1.01                2.96                2.96                14317.00            -4.713108           -68.403854          F 
130090                          1                   0.0001000           9905                543.32              18.23               31.95               7674257.00          7                   1.11                6.33                6.33                15629.00            -7.403346           -64.096665          F 
150375                          1                   0.0001000           9905                543.32              18.23               31.95               7674257.00          188                 0.58                322.30              325.03              8239.00             -7.445178           -57.302829          F 
150580                          1                   0.0001000           9905                543.32              18.23               31.95               7674257.00          16                  4.39                3.64                3.64                62043.00            -2.565541           -50.955536          F 
150250                          1                   0.0001000           9905                543.32              18.23               31.95               7674257.00          12                  1.68                7.15                7.15                23717.00            -0.0296229          -49.829440          F 
150070                          1                   0.0001000           9905                543.32              18.23               31.95               7674257.00          217                 2.07                104.69              105.71              29277.00            -0.827103           -49.962044          F 
130406                          1                   0.0001000           9905                543.32              18.23               31.95               7674257.00          17                  4.66                3.65                3.65                65844.00            -4.027765           -69.681346          F 
150780                          1                   0.0001000           9905                543.32              18.23               31.95               7674257.00          0                   0.83                0                   0                   11658.00            -4.171559           -51.773388          F 
130390                          1                   0.0001000           9905                543.32              18.23               31.95               7674257.00          9                   2.78                3.23                3.24                39299.00            -4.497836           -69.450565          F 
150280                          1                   0.0001000           9905                543.32              18.23               31.95               7674257.00          32                  2.44                13.12               13.14               34448.00            -1.583580           -49.988115          F 
150060                          1                   0.0001000           9905                543.32              18.23               31.95               7674257.00          32                  8.11                3.94                3.95                114594.00           -6.486303           -53.886671          F 
150085                          1                   0.0001000           9905                543.32              18.23               31.95               7674257.00          35                  1.97                17.73               17.75               27890.00            -3.997294           -51.301209          F 
150110                          1                   0.0001000           9905                543.32              18.23               31.95               7674257.00          24                  2.17                11.05               11.06               30673.00            -2.372794           -50.181886          F 
150770                          1                   0.0001000           9905                543.32              18.23               31.95               7674257.00          46                  1.89                24.39               24.44               26640.00            -1.434046           -49.680194          F 
150640                          1                   0.0001000           9905                543.32              18.23               31.95               7674257.00          4                   0.72                5.58                5.58                10128.00            -0.583158           -49.314290          F 
150520                          1                   0.0001000           9905                543.32              18.23               31.95               7674257.00          292                 2.30                126.86              128.52              32512.00            -2.278960           -49.902322          F 
150548                          1                   0.0001000           9905                543.32              18.23               31.95               7674257.00          85                  3.38                25.17               25.26               47706.00            -3.684058           -50.631545          F 
510080                          1                   0.0001000           9905                543.32              18.23               31.95               7674257.00          1                   0.72                1.39                1.39                10133.00            -8.753341           -57.827599          F 
150490                          1                   0.0001000           9905                543.32              18.23               31.95               7674257.00          15                  2.86                5.25                5.25                40349.00            -1.355540           -49.309395          F 
130195                          1                   0.0001000           9905                543.32              18.23               31.95               7674257.00          4                   0.56                7.20                7.20                7851.00             -6.682874           -68.114036          F 
110080                          1                   0.0001000           9905                543.32              18.23               31.95               7674257.00          108                 1.89                57.15               57.42               26693.00            -8.887011           -63.325581          F 
150503                          1                   0.0001000           9905                543.32              18.23               31.95               7674257.00          71                  1.82                38.93               39.05               25762.00            -8.062463           -55.612052          F 
150400                          1                   0.0001000           9905                543.32              18.23               31.95               7674257.00          51                  2.05                24.90               24.95               28935.00            -1.864288           -49.469256          F 
150570                          1                   0.0001000           9905                543.32              18.23               31.95               7674257.00          44                  2.20                20.00               20.03               31082.00            -1.117579           -49.077239          F 
110013                          1                   0.0001000           9905                543.32              18.23               31.95               7674257.00          26                  2.83                9.18                9.19                39991.00            -9.204070           -62.010294          F 
510325                          1                   0.0001000           9905                543.32              18.23               31.95               7674257.00          30                  2.73                10.98               11.00               38582.00            -9.292283           -60.305531          F 
150210                          1                   0.0001000           9905                543.32              18.23               31.95               7674257.00          206                 9.76                21.10               21.29               137890.00           -2.253113           -49.513615          F 
110094                          1                   0.0001000           9905                543.32              18.23               31.95               7674257.00          28                  1.79                15.68               15.70               25215.00            -9.170974           -62.565037          F 
150200                          1                   0.0001000           9905                543.32              18.23               31.95               7674257.00          0                   1.68                0                   0                   23767.00            -0.869047           -48.877684          F 
110110                          1                   0.0001000           9905                543.32              18.23               31.95               7674257.00          5                   0.74                6.75                6.75                10458.00            -9.170195           -63.044988          F 
130240                          1                   0.0001000           9905                543.32              18.23               31.95               7674257.00          274                 3.26                84.01               85.04               46069.00            -8.375880           -65.812244          F 
150790                          1                   0.0001000           9905                543.32              18.23               31.95               7674257.00          0                   1.80                0                   0                   25374.00            -0.492471           -48.637322          F 
150460                          1                   0.0001000           9905                543.32              18.23               31.95               7674257.00          8                   2.20                3.63                3.63                31136.00            -2.576520           -49.465753          F 
150120                          1                   0.0001000           9905                543.32              18.23               31.95               7674257.00          71                  3.36                21.14               21.20               47446.00            -3.129242           -49.698861          F 
510682                          2                   0.0001000           61                  3.59                17.00               17.05               60947.00            0                   0.71                0                   0                   12017.00            -15.957499          -58.981331          F 
510380                          2                   0.0001000           61                  3.59                17.00               17.05               60947.00            0                   0.21                0                   0                   3494.00             -15.525273          -58.702517          F 
510675                          2                   0.0001000           61                  3.59                17.00               17.05               60947.00            61                  2.67                22.81               22.87               45436.00            -15.515107          -59.455385          F 
