1                   1                   1                   38250               1980.93             19.31               30.64               5417795.00          
2                   1                   1                   13463               1133.22             11.88               13.57               3099344.00          
3                   1                   1                   395                 24.73               15.97               16.03               68009.00            
4                   1                   1                   69                  5.70                12.12               12.12               18732.00            
5                   1                   1                   92                  12.80               7.19                7.19                105584.00           
6                   1                   1                   200                 61.13               3.27                3.28                169962.00           
7                   1                   1                   43                  6.33                6.80                6.80                34601.00            
8                   1                   1                   36                  6.90                5.22                5.22                37721.00            
9                   1                   1                   16                  1.73                9.24                9.24                14062.00            
10                  1                   1                   41                  17.42               2.35                2.35                143682.00           
11                  1                   1                   11                  2.36                4.66                4.66                19156.00            
12                  1                   1                   11                  2.50                4.40                4.40                21328.00            
