140028                          1                   0.0001000           27383               1658.42             16.51               27.48               6875155.00          35                  1.41                24.75               24.76               5863.00             2.186649            -62.468913          F 
140030                          1                   0.0001000           27383               1658.42             16.51               27.48               6875155.00          127                 3.03                41.96               42.04               12546.00            2.510145            -61.983632          F 
140005                          1                   0.0001000           27383               1658.42             16.51               27.48               6875155.00          37                  3.47                10.66               10.67               14386.00            3.078187            -62.755259          F 
140002                          1                   0.0001000           27383               1658.42             16.51               27.48               6875155.00          2                   1.83                1.09                1.09                7586.00             3.732874            -62.436863          F 
140020                          1                   0.0001000           27383               1658.42             16.51               27.48               6875155.00          37                  4.34                8.53                8.53                17981.00            0.990862            -61.471950          F 
140017                          1                   0.0001000           27383               1658.42             16.51               27.48               6875155.00          0                   2.68                0                   0                   11119.00            2.272838            -60.542067          F 
140010                          1                   0.0001000           27383               1658.42             16.51               27.48               6875155.00          956                 60.27               15.86               16.08               249853.00           3.117964            -60.717850          F 
140015                          1                   0.0001000           27383               1658.42             16.51               27.48               6875155.00          30                  2.47                12.16               12.16               10231.00            2.787148            -60.100125          F 
140045                          1                   0.0001000           27383               1658.42             16.51               27.48               6875155.00          15                  2.08                7.20                7.20                8640.00             4.168751            -60.839425          F 
140047                          1                   0.0001000           27383               1658.42             16.51               27.48               6875155.00          43                  5.90                7.29                7.29                24466.00            0.0378310           -61.010414          F 
140060                          1                   0.0001000           27383               1658.42             16.51               27.48               6875155.00          9                   1.38                6.52                6.52                5720.00             0.884349            -60.151701          F 
130040                          1                   0.0001000           27383               1658.42             16.51               27.48               6875155.00          38                  5.93                6.41                6.42                24567.00            -0.465180           -63.434588          F 
140040                          1                   0.0001000           27383               1658.42             16.51               27.48               6875155.00          0                   1.72                0                   0                   7118.00             3.878942            -60.064912          F 
140050                          1                   0.0001000           27383               1658.42             16.51               27.48               6875155.00          76                  1.38                55.01               55.08               5727.00             0.635650            -59.844809          F 
140070                          1                   0.0001000           27383               1658.42             16.51               27.48               6875155.00          2                   1.79                1.12                1.12                7403.00             4.683843            -60.280731          F 
140023                          1                   0.0001000           27383               1658.42             16.51               27.48               6875155.00          2                   1.71                1.17                1.17                7086.00             0.914772            -59.338066          F 
130360                          1                   0.0001000           27383               1658.42             16.51               27.48               6875155.00          75                  4.08                18.37               18.39               16921.00            -0.318566           -65.522058          F 
130320                          1                   0.0001000           27383               1658.42             16.51               27.48               6875155.00          265                 3.53                75.09               75.39               14630.00            -2.046996           -61.701836          F 
130353                          1                   0.0001000           27383               1658.42             16.51               27.48               6875155.00          204                 5.88                34.72               34.82               24360.00            -1.372564           -59.988741          F 
130430                          1                   0.0001000           27383               1658.42             16.51               27.48               6875155.00          181                 3.79                47.74               47.87               15716.00            -0.893871           -59.029898          F 
130280                          1                   0.0001000           27383               1658.42             16.51               27.48               6875155.00          7                   4.22                1.66                1.66                17507.00            -2.428415           -65.038109          F 
130260                          1                   0.0001000           27383               1658.42             16.51               27.48               6875155.00          5965                397.19              15.02               16.41               1646602.00          -2.626021           -60.259483          F 
130083                          1                   0.0001000           27383               1658.42             16.51               27.48               6875155.00          60                  2.54                23.58               23.60               10547.00            -3.081969           -61.877491          F 
130130                          1                   0.0001000           27383               1658.42             16.51               27.48               6875155.00          38                  3.87                9.83                9.84                16025.00            -3.289026           -62.972665          F 
130356                          1                   0.0001000           27383               1658.42             16.51               27.48               6875155.00          188                 6.00                31.35               31.44               24858.00            -2.529891           -59.638156          F 
130395                          1                   0.0001000           27383               1658.42             16.51               27.48               6875155.00          125                 2.11                59.35               59.46               8731.00             -1.946118           -58.702338          F 
130185                          1                   0.0001000           27383               1658.42             16.51               27.48               6875155.00          200                 7.93                25.23               25.30               32869.00            -3.095148           -60.480667          F 
150530                          1                   0.0001000           27383               1658.42             16.51               27.48               6875155.00          27                  13.31               2.03                2.03                55175.00            0.255032            -57.149736          F 
130250                          1                   0.0001000           27383               1658.42             16.51               27.48               6875155.00          848                 19.85               42.71               43.25               82309.00            -3.291606           -60.958222          F 
150300                          1                   0.0001000           27383               1658.42             16.51               27.48               6875155.00          0                   4.16                0                   0                   17253.00            -1.158833           -57.806300          F 
130008                          1                   0.0001000           27383               1658.42             16.51               27.48               6875155.00          16                  1.97                8.14                8.14                8152.00             -3.502503           -61.716696          F 
130380                          1                   0.0001000           27383               1658.42             16.51               27.48               6875155.00          13                  9.44                1.38                1.38                39130.00            0.374453            -67.997697          F 
130200                          1                   0.0001000           27383               1658.42             16.51               27.48               6875155.00          123                 2.20                55.78               55.88               9141.00             -2.498704           -58.619577          F 
130160                          1                   0.0001000           27383               1658.42             16.51               27.48               6875155.00          80                  4.76                16.81               16.83               19726.00            -2.492180           -66.358452          F 
130426                          1                   0.0001000           27383               1658.42             16.51               27.48               6875155.00          4                   2.38                1.68                1.68                9859.00             -3.167038           -65.411879          F 
130300                          1                   0.0001000           27383               1658.42             16.51               27.48               6875155.00          5                   4.23                1.18                1.18                17553.00            -1.680483           -57.656536          F 
130115                          1                   0.0001000           27383               1658.42             16.51               27.48               6875155.00          109                 5.55                19.63               19.66               23023.00            -3.286228           -59.599493          F 
130255                          1                   0.0001000           27383               1658.42             16.51               27.48               6875155.00          63                  4.62                13.63               13.64               19164.00            -3.779354           -60.697327          F 
130400                          1                   0.0001000           27383               1658.42             16.51               27.48               6875155.00          12                  1.98                6.06                6.06                8211.00             -2.822093           -58.536128          F 
130110                          1                   0.0001000           27383               1658.42             16.51               27.48               6875155.00          867                 7.49                115.68              117.21              31070.00            -3.770658           -60.183093          F 
130010                          1                   0.0001000           27383               1658.42             16.51               27.48               6875155.00          88                  3.34                26.37               26.40               13834.00            -4.186645           -62.073001          F 
130190                          1                   0.0001000           27383               1658.42             16.51               27.48               6875155.00          361                 20.43               17.67               17.77               84676.00            -3.174662           -58.777136          F 
130002                          1                   0.0001000           27383               1658.42             16.51               27.48               6875155.00          89                  3.14                28.36               28.40               13010.00            -3.701122           -65.330652          F 
130030                          1                   0.0001000           27383               1658.42             16.51               27.48               6875155.00          237                 7.21                32.85               32.97               29907.00            -3.788879           -59.528635          F 
130063                          1                   0.0001000           27383               1658.42             16.51               27.48               6875155.00          243                 3.33                72.95               73.22               13809.00            -4.603475           -61.787364          F 
130120                          1                   0.0001000           27383               1658.42             16.51               27.48               6875155.00          81                  15.73               5.15                5.15                65222.00            -4.437162           -64.124619          F 
130440                          1                   0.0001000           27383               1658.42             16.51               27.48               6875155.00          15                  4.15                3.62                3.62                17184.00            -2.812240           -57.770143          F 
130220                          1                   0.0001000           27383               1658.42             16.51               27.48               6875155.00          4                   2.09                1.92                1.92                8658.00             -3.524623           -66.306825          F 
130210                          1                   0.0001000           27383               1658.42             16.51               27.48               6875155.00          2                   1.27                1.57                1.57                5281.00             -1.698117           -68.320288          F 
130068                          1                   0.0001000           27383               1658.42             16.51               27.48               6875155.00          6                   3.17                1.89                1.89                13138.00            -3.138082           -57.669942          F 
150510                          1                   0.0001000           27383               1658.42             16.51               27.48               6875155.00          7                   11.29               0.62                0.62                46793.00            -0.170427           -55.674947          F 
130423                          1                   0.0001000           27383               1658.42             16.51               27.48               6875155.00          5                   4.60                1.09                1.09                19090.00            -2.691643           -67.827923          F 
130310                          1                   0.0001000           27383               1658.42             16.51               27.48               6875155.00          189                 7.04                26.85               26.92               29184.00            -3.988364           -58.601783          F 
150797                          1                   0.0001000           27383               1658.42             16.51               27.48               6875155.00          0                   3.69                0                   0                   15316.00            -1.952134           -56.458364          F 
130420                          1                   0.0001000           27383               1658.42             16.51               27.48               6875155.00          1245                15.18               82.03               83.58               62920.00            -4.468383           -65.529278          F 
130340                          1                   0.0001000           27383               1658.42             16.51               27.48               6875155.00          47                  24.61               1.91                1.91                102044.00           -2.688407           -56.854026          F 
130050                          1                   0.0001000           27383               1658.42             16.51               27.48               6875155.00          4                   6.43                0.62                0.62                26645.00            -3.129157           -57.172390          F 
130080                          1                   0.0001000           27383               1658.42             16.51               27.48               6875155.00          111                 7.50                14.80               14.82               31098.00            -4.957034           -59.534428          F 
150040                          1                   0.0001000           27383               1658.42             16.51               27.48               6875155.00          6                   12.70               0.47                0.47                52661.00            -0.536230           -55.069883          F 
150390                          1                   0.0001000           27383               1658.42             16.51               27.48               6875155.00          6                   8.15                0.74                0.74                33775.00            -2.622585           -56.221232          F 
130006                          1                   0.0001000           27383               1658.42             16.51               27.48               6875155.00          0                   2.02                0                   0                   8384.00             -3.418321           -68.287308          F 
150285                          1                   0.0001000           27383               1658.42             16.51               27.48               6875155.00          4                   2.88                1.39                1.39                11928.00            -1.845743           -55.113264          F 
130290                          1                   0.0001000           27383               1658.42             16.51               27.48               6875155.00          20                  11.34               1.76                1.76                47020.00            -4.984990           -58.060916          F 
130370                          1                   0.0001000           27383               1658.42             16.51               27.48               6875155.00          2                   7.06                0.28                0.28                29249.00            -3.051175           -69.087897          F 
130410                          1                   0.0001000           27383               1658.42             16.51               27.48               6875155.00          17                  4.69                3.62                3.62                19453.00            -6.104509           -64.893865          F 
130270                          1                   0.0001000           27383               1658.42             16.51               27.48               6875155.00          81                  10.69               7.58                7.58                44327.00            -6.459804           -61.446481          F 
150100                          1                   0.0001000           27383               1658.42             16.51               27.48               6875155.00          11                  4.54                2.42                2.42                18830.00            -3.667209           -56.016450          F 
150480                          1                   0.0001000           27383               1658.42             16.51               27.48               6875155.00          32                  14.80               2.16                2.16                61350.00            -1.119762           -54.365806          F 
130100                          1                   0.0001000           27383               1658.42             16.51               27.48               6875155.00          22                  6.06                3.63                3.63                25110.00            -5.118832           -67.337382          F 
150050                          1                   0.0001000           27383               1658.42             16.51               27.48               6875155.00          3                   7.45                0.40                0.40                30903.00            0.284350            -53.893460          F 
150680                          1                   0.0001000           27383               1658.42             16.51               27.48               6875155.00          309                 66.16               4.67                4.69                274285.00           -2.764647           -55.093854          F 
130230                          1                   0.0001000           27383               1658.42             16.51               27.48               6875155.00          8                   4.13                1.94                1.94                17129.00            -4.713108           -68.403854          F 
150145                          1                   0.0001000           27383               1658.42             16.51               27.48               6875155.00          1                   3.07                0.33                0.33                12707.00            -3.191161           -54.992826          F 
160027                          1                   0.0001000           27383               1658.42             16.51               27.48               6875155.00          33                  9.04                3.65                3.65                37491.00            1.096940            -53.306000          F 
130330                          1                   0.0001000           27383               1658.42             16.51               27.48               6875155.00          50                  4.39                11.39               11.40               18196.00            -6.825051           -60.477192          F 
130406                          1                   0.0001000           27383               1658.42             16.51               27.48               6875155.00          62                  10.93               5.67                5.68                45293.00            -4.027765           -69.681346          F 
130170                          1                   0.0001000           27383               1658.42             16.51               27.48               6875155.00          361                 9.30                38.81               39.02               38559.00            -7.362897           -62.485394          F 
130390                          1                   0.0001000           27383               1658.42             16.51               27.48               6875155.00          4                   7.41                0.54                0.54                30727.00            -4.497836           -69.450565          F 
150619                          1                   0.0001000           27383               1658.42             16.51               27.48               6875155.00          8                   7.95                1.01                1.01                32950.00            -4.241022           -55.210827          F 
130090                          1                   0.0001000           27383               1658.42             16.51               27.48               6875155.00          13                  2.77                4.70                4.70                11463.00            -7.403346           -64.096665          F 
150805                          1                   0.0001000           27383               1658.42             16.51               27.48               6875155.00          162                 3.88                41.72               41.82               16097.00            -5.130084           -56.003417          F 
150600                          1                   0.0001000           27383               1658.42             16.51               27.48               6875155.00          17                  6.38                2.67                2.67                26436.00            -2.120276           -53.660235          F 
160015                          1                   0.0001000           27383               1658.42             16.51               27.48               6875155.00          57                  1.77                32.23               32.26               7332.00             1.157828            -52.523712          F 
150565                          1                   0.0001000           27383               1658.42             16.51               27.48               6875155.00          3                   4.32                0.69                0.69                17898.00            -3.889977           -54.500599          F 
150360                          1                   0.0001000           27383               1658.42             16.51               27.48               6875155.00          229                 28.51               8.03                8.06                118194.00           -5.871333           -56.496545          F 
160005                          1                   0.0001000           27383               1658.42             16.51               27.48               6875155.00          156                 0.91                171.45              171.85              3772.00             1.649528            -52.270468          F 
130014                          1                   0.0001000           27383               1658.42             16.51               27.48               6875155.00          533                 4.21                126.62              127.64              17451.00            -7.759871           -59.431439          F 
150815                          1                   0.0001000           27383               1658.42             16.51               27.48               6875155.00          54                  14.44               3.74                3.74                59881.00            -3.583648           -53.807296          F 
130195                          1                   0.0001000           27383               1658.42             16.51               27.48               6875155.00          2                   1.95                1.03                1.03                8078.00             -6.682874           -68.114036          F 
160050                          1                   0.0001000           27383               1658.42             16.51               27.48               6875155.00          65                  4.63                14.05               14.06               19181.00            3.088524            -51.904801          F 
150445                          1                   0.0001000           27383               1658.42             16.51               27.48               6875155.00          36                  5.46                6.60                6.60                22624.00            -3.160218           -53.194916          F 
160040                          1                   0.0001000           27383               1658.42             16.51               27.48               6875155.00          23                  3.34                6.88                6.88                13862.00            -0.0730322          -51.943908          F 
150590                          1                   0.0001000           27383               1658.42             16.51               27.48               6875155.00          7                   6.39                1.10                1.10                26489.00            -2.184494           -52.547960          F 
160080                          1                   0.0001000           27383               1658.42             16.51               27.48               6875155.00          0                   2.60                0                   0                   10765.00            -0.997903           -52.061167          F 
130060                          1                   0.0001000           27383               1658.42             16.51               27.48               6875155.00          232                 7.06                32.86               32.97               29268.00            -5.429327           -70.278296          F 
160053                          1                   0.0001000           27383               1658.42             16.51               27.48               6875155.00          248                 3.37                73.64               73.91               13962.00            0.587711            -51.673569          F 
150375                          1                   0.0001000           27383               1658.42             16.51               27.48               6875155.00          4                   8.94                0.45                0.45                37073.00            -7.445178           -57.302829          F 
160020                          1                   0.0001000           27383               1658.42             16.51               27.48               6875155.00          15                  2.09                7.18                7.19                8656.00             2.430849            -51.404322          F 
130240                          1                   0.0001000           27383               1658.42             16.51               27.48               6875155.00          139                 8.90                15.61               15.64               36909.00            -8.375880           -65.812244          F 
110080                          1                   0.0001000           27383               1658.42             16.51               27.48               6875155.00          119                 4.04                29.48               29.53               16736.00            -8.887011           -63.325581          F 
160023                          1                   0.0001000           27383               1658.42             16.51               27.48               6875155.00          30                  1.22                24.68               24.69               5040.00             0.958713            -51.419182          F 
160055                          1                   0.0001000           27383               1658.42             16.51               27.48               6875155.00          0                   0.81                0                   0                   3353.00             1.625299            -51.277065          F 
150172                          1                   0.0001000           27383               1658.42             16.51               27.48               6875155.00          6                   4.52                1.33                1.33                18749.00            -3.292151           -52.685423          F 
160060                          1                   0.0001000           27383               1658.42             16.51               27.48               6875155.00          372                 22.22               16.74               16.83               92098.00            0.128476            -51.379449          F 
110094                          1                   0.0001000           27383               1658.42             16.51               27.48               6875155.00          26                  3.34                7.78                7.78                13857.00            -9.170974           -62.565037          F 
110110                          1                   0.0001000           27383               1658.42             16.51               27.48               6875155.00          76                  1.91                39.86               39.90               7905.00             -9.170195           -63.044988          F 
110013                          1                   0.0001000           27383               1658.42             16.51               27.48               6875155.00          116                 7.59                15.28               15.30               31475.00            -9.204070           -62.010294          F 
150310                          1                   0.0001000           27383               1658.42             16.51               27.48               6875155.00          0                   5.88                0                   0                   24384.00            -1.151921           -51.555276          F 
130350                          1                   0.0001000           27383               1658.42             16.51               27.48               6875155.00          3                   4.42                0.68                0.68                18325.00            -7.757795           -68.197229          F 
110020                          1                   0.0001000           27383               1658.42             16.51               27.48               6875155.00          869                 89.09               9.75                9.87                369345.00           -9.153039           -64.305489          F 
160070                          1                   0.0001000           27383               1658.42             16.51               27.48               6875155.00          39                  2.99                13.04               13.05               12395.00            1.294034            -50.985687          F 
510325                          1                   0.0001000           27383               1658.42             16.51               27.48               6875155.00          21                  6.73                3.12                3.12                27882.00            -9.292283           -60.305531          F 
150835                          1                   0.0001000           27383               1658.42             16.51               27.48               6875155.00          18                  2.34                7.70                7.70                9693.00             -3.141047           -51.973342          F 
110026                          1                   0.0001000           27383               1658.42             16.51               27.48               6875155.00          33                  0.77                43.10               43.12               3174.00             -9.645106           -62.790311          F 
110040                          1                   0.0001000           27383               1658.42             16.51               27.48               6875155.00          141                 4.04                34.88               34.95               16758.00            -9.649274           -63.394283          F 
160030                          1                   0.0001000           27383               1658.42             16.51               27.48               6875155.00          823                 83.02               9.91                10.03               344153.00           0.554818            -50.700863          F 
510080                          1                   0.0001000           27383               1658.42             16.51               27.48               6875155.00          1                   1.91                0.52                0.52                7926.00             -8.753341           -57.827599          F 
160010                          1                   0.0001000           27383               1658.42             16.51               27.48               6875155.00          17                  1.81                9.41                9.41                7492.00             1.764026            -50.581371          F 
160025                          1                   0.0001000           27383               1658.42             16.51               27.48               6875155.00          0                   0.83                0                   0                   3439.00             0.532233            -50.651554          F 
110175                          1                   0.0001000           27383               1658.42             16.51               27.48               6875155.00          36                  2.11                17.05               17.06               8751.00             -9.732685           -61.939355          F 
150450                          1                   0.0001000           27383               1658.42             16.51               27.48               6875155.00          0                   4.30                0                   0                   17845.00            -1.607856           -51.104066          F 
150030                          1                   0.0001000           27383               1658.42             16.51               27.48               6875155.00          191                 7.52                25.39               25.46               31183.00            -0.263841           -50.727746          F 
130140                          1                   0.0001000           27383               1658.42             16.51               27.48               6875155.00          12                  7.09                1.69                1.69                29411.00            -7.022778           -70.222033          F 
160021                          1                   0.0001000           27383               1658.42             16.51               27.48               6875155.00          5                   1.04                4.80                4.80                4320.00             1.030315            -50.483699          F 
110002                          1                   0.0001000           27383               1658.42             16.51               27.48               6875155.00          908                 19.87               45.69               46.31               82388.00            -9.951979           -62.957373          F 
130020                          1                   0.0001000           27383               1658.42             16.51               27.48               6875155.00          4                   3.30                1.21                1.21                13682.00            -5.711940           -71.742673          F 
150060                          1                   0.0001000           27383               1658.42             16.51               27.48               6875155.00          403                 22.22               18.14               18.24               92105.00            -6.486303           -53.886671          F 
130070                          1                   0.0001000           27383               1658.42             16.51               27.48               6875155.00          559                 7.19                77.72               78.37               29818.00            -8.772979           -68.047540          F 
150180                          1                   0.0001000           27383               1658.42             16.51               27.48               6875155.00          93                  22.79               4.08                4.09                94458.00            -1.121333           -50.628584          F 
110160                          1                   0.0001000           27383               1658.42             16.51               27.48               6875155.00          39                  2.40                16.25               16.25               9952.00             -10.121814          -62.342289          F 
510337                          1                   0.0001000           27383               1658.42             16.51               27.48               6875155.00          9                   3.31                2.72                2.72                13740.00            -9.536841           -58.677801          F 
150503                          1                   0.0001000           27383               1658.42             16.51               27.48               6875155.00          295                 5.21                56.62               56.87               21598.00            -8.062463           -55.612052          F 
110045                          1                   0.0001000           27383               1658.42             16.51               27.48               6875155.00          2748                7.98                344.46              359.36              33072.00            -10.052159          -63.941154          F 
130150                          1                   0.0001000           27383               1658.42             16.51               27.48               6875155.00          1                   3.97                0.25                0.25                16438.00            -7.573750           -70.054927          F 
110140                          1                   0.0001000           27383               1658.42             16.51               27.48               6875155.00          126                 2.98                42.27               42.35               12357.00            -10.210793          -63.372281          F 
150780                          1                   0.0001000           27383               1658.42             16.51               27.48               6875155.00          21                  3.45                6.09                6.09                14302.00            -4.171559           -51.773388          F 
150580                          1                   0.0001000           27383               1658.42             16.51               27.48               6875155.00          5                   11.00               0.45                0.45                45586.00            -2.565541           -50.955536          F 
110060                          1                   0.0001000           27383               1658.42             16.51               27.48               6875155.00          20                  1.34                14.93               14.94               5553.00             -10.331685          -62.987180          F 
110180                          1                   0.0001000           27383               1658.42             16.51               27.48               6875155.00          31                  2.11                14.70               14.71               8742.00             -10.384134          -62.093876          F 
510140                          1                   0.0001000           27383               1658.42             16.51               27.48               6875155.00          5                   4.61                1.09                1.09                19100.00            -10.187963          -59.839297          F 
110012                          1                   0.0001000           27383               1658.42             16.51               27.48               6875155.00          353                 25.97               13.59               13.66               107679.00           -10.462197          -61.757091          F 
510615                          1                   0.0001000           27383               1658.42             16.51               27.48               6875155.00          0                   3.07                0                   0                   12742.00            -9.768714           -58.076318          F 
510757                          1                   0.0001000           27383               1658.42             16.51               27.48               6875155.00          20                  0.81                24.76               24.77               3348.00             -10.463060          -61.010088          F 
110070                          1                   0.0001000           27383               1658.42             16.51               27.48               6875155.00          95                  3.00                31.62               31.66               12455.00            -10.485091          -63.799446          F 
110033                          1                   0.0001000           27383               1658.42             16.51               27.48               6875155.00          301                 5.10                58.97               59.23               21162.00            -10.382239          -64.629270          F 
150085                          1                   0.0001000           27383               1658.42             16.51               27.48               6875155.00          173                 4.29                40.32               40.42               17787.00            -3.997294           -51.301209          F 
110011                          1                   0.0001000           27383               1658.42             16.51               27.48               6875155.00          460                 12.65               36.36               36.60               52453.00            -10.592446          -62.584788          F 
110015                          1                   0.0001000           27383               1658.42             16.51               27.48               6875155.00          135                 8.69                15.53               15.56               36040.00            -10.610539          -62.172424          F 
150250                          1                   0.0001000           27383               1658.42             16.51               27.48               6875155.00          5                   4.67                1.07                1.07                19368.00            -0.0296229          -49.829440          F 
150070                          1                   0.0001000           27383               1658.42             16.51               27.48               6875155.00          301                 6.02                50.03               50.25               24942.00            -0.827103           -49.962044          F 
120080                          1                   0.0001000           27383               1658.42             16.51               27.48               6875155.00          39                  3.31                11.79               11.79               13716.00            -9.629475           -67.701064          F 
120001                          1                   0.0001000           27383               1658.42             16.51               27.48               6875155.00          64                  2.78                23.03               23.05               11520.00            -9.934392           -66.948427          F 
130180                          1                   0.0001000           27383               1658.42             16.51               27.48               6875155.00          12                  4.14                2.90                2.90                17177.00            -7.181162           -71.415929          F 
110100                          1                   0.0001000           27383               1658.42             16.51               27.48               6875155.00          30                  2.76                10.88               10.88               11432.00            -10.748055          -63.183884          F 
150280                          1                   0.0001000           27383               1658.42             16.51               27.48               6875155.00          0                   6.12                0                   0                   25388.00            -1.583580           -49.988115          F 
110143                          1                   0.0001000           27383               1658.42             16.51               27.48               6875155.00          21                  1.87                11.23               11.24               7750.00             -10.889526          -62.532438          F 
120013                          1                   0.0001000           27383               1658.42             16.51               27.48               6875155.00          2                   1.58                1.27                1.27                6543.00             -9.613848           -68.175429          F 
150110                          1                   0.0001000           27383               1658.42             16.51               27.48               6875155.00          6                   4.48                1.34                1.34                18580.00            -2.372794           -50.181886          F 
510629                          1                   0.0001000           27383               1658.42             16.51               27.48               6875155.00          1                   2.78                0.36                0.36                11540.00            -9.593078           -56.684722          F 
510517                          1                   0.0001000           27383               1658.42             16.51               27.48               6875155.00          11                  2.11                5.22                5.22                8731.00             -10.359620          -58.592177          F 
110155                          1                   0.0001000           27383               1658.42             16.51               27.48               6875155.00          8                   1.19                6.74                6.74                4919.00             -10.943464          -62.279708          F 
120045                          1                   0.0001000           27383               1658.42             16.51               27.48               6875155.00          65                  4.55                14.29               14.30               18863.00            -9.996928           -67.427266          F 
150548                          1                   0.0001000           27383               1658.42             16.51               27.48               6875155.00          9                   9.25                0.97                0.97                38365.00            -3.684058           -50.631545          F 
510895                          1                   0.0001000           27383               1658.42             16.51               27.48               6875155.00          0                   1.96                0                   0                   8133.00             -9.964637           -57.251389          F 
110130                          1                   0.0001000           27383               1658.42             16.51               27.48               6875155.00          77                  2.92                26.41               26.44               12086.00            -11.076985          -62.848279          F 
150770                          1                   0.0001000           27383               1658.42             16.51               27.48               6875155.00          6                   4.94                1.21                1.21                20500.00            -1.434046           -49.680194          F 
110170                          1                   0.0001000           27383               1658.42             16.51               27.48               6875155.00          21                  3.23                6.51                6.51                13381.00            -11.103908          -62.424021          F 
150520                          1                   0.0001000           27383               1658.42             16.51               27.48               6875155.00          2                   6.13                0.33                0.33                25420.00            -2.278960           -49.902322          F 
120038                          1                   0.0001000           27383               1658.42             16.51               27.48               6875155.00          69                  4.16                16.57               16.59               17258.00            -10.248624          -67.339671          F 
110025                          1                   0.0001000           27383               1658.42             16.51               27.48               6875155.00          111                 5.35                20.73               20.76               22197.00            -11.166190          -61.877898          F 
110120                          1                   0.0001000           27383               1658.42             16.51               27.48               6875155.00          12                  2.49                4.81                4.81                10343.00            -11.160345          -61.568926          F 
150640                          1                   0.0001000           27383               1658.42             16.51               27.48               6875155.00          0                   1.43                0                   0                   5921.00             -0.583158           -49.314290          F 
110034                          1                   0.0001000           27383               1658.42             16.51               27.48               6875155.00          100                 3.98                25.15               25.18               16485.00            -11.311455          -62.544783          F 
150309                          2                   0.0001000           4267                210.39              20.28               21.61               876946.00           138                 6.52                21.17               21.22               27166.00            -4.027408           -49.005681          F 
150178                          2                   0.0001000           4267                210.39              20.28               21.61               876946.00           155                 11.29               13.73               13.76               47069.00            -3.733432           -49.370902          F 
150380                          2                   0.0001000           4267                210.39              20.28               21.61               876946.00           659                 12.36               53.33               53.85               51511.00            -4.598468           -49.181178          F 
150618                          2                   0.0001000           4267                210.39              20.28               21.61               876946.00           17                  10.80               1.57                1.57                45016.00            -4.517001           -48.459948          F 
150810                          2                   0.0001000           4267                210.39              20.28               21.61               876946.00           1226                21.42               57.25               58.31               89264.00            -3.855790           -49.820813          F 
150497                          2                   0.0001000           4267                210.39              20.28               21.61               876946.00           81                  3.38                23.97               24.00               14086.00            -4.980996           -49.230674          F 
150157                          2                   0.0001000           4267                210.39              20.28               21.61               876946.00           19                  3.15                6.02                6.03                13145.00            -5.054285           -48.763593          F 
150013                          2                   0.0001000           4267                210.39              20.28               21.61               876946.00           1                   1.58                0.63                0.63                6592.00             -4.957467           -48.424677          F 
150293                          2                   0.0001000           4267                210.39              20.28               21.61               876946.00           8                   9.15                0.87                0.87                38150.00            -4.186537           -47.898194          F 
150120                          2                   0.0001000           4267                210.39              20.28               21.61               876946.00           61                  6.28                9.71                9.72                26190.00            -3.129242           -49.698861          F 
150795                          2                   0.0001000           4267                210.39              20.28               21.61               876946.00           796                 15.42               51.62               52.23               64281.00            -2.907824           -48.736640          F 
211153                          2                   0.0001000           4267                210.39              20.28               21.61               876946.00           0                   2.67                0                   0                   11113.00            -5.133802           -48.369497          F 
150470                          2                   0.0001000           4267                210.39              20.28               21.61               876946.00           2                   15.31               0.13                0.13                63821.00            -2.683914           -49.073983          F 
150506                          2                   0.0001000           4267                210.39              20.28               21.61               876946.00           186                 12.39               15.01               15.05               51645.00            -4.502833           -50.271560          F 
170740                          2                   0.0001000           4267                210.39              20.28               21.61               876946.00           0                   1.95                0                   0                   8134.00             -5.326535           -48.540410          F 
172030                          2                   0.0001000           4267                210.39              20.28               21.61               876946.00           0                   1.02                0                   0                   4244.00             -5.240695           -48.331520          F 
150370                          2                   0.0001000           4267                210.39              20.28               21.61               876946.00           293                 10.08               29.08               29.20               42002.00            -5.114819           -49.869663          F 
211285                          2                   0.0001000           4267                210.39              20.28               21.61               876946.00           0                   2.08                0                   0                   8671.00             -5.074890           -48.080618          F 
150750                          2                   0.0001000           4267                210.39              20.28               21.61               876946.00           18                  2.80                6.43                6.43                11673.00            -5.447389           -48.696990          F 
150460                          2                   0.0001000           4267                210.39              20.28               21.61               876946.00           12                  5.58                2.15                2.15                23258.00            -2.576520           -49.465753          F 
150812                          2                   0.0001000           4267                210.39              20.28               21.61               876946.00           87                  7.65                11.37               11.39               31881.00            -3.809797           -47.493553          F 
210325                          2                   0.0001000           4267                210.39              20.28               21.61               876946.00           0                   2.98                0                   0                   12407.00            -5.057171           -47.829843          F 
170380                          2                   0.0001000           4267                210.39              20.28               21.61               876946.00           0                   1.96                0                   0                   8164.00             -5.337853           -48.137952          F 
150800                          2                   0.0001000           4267                210.39              20.28               21.61               876946.00           42                  11.30               3.72                3.72                47081.00            -2.635991           -48.267573          F 
150550                          2                   0.0001000           4267                210.39              20.28               21.61               876946.00           349                 21.79               16.02               16.10               90819.00            -3.203446           -47.603092          F 
150345                          2                   0.0001000           4267                210.39              20.28               21.61               876946.00           117                 9.49                12.33               12.35               39563.00            -2.805973           -47.921740          F 
210315                          3                   0.0001000           444                 61.70               7.20                7.24                255797.00           4                   1.71                2.34                2.34                7094.00             -2.367505           -46.128105          F 
210637                          3                   0.0001000           444                 61.70               7.20                7.24                255797.00           15                  2.87                5.23                5.23                11887.00            -2.452057           -45.988295          F 
210923                          3                   0.0001000           444                 61.70               7.20                7.24                255797.00           3                   1.46                2.05                2.05                6058.00             -2.318820           -45.773469          F 
211003                          3                   0.0001000           444                 61.70               7.20                7.24                255797.00           25                  4.74                5.28                5.28                19633.00            -2.539736           -45.792268          F 
210632                          3                   0.0001000           444                 61.70               7.20                7.24                255797.00           53                  4.23                12.53               12.54               17537.00            -1.982063           -45.992607          F 
210467                          3                   0.0001000           444                 61.70               7.20                7.24                255797.00           30                  5.79                5.18                5.18                24012.00            -2.061555           -45.818133          F 
210565                          3                   0.0001000           444                 61.70               7.20                7.24                255797.00           8                   0.97                8.26                8.26                4014.00             -1.917746           -46.115749          F 
150195                          3                   0.0001000           444                 61.70               7.20                7.24                255797.00           28                  4.26                6.58                6.58                17649.00            -1.991029           -46.439673          F 
210735                          3                   0.0001000           444                 61.70               7.20                7.24                255797.00           4                   4.13                0.97                0.97                17121.00            -2.896221           -45.955324          F 
210197                          3                   0.0001000           444                 61.70               7.20                7.24                255797.00           1                   1.78                0.56                0.56                7385.00             -1.762813           -46.178716          F 
210055                          3                   0.0001000           444                 61.70               7.20                7.24                255797.00           31                  1.49                20.84               20.84               6168.00             -1.673095           -45.948022          F 
211245                          3                   0.0001000           444                 61.70               7.20                7.24                255797.00           3                   4.85                0.62                0.62                20119.00            -2.159310           -45.437701          F 
210980                          3                   0.0001000           444                 61.70               7.20                7.24                255797.00           5                   8.21                0.61                0.61                34022.00            -2.426092           -45.383311          F 
150495                          3                   0.0001000           444                 61.70               7.20                7.24                255797.00           171                 5.41                31.58               31.66               22447.00            -2.392513           -46.899644          F 
210087                          3                   0.0001000           444                 61.70               7.20                7.24                255797.00           6                   2.39                2.51                2.51                9918.00             -3.079638           -45.787376          F 
210927                          3                   0.0001000           444                 61.70               7.20                7.24                255797.00           41                  3.76                10.89               10.90               15606.00            -2.586560           -45.361129          F 
210317                          3                   0.0001000           444                 61.70               7.20                7.24                255797.00           16                  3.65                4.38                4.39                15127.00            -3.086137           -46.538028          F 
210850                          4                   0.0001000           98                  8.74                11.21               11.22               36444.00            85                  7.42                11.46               11.47               30927.00            -3.691451           -45.437504          F 
211227                          4                   0.0001000           98                  8.74                11.21               11.22               36444.00            13                  1.32                9.82                9.82                5517.00             -3.757538           -45.581194          F 
510270                          5                   0.0001000           15                  1.33                11.29               11.29               17183.00            15                  1.33                11.29               11.29               17183.00            -13.331224          -52.398800          F 
211150                          6                   0.9776              13                  3.09                4.20                4.20                38045.00            13                  3.09                4.20                4.20                38045.00            -3.987537           -44.527403          F 
