1                   130406                          -4.027765           -69.681346          1273.32             2005/7/1          2005/12/31        133                 84705.819406        0.0001000           38250               1980.93             19.31               30.64               5417795.00          F 
2                   150445                          -3.160218           -53.194916          500.05              2005/7/1          2005/12/31        66                  21792.123583        0.0001000           13463               1133.22             11.88               13.57               3099344.00          F 
3                   210565                          -1.917746           -46.115749          36.71               2005/6/1          2005/11/30        5                   724.890893          0.0001000           395                 24.73               15.97               16.03               68009.00            F 
4                   510270                          -13.331224          -52.398800          0                   2005/3/1          2005/7/31         1                   108.835289          0.0001000           69                  5.70                12.12               12.12               18732.00            F 
5                   210860                          -2.504333           -45.132674          26.96               2005/8/1          2005/9/30         3                   102.296753          0.0001000           92                  12.80               7.19                7.19                105584.00           F 
6                   210095                          -5.060040           -45.954318          76.21               2005/2/1          2005/7/31         7                   98.288031           0.0001000           200                 61.13               3.27                3.28                169962.00           F 
7                   210850                          -3.691451           -45.437504          17.54               2005/6/1          2005/8/31         2                   45.745659           0.0001000           43                  6.33                6.80                6.80                34601.00            F 
8                   211150                          -3.987537           -44.527403          0                   2005/6/1          2005/8/31         1                   30.392881           0.0001000           36                  6.90                5.22                5.22                37721.00            F 
9                   210590                          -3.990758           -44.883285          0                   2005/7/1          2005/8/31         1                   21.302092           0.0002000           16                  1.73                9.24                9.24                14062.00            F 
10                  210300                          -4.867598           -43.296543          0                   2005/5/1          2005/6/30         1                   11.521616           0.3058              41                  17.42               2.35                2.35                143682.00           F 
11                  210770                          -6.403654           -43.923903          0                   2005/7/1          2005/8/31         1                   8.291688            0.9971              11                  2.36                4.66                4.66                19156.00            F 
12                  320410                          -18.369311          -40.200137          0                   2005/1/1          2005/2/28         1                   7.796241            0.9999              11                  2.50                4.40                4.40                21328.00            F 
