130406                          1                   0.0001000           38250               1980.93             19.31               30.64               5417795.00          39                  16.08               2.43                2.43                43974.00            -4.027765           -69.681346          F 
130390                          1                   0.0001000           38250               1980.93             19.31               30.64               5417795.00          4                   10.55               0.38                0.38                28861.00            -4.497836           -69.450565          F 
130370                          1                   0.0001000           38250               1980.93             19.31               30.64               5417795.00          0                   12.75               0                   0                   34875.00            -3.051175           -69.087897          F 
130230                          1                   0.0001000           38250               1980.93             19.31               30.64               5417795.00          5                   9.91                0.50                0.50                27110.00            -4.713108           -68.403854          F 
130006                          1                   0.0001000           38250               1980.93             19.31               30.64               5417795.00          1                   3.24                0.31                0.31                8865.00             -3.418321           -68.287308          F 
130060                          1                   0.0001000           38250               1980.93             19.31               30.64               5417795.00          120                 9.58                12.53               12.54               26191.00            -5.429327           -70.278296          F 
130423                          1                   0.0001000           38250               1980.93             19.31               30.64               5417795.00          4                   6.88                0.58                0.58                18830.00            -2.691643           -67.827923          F 
130100                          1                   0.0001000           38250               1980.93             19.31               30.64               5417795.00          3                   9.48                0.32                0.32                25918.00            -5.118832           -67.337382          F 
130020                          1                   0.0001000           38250               1980.93             19.31               30.64               5417795.00          0                   4.13                0                   0                   11294.00            -5.711940           -71.742673          F 
130210                          1                   0.0001000           38250               1980.93             19.31               30.64               5417795.00          2                   4.76                0.42                0.42                13026.00            -1.698117           -68.320288          F 
130140                          1                   0.0001000           38250               1980.93             19.31               30.64               5417795.00          3                   10.78               0.28                0.28                29492.00            -7.022778           -70.222033          F 
130195                          1                   0.0001000           38250               1980.93             19.31               30.64               5417795.00          0                   2.92                0                   0                   7995.00             -6.682874           -68.114036          F 
130220                          1                   0.0001000           38250               1980.93             19.31               30.64               5417795.00          2                   2.75                0.73                0.73                7516.00             -3.524623           -66.306825          F 
130150                          1                   0.0001000           38250               1980.93             19.31               30.64               5417795.00          1                   4.95                0.20                0.20                13548.00            -7.573750           -70.054927          F 
130180                          1                   0.0001000           38250               1980.93             19.31               30.64               5417795.00          7                   6.31                1.11                1.11                17258.00            -7.181162           -71.415929          F 
130160                          1                   0.0001000           38250               1980.93             19.31               30.64               5417795.00          26                  13.75               1.89                1.89                37595.00            -2.492180           -66.358452          F 
130350                          1                   0.0001000           38250               1980.93             19.31               30.64               5417795.00          1                   6.26                0.16                0.16                17125.00            -7.757795           -68.197229          F 
130420                          1                   0.0001000           38250               1980.93             19.31               30.64               5417795.00          736                 25.89               28.43               28.63               70809.00            -4.468383           -65.529278          F 
130426                          1                   0.0001000           38250               1980.93             19.31               30.64               5417795.00          0                   4.82                0                   0                   13190.00            -3.167038           -65.411879          F 
130002                          1                   0.0001000           38250               1980.93             19.31               30.64               5417795.00          42                  5.25                7.99                8.00                14369.00            -3.701122           -65.330652          F 
130165                          1                   0.0001000           38250               1980.93             19.31               30.64               5417795.00          85                  4.41                19.27               19.28               12066.00            -7.229841           -72.844424          F 
120060                          1                   0.0001000           38250               1980.93             19.31               30.64               5417795.00          59                  11.09               5.32                5.32                30335.00            -8.238234           -71.446466          F 
130380                          1                   0.0001000           38250               1980.93             19.31               30.64               5417795.00          9                   12.46               0.72                0.72                34070.00            0.374453            -67.997697          F 
130280                          1                   0.0001000           38250               1980.93             19.31               30.64               5417795.00          1                   7.41                0.14                0.14                20254.00            -2.428415           -65.038109          F 
120020                          1                   0.0001000           38250               1980.93             19.31               30.64               5417795.00          3694                30.84               119.80              124.35              84335.00            -7.974126           -72.761548          F 
120030                          1                   0.0001000           38250               1980.93             19.31               30.64               5417795.00          1                   13.98               0.072               0.072               38241.00            -8.926430           -70.747840          F 
130070                          1                   0.0001000           38250               1980.93             19.31               30.64               5417795.00          1641                10.33               158.81              161.44              28261.00            -8.772979           -68.047540          F 
120033                          1                   0.0001000           38250               1980.93             19.31               30.64               5417795.00          439                 4.66                94.19               94.60               12747.00            -7.503753           -73.439585          F 
120042                          1                   0.0001000           38250               1980.93             19.31               30.64               5417795.00          405                 3.58                113.07              113.53              9796.00             -7.841819           -73.222514          F 
130410                          1                   0.0001000           38250               1980.93             19.31               30.64               5417795.00          1                   6.47                0.15                0.15                17693.00            -6.104509           -64.893865          F 
120034                          1                   0.0001000           38250               1980.93             19.31               30.64               5417795.00          0                   2.79                0                   0                   7636.00             -9.380351           -69.854989          F 
120039                          1                   0.0001000           38250               1980.93             19.31               30.64               5417795.00          58                  1.81                31.97               31.99               4962.00             -8.489533           -72.721389          F 
120043                          1                   0.0001000           38250               1980.93             19.31               30.64               5417795.00          0                   1.24                0                   0                   3395.00             -9.412364           -70.398018          F 
130120                          1                   0.0001000           38250               1980.93             19.31               30.64               5417795.00          63                  30.83               2.04                2.04                84309.00            -4.437162           -64.124619          F 
130360                          1                   0.0001000           38250               1980.93             19.31               30.64               5417795.00          20                  2.79                7.18                7.18                7617.00             -0.318566           -65.522058          F 
120032                          1                   0.0001000           38250               1980.93             19.31               30.64               5417795.00          0                   1.69                0                   0                   4633.00             -9.243211           -71.907488          F 
120050                          1                   0.0001000           38250               1980.93             19.31               30.64               5417795.00          2                   12.06               0.17                0.17                32989.00            -9.771845           -69.382700          F 
120013                          1                   0.0001000           38250               1980.93             19.31               30.64               5417795.00          8                   3.08                2.60                2.60                8423.00             -9.613848           -68.175429          F 
130240                          1                   0.0001000           38250               1980.93             19.31               30.64               5417795.00          91                  9.68                9.40                9.41                26475.00            -8.375880           -65.812244          F 
120035                          1                   0.0001000           38250               1980.93             19.31               30.64               5417795.00          4                   3.09                1.29                1.29                8455.00             -9.099817           -72.558104          F 
120080                          1                   0.0001000           38250               1980.93             19.31               30.64               5417795.00          6                   4.42                1.36                1.36                12085.00            -9.629475           -67.701064          F 
120040                          1                   0.0001000           38250               1980.93             19.31               30.64               5417795.00          350                 111.79              3.13                3.14                305731.00           -10.066358          -68.371440          F 
120045                          1                   0.0001000           38250               1980.93             19.31               30.64               5417795.00          90                  7.50                12.00               12.01               20505.00            -9.996928           -67.427266          F 
120001                          1                   0.0001000           38250               1980.93             19.31               30.64               5417795.00          49                  4.19                11.70               11.71               11451.00            -9.934392           -66.948427          F 
130090                          1                   0.0001000           38250               1980.93             19.31               30.64               5417795.00          3                   3.61                0.83                0.83                9880.00             -7.403346           -64.096665          F 
120038                          1                   0.0001000           38250               1980.93             19.31               30.64               5417795.00          71                  6.10                11.63               11.64               16691.00            -10.248624          -67.339671          F 
120070                          1                   0.0001000           38250               1980.93             19.31               30.64               5417795.00          8                   5.01                1.60                1.60                13693.00            -10.575880          -68.505122          F 
120017                          1                   0.0001000           38250               1980.93             19.31               30.64               5417795.00          4                   2.58                1.55                1.55                7067.00             -10.474157          -67.835782          F 
130130                          1                   0.0001000           38250               1980.93             19.31               30.64               5417795.00          25                  7.30                3.43                3.43                19957.00            -3.289026           -62.972665          F 
120010                          1                   0.0001000           38250               1980.93             19.31               30.64               5417795.00          6                   6.48                0.93                0.93                17721.00            -10.747736          -69.207484          F 
120005                          1                   0.0001000           38250               1980.93             19.31               30.64               5417795.00          0                   1.85                0                   0                   5063.00             -10.779491          -70.006358          F 
120025                          1                   0.0001000           38250               1980.93             19.31               30.64               5417795.00          0                   5.04                0                   0                   13782.00            -10.889162          -68.618498          F 
130040                          1                   0.0001000           38250               1980.93             19.31               30.64               5417795.00          19                  11.76               1.62                1.62                32169.00            -0.465180           -63.434588          F 
110020                          1                   0.0001000           38250               1980.93             19.31               30.64               5417795.00          1222                136.72              8.94                9.04                373917.00           -9.153039           -64.305489          F 
130010                          1                   0.0001000           38250               1980.93             19.31               30.64               5417795.00          62                  4.65                13.32               13.33               12731.00            -4.186645           -62.073001          F 
130083                          1                   0.0001000           38250               1980.93             19.31               30.64               5417795.00          4                   3.65                1.09                1.09                9996.00             -3.081969           -61.877491          F 
130063                          1                   0.0001000           38250               1980.93             19.31               30.64               5417795.00          47                  4.83                9.72                9.73                13220.00            -4.603475           -61.787364          F 
130170                          1                   0.0001000           38250               1980.93             19.31               30.64               5417795.00          353                 10.66               33.10               33.22               29164.00            -7.362897           -62.485394          F 
130008                          1                   0.0001000           38250               1980.93             19.31               30.64               5417795.00          17                  2.52                6.75                6.75                6889.00             -3.502503           -61.716696          F 
110080                          1                   0.0001000           38250               1980.93             19.31               30.64               5417795.00          189                 6.11                30.95               31.01               16700.00            -8.887011           -63.325581          F 
110033                          1                   0.0001000           38250               1980.93             19.31               30.64               5417795.00          220                 7.13                30.86               30.93               19496.00            -10.382239          -64.629270          F 
130320                          1                   0.0001000           38250               1980.93             19.31               30.64               5417795.00          167                 2.56                65.23               65.34               7002.00             -2.046996           -61.701836          F 
110045                          1                   0.0001000           38250               1980.93             19.31               30.64               5417795.00          2567                14.67               174.99              179.57              40120.00            -10.052159          -63.941154          F 
110110                          1                   0.0001000           38250               1980.93             19.31               30.64               5417795.00          95                  3.08                30.88               30.91               8413.00             -9.170195           -63.044988          F 
110040                          1                   0.0001000           38250               1980.93             19.31               30.64               5417795.00          175                 5.85                29.93               29.98               15993.00            -9.649274           -63.394283          F 
130270                          1                   0.0001000           38250               1980.93             19.31               30.64               5417795.00          66                  13.95               4.73                4.73                38148.00            -6.459804           -61.446481          F 
110070                          1                   0.0001000           38250               1980.93             19.31               30.64               5417795.00          392                 6.41                61.16               61.40               17529.00            -10.485091          -63.799446          F 
130250                          1                   0.0001000           38250               1980.93             19.31               30.64               5417795.00          637                 30.60               20.81               20.94               83703.00            -3.291606           -60.958222          F 
110094                          1                   0.0001000           38250               1980.93             19.31               30.64               5417795.00          45                  3.23                13.94               13.95               8827.00             -9.170974           -62.565037          F 
110140                          1                   0.0001000           38250               1980.93             19.31               30.64               5417795.00          139                 5.94                23.42               23.45               16233.00            -10.210793          -63.372281          F 
110026                          1                   0.0001000           38250               1980.93             19.31               30.64               5417795.00          109                 1.28                85.15               85.24               3501.00             -9.645106           -62.790311          F 
110010                          1                   0.0001000           38250               1980.93             19.31               30.64               5417795.00          273                 15.16               18.01               18.05               41467.00            -11.305773          -64.537463          F 
110002                          1                   0.0001000           38250               1980.93             19.31               30.64               5417795.00          1818                31.09               58.48               59.54               85031.00            -9.951979           -62.957373          F 
130255                          1                   0.0001000           38250               1980.93             19.31               30.64               5417795.00          94                  5.09                18.47               18.49               13918.00            -3.779354           -60.697327          F 
110060                          1                   0.0001000           38250               1980.93             19.31               30.64               5417795.00          18                  1.99                9.03                9.03                5450.00             -10.331685          -62.987180          F 
110013                          1                   0.0001000           38250               1980.93             19.31               30.64               5417795.00          103                 10.48               9.83                9.84                28649.00            -9.204070           -62.010294          F 
130185                          1                   0.0001000           38250               1980.93             19.31               30.64               5417795.00          281                 14.78               19.01               19.06               40436.00            -3.095148           -60.480667          F 
110100                          1                   0.0001000           38250               1980.93             19.31               30.64               5417795.00          76                  6.58                11.55               11.55               18002.00            -10.748055          -63.183884          F 
130110                          1                   0.0001000           38250               1980.93             19.31               30.64               5417795.00          1088                9.13                119.16              120.46              24972.00            -3.770658           -60.183093          F 
110160                          1                   0.0001000           38250               1980.93             19.31               30.64               5417795.00          53                  5.06                10.47               10.48               13840.00            -10.121814          -62.342289          F 
130260                          1                   0.0001000           38250               1980.93             19.31               30.64               5417795.00          9980                601.35              16.60               18.32               1644690.00          -2.626021           -60.259483          F 
140028                          1                   0.0001000           38250               1980.93             19.31               30.64               5417795.00          43                  2.22                19.41               19.41               6060.00             2.186649            -62.468913          F 
110175                          1                   0.0001000           38250               1980.93             19.31               30.64               5417795.00          59                  3.83                15.41               15.42               10471.00            -9.732685           -61.939355          F 
140047                          1                   0.0001000           38250               1980.93             19.31               30.64               5417795.00          43                  9.00                4.78                4.78                24615.00            0.0378310           -61.010414          F 
130330                          1                   0.0001000           38250               1980.93             19.31               30.64               5417795.00          57                  7.47                7.63                7.63                20441.00            -6.825051           -60.477192          F 
140020                          1                   0.0001000           38250               1980.93             19.31               30.64               5417795.00          10                  6.49                1.54                1.54                17746.00            0.990862            -61.471950          F 
110011                          1                   0.0001000           38250               1980.93             19.31               30.64               5417795.00          891                 20.42               43.64               44.02               55840.00            -10.592446          -62.584788          F 
110130                          1                   0.0001000           38250               1980.93             19.31               30.64               5417795.00          164                 5.12                32.04               32.09               14000.00            -11.076985          -62.848279          F 
110008                          1                   0.0001000           38250               1980.93             19.31               30.64               5417795.00          28                  4.15                6.75                6.75                11349.00            -12.147321          -64.058780          F 
110180                          1                   0.0001000           38250               1980.93             19.31               30.64               5417795.00          67                  3.79                17.70               17.71               10354.00            -10.384134          -62.093876          F 
110143                          1                   0.0001000           38250               1980.93             19.31               30.64               5417795.00          31                  3.41                9.09                9.09                9329.00             -10.889526          -62.532438          F 
140005                          1                   0.0001000           38250               1980.93             19.31               30.64               5417795.00          23                  8.08                2.85                2.85                22102.00            3.078187            -62.755259          F 
110015                          1                   0.0001000           38250               1980.93             19.31               30.64               5417795.00          242                 14.90               16.24               16.28               40757.00            -10.610539          -62.172424          F 
130353                          1                   0.0001000           38250               1980.93             19.31               30.64               5417795.00          412                 8.64                47.67               47.87               23636.00            -1.372564           -59.988741          F 
110150                          1                   0.0001000           38250               1980.93             19.31               30.64               5417795.00          9                   5.68                1.58                1.58                15535.00            -11.807291          -63.230667          F 
110155                          1                   0.0001000           38250               1980.93             19.31               30.64               5417795.00          29                  2.14                13.55               13.56               5852.00             -10.943464          -62.279708          F 
110170                          1                   0.0001000           38250               1980.93             19.31               30.64               5417795.00          73                  6.33                11.53               11.53               17322.00            -11.103908          -62.424021          F 
130115                          1                   0.0001000           38250               1980.93             19.31               30.64               5417795.00          217                 6.12                35.49               35.56               16725.00            -3.286228           -59.599493          F 
140030                          1                   0.0001000           38250               1980.93             19.31               30.64               5417795.00          172                 4.26                40.38               40.45               11649.00            2.510145            -61.983632          F 
110032                          1                   0.0001000           38250               1980.93             19.31               30.64               5417795.00          29                  11.00               2.64                2.64                30082.00            -11.628169          -62.941940          F 
130030                          1                   0.0001000           38250               1980.93             19.31               30.64               5417795.00          296                 10.50               28.18               28.26               28729.00            -3.788879           -59.528635          F 
130356                          1                   0.0001000           38250               1980.93             19.31               30.64               5417795.00          754                 8.88                84.92               85.56               24283.00            -2.529891           -59.638156          F 
110034                          1                   0.0001000           38250               1980.93             19.31               30.64               5417795.00          53                  7.16                7.40                7.40                19586.00            -11.311455          -62.544783          F 
110012                          1                   0.0001000           38250               1980.93             19.31               30.64               5417795.00          598                 41.11               14.55               14.63               112439.00           -10.462197          -61.757091          F 
130080                          1                   0.0001000           38250               1980.93             19.31               30.64               5417795.00          202                 12.99               15.55               15.58               35525.00            -4.957034           -59.534428          F 
110025                          1                   0.0001000           38250               1980.93             19.31               30.64               5417795.00          189                 9.31                20.29               20.33               25473.00            -11.166190          -61.877898          F 
110014                          1                   0.0001000           38250               1980.93             19.31               30.64               5417795.00          94                  6.53                14.39               14.41               17862.00            -11.564334          -62.233031          F 
110149                          1                   0.0001000           38250               1980.93             19.31               30.64               5417795.00          34                  6.13                5.55                5.55                16764.00            -12.368674          -63.122203          F 
140002                          1                   0.0001000           38250               1980.93             19.31               30.64               5417795.00          10                  2.23                4.49                4.49                6087.00             3.732874            -62.436863          F 
510325                          1                   0.0001000           38250               1980.93             19.31               30.64               5417795.00          9                   4.96                1.81                1.82                13562.00            -9.292283           -60.305531          F 
140060                          1                   0.0001000           38250               1980.93             19.31               30.64               5417795.00          47                  2.37                19.81               19.82               6490.00             0.884349            -60.151701          F 
110090                          1                   0.0001000           38250               1980.93             19.31               30.64               5417795.00          16                  1.50                10.65               10.65               4110.00             -11.470879          -61.879911          F 
110050                          1                   0.0001000           38250               1980.93             19.31               30.64               5417795.00          54                  4.69                11.52               11.53               12819.00            -11.681047          -62.083187          F 
510757                          1                   0.0001000           38250               1980.93             19.31               30.64               5417795.00          2                   1.52                1.31                1.31                4166.00             -10.463060          -61.010088          F 
110120                          1                   0.0001000           38250               1980.93             19.31               30.64               5417795.00          11                  4.11                2.68                2.68                11241.00            -11.160345          -61.568926          F 
130014                          1                   0.0001000           38250               1980.93             19.31               30.64               5417795.00          365                 6.87                53.13               53.32               18790.00            -7.759871           -59.431439          F 
140050                          1                   0.0001000           38250               1980.93             19.31               30.64               5417795.00          95                  1.99                47.83               47.88               5432.00             0.635650            -59.844809          F 
130190                          1                   0.0001000           38250               1980.93             19.31               30.64               5417795.00          918                 29.32               31.31               31.59               80190.00            -3.174662           -58.777136          F 
110028                          1                   0.0001000           38250               1980.93             19.31               30.64               5417795.00          156                 18.11               8.62                8.63                49522.00            -11.732560          -61.771453          F 
110004                          1                   0.0001000           38250               1980.93             19.31               30.64               5417795.00          236                 27.78               8.49                8.51                75988.00            -11.301237          -61.324689          F 
130310                          1                   0.0001000           38250               1980.93             19.31               30.64               5417795.00          196                 11.06               17.72               17.75               30252.00            -3.988364           -58.601783          F 
130430                          1                   0.0001000           38250               1980.93             19.31               30.64               5417795.00          99                  8.28                11.96               11.97               22639.00            -0.893871           -59.029898          F 
140017                          1                   0.0001000           38250               1980.93             19.31               30.64               5417795.00          28                  3.83                7.31                7.31                10482.00            2.272838            -60.542067          F 
130200                          1                   0.0001000           38250               1980.93             19.31               30.64               5417795.00          292                 3.15                92.59               92.86               8625.00             -2.498704           -58.619577          F 
130395                          1                   0.0001000           38250               1980.93             19.31               30.64               5417795.00          330                 3.20                103.17              103.51              8748.00             -1.946118           -58.702338          F 
110001                          1                   0.0001000           38250               1980.93             19.31               30.64               5417795.00          46                  10.47               4.39                4.40                28629.00            -12.470071          -62.274560          F 
130400                          1                   0.0001000           38250               1980.93             19.31               30.64               5417795.00          2                   3.31                0.60                0.60                9046.00             -2.822093           -58.536128          F 
110029                          1                   0.0001000           38250               1980.93             19.31               30.64               5417795.00          13                  4.08                3.19                3.19                11149.00            -12.027061          -61.700877          F 
110148                          1                   0.0001000           38250               1980.93             19.31               30.64               5417795.00          4                   2.64                1.51                1.51                7234.00             -11.904682          -61.467066          F 
110147                          1                   0.0001000           38250               1980.93             19.31               30.64               5417795.00          0                   1.60                0                   0                   4381.00             -11.878589          -61.315189          F 
110009                          1                   0.0001000           38250               1980.93             19.31               30.64               5417795.00          89                  9.97                8.92                8.93                27274.00            -11.351368          -60.784721          F 
140023                          1                   0.0001000           38250               1980.93             19.31               30.64               5417795.00          7                   2.15                3.26                3.26                5869.00             0.914772            -59.338066          F 
140010                          1                   0.0001000           38250               1980.93             19.31               30.64               5417795.00          1908                88.55               21.55               21.95               242179.00           3.117964            -60.717850          F 
150445                          2                   0.0001000           13463               1133.22             11.88               13.57               3099344.00          76                  8.20                9.26                9.27                22440.00            -3.160218           -53.194916          F 
150172                          2                   0.0001000           13463               1133.22             11.88               13.57               3099344.00          100                 7.59                13.18               13.19               20747.00            -3.292151           -52.685423          F 
150815                          2                   0.0001000           13463               1133.22             11.88               13.57               3099344.00          52                  21.08               2.47                2.47                57645.00            -3.583648           -53.807296          F 
150600                          2                   0.0001000           13463               1133.22             11.88               13.57               3099344.00          8                   11.03               0.73                0.73                30160.00            -2.120276           -53.660235          F 
150590                          2                   0.0001000           13463               1133.22             11.88               13.57               3099344.00          11                  10.58               1.04                1.04                28923.00            -2.184494           -52.547960          F 
150835                          2                   0.0001000           13463               1133.22             11.88               13.57               3099344.00          39                  3.78                10.31               10.31               10349.00            -3.141047           -51.973342          F 
150565                          2                   0.0001000           13463               1133.22             11.88               13.57               3099344.00          19                  5.59                3.40                3.40                15275.00            -3.889977           -54.500599          F 
150780                          2                   0.0001000           13463               1133.22             11.88               13.57               3099344.00          24                  4.06                5.91                5.91                11113.00            -4.171559           -51.773388          F 
150145                          2                   0.0001000           13463               1133.22             11.88               13.57               3099344.00          1                   6.29                0.16                0.16                17192.00            -3.191161           -54.992826          F 
150680                          2                   0.0001000           13463               1133.22             11.88               13.57               3099344.00          235                 100.19              2.35                2.35                274012.00           -2.764647           -55.093854          F 
150085                          2                   0.0001000           13463               1133.22             11.88               13.57               3099344.00          256                 2.52                101.77              102.03              6880.00             -3.997294           -51.301209          F 
150619                          2                   0.0001000           13463               1133.22             11.88               13.57               3099344.00          20                  10.21               1.96                1.96                27913.00            -4.241022           -55.210827          F 
150580                          2                   0.0001000           13463               1133.22             11.88               13.57               3099344.00          18                  15.88               1.13                1.13                43425.00            -2.565541           -50.955536          F 
150285                          2                   0.0001000           13463               1133.22             11.88               13.57               3099344.00          8                   3.60                2.22                2.22                9835.00             -1.845743           -55.113264          F 
150480                          2                   0.0001000           13463               1133.22             11.88               13.57               3099344.00          63                  24.79               2.54                2.54                67811.00            -1.119762           -54.365806          F 
160080                          2                   0.0001000           13463               1133.22             11.88               13.57               3099344.00          7                   4.04                1.73                1.73                11041.00            -0.997903           -52.061167          F 
150310                          2                   0.0001000           13463               1133.22             11.88               13.57               3099344.00          5                   9.39                0.53                0.53                25685.00            -1.151921           -51.555276          F 
150450                          2                   0.0001000           13463               1133.22             11.88               13.57               3099344.00          2                   9.20                0.22                0.22                25153.00            -1.607856           -51.104066          F 
150548                          2                   0.0001000           13463               1133.22             11.88               13.57               3099344.00          0                   11.27               0                   0                   30830.00            -3.684058           -50.631545          F 
150100                          2                   0.0001000           13463               1133.22             11.88               13.57               3099344.00          9                   6.74                1.34                1.34                18426.00            -3.667209           -56.016450          F 
150390                          2                   0.0001000           13463               1133.22             11.88               13.57               3099344.00          1                   13.22               0.076               0.076               36170.00            -2.622585           -56.221232          F 
150110                          2                   0.0001000           13463               1133.22             11.88               13.57               3099344.00          0                   4.98                0                   0                   13623.00            -2.372794           -50.181886          F 
150506                          2                   0.0001000           13463               1133.22             11.88               13.57               3099344.00          382                 18.33               20.84               20.92               50133.00            -4.502833           -50.271560          F 
150040                          2                   0.0001000           13463               1133.22             11.88               13.57               3099344.00          27                  14.63               1.85                1.85                40015.00            -0.536230           -55.069883          F 
150180                          2                   0.0001000           13463               1133.22             11.88               13.57               3099344.00          244                 31.15               7.83                7.85                85181.00            -1.121333           -50.628584          F 
160040                          2                   0.0001000           13463               1133.22             11.88               13.57               3099344.00          1                   5.09                0.20                0.20                13913.00            -0.0730322          -51.943908          F 
150060                          2                   0.0001000           13463               1133.22             11.88               13.57               3099344.00          567                 30.86               18.37               18.47               84398.00            -6.486303           -53.886671          F 
150520                          2                   0.0001000           13463               1133.22             11.88               13.57               3099344.00          5                   9.53                0.52                0.52                26051.00            -2.278960           -49.902322          F 
150805                          2                   0.0001000           13463               1133.22             11.88               13.57               3099344.00          149                 6.33                23.55               23.58               17305.00            -5.130084           -56.003417          F 
150810                          2                   0.0001000           13463               1133.22             11.88               13.57               3099344.00          3257                31.26               104.19              107.66              85499.00            -3.855790           -49.820813          F 
150797                          2                   0.0001000           13463               1133.22             11.88               13.57               3099344.00          1                   6.20                0.16                0.16                16968.00            -1.952134           -56.458364          F 
150120                          2                   0.0001000           13463               1133.22             11.88               13.57               3099344.00          106                 7.96                13.31               13.33               21775.00            -3.129242           -49.698861          F 
150050                          2                   0.0001000           13463               1133.22             11.88               13.57               3099344.00          1                   12.53               0.080               0.080               34280.00            0.284350            -53.893460          F 
150280                          2                   0.0001000           13463               1133.22             11.88               13.57               3099344.00          5                   8.42                0.59                0.59                23031.00            -1.583580           -49.988115          F 
130340                          2                   0.0001000           13463               1133.22             11.88               13.57               3099344.00          76                  39.91               1.90                1.91                109150.00           -2.688407           -56.854026          F 
160060                          2                   0.0001000           13463               1133.22             11.88               13.57               3099344.00          1018                36.05               28.24               28.52               98600.00            0.128476            -51.379449          F 
150460                          2                   0.0001000           13463               1133.22             11.88               13.57               3099344.00          19                  7.98                2.38                2.38                21824.00            -2.576520           -49.465753          F 
150210                          2                   0.0001000           13463               1133.22             11.88               13.57               3099344.00          37                  38.54               0.96                0.96                105416.00           -2.253113           -49.513615          F 
150030                          2                   0.0001000           13463               1133.22             11.88               13.57               3099344.00          483                 12.96               37.26               37.43               35455.00            -0.263841           -50.727746          F 
150370                          2                   0.0001000           13463               1133.22             11.88               13.57               3099344.00          636                 22.98               27.67               27.84               62856.00            -5.114819           -49.869663          F 
150178                          2                   0.0001000           13463               1133.22             11.88               13.57               3099344.00          399                 16.14               24.72               24.81               44147.00            -3.733432           -49.370902          F 
150510                          2                   0.0001000           13463               1133.22             11.88               13.57               3099344.00          8                   17.96               0.45                0.45                49111.00            -0.170427           -55.674947          F 
150770                          2                   0.0001000           13463               1133.22             11.88               13.57               3099344.00          12                  7.09                1.69                1.69                19379.00            -1.434046           -49.680194          F 
150400                          2                   0.0001000           13463               1133.22             11.88               13.57               3099344.00          0                   7.86                0                   0                   21499.00            -1.864288           -49.469256          F 
130050                          2                   0.0001000           13463               1133.22             11.88               13.57               3099344.00          4                   9.64                0.41                0.41                26373.00            -3.129157           -57.172390          F 
150070                          2                   0.0001000           13463               1133.22             11.88               13.57               3099344.00          313                 7.62                41.05               41.18               20852.00            -0.827103           -49.962044          F 
150420                          2                   0.0001000           13463               1133.22             11.88               13.57               3099344.00          100                 71.59               1.40                1.40                195807.00           -5.629796           -50.017016          F 
150553                          2                   0.0001000           13463               1133.22             11.88               13.57               3099344.00          190                 33.50               5.67                5.68                91621.00            -6.155342           -50.496123          F 
160053                          2                   0.0001000           13463               1133.22             11.88               13.57               3099344.00          228                 5.37                42.49               42.59               14675.00            0.587711            -51.673569          F 
150808                          2                   0.0001000           13463               1133.22             11.88               13.57               3099344.00          18                  7.86                2.29                2.29                21509.00            -6.820174           -51.391396          F 
150470                          2                   0.0001000           13463               1133.22             11.88               13.57               3099344.00          20                  22.23               0.90                0.90                60809.00            -2.683914           -49.073983          F 
150730                          2                   0.0001000           13463               1133.22             11.88               13.57               3099344.00          15                  14.89               1.01                1.01                40717.00            -7.233186           -52.252675          F 
150330                          2                   0.0001000           13463               1133.22             11.88               13.57               3099344.00          15                  21.70               0.69                0.69                59346.00            -2.062684           -49.130853          F 
150380                          2                   0.0001000           13463               1133.22             11.88               13.57               3099344.00          303                 17.25               17.57               17.62               47176.00            -4.598468           -49.181178          F 
160027                          2                   0.0001000           13463               1133.22             11.88               13.57               3099344.00          94                  13.12               7.17                7.17                35872.00            1.096940            -53.306000          F 
150360                          2                   0.0001000           13463               1133.22             11.88               13.57               3099344.00          277                 35.19               7.87                7.89                96246.00            -5.871333           -56.496545          F 
150309                          2                   0.0001000           13463               1133.22             11.88               13.57               3099344.00          350                 10.96               31.93               32.04               29981.00            -4.027408           -49.005681          F 
150490                          2                   0.0001000           13463               1133.22             11.88               13.57               3099344.00          0                   10.02               0                   0                   27409.00            -1.355540           -49.309395          F 
150497                          2                   0.0001000           13463               1133.22             11.88               13.57               3099344.00          51                  5.11                9.98                9.99                13970.00            -4.980996           -49.230674          F 
160015                          2                   0.0001000           13463               1133.22             11.88               13.57               3099344.00          137                 2.05                66.84               66.93               5606.00             1.157828            -52.523712          F 
150795                          2                   0.0001000           13463               1133.22             11.88               13.57               3099344.00          1104                18.80               58.72               59.36               51421.00            -2.907824           -48.736640          F 
130068                          2                   0.0001000           13463               1133.22             11.88               13.57               3099344.00          1                   4.49                0.22                0.22                12286.00            -3.138082           -57.669942          F 
160030                          2                   0.0001000           13463               1133.22             11.88               13.57               3099344.00          1761                129.95              13.55               13.78               355408.00           0.554818            -50.700863          F 
160025                          2                   0.0001000           13463               1133.22             11.88               13.57               3099344.00          3                   1.42                2.11                2.11                3884.00             0.532233            -50.651554          F 
160023                          2                   0.0001000           13463               1133.22             11.88               13.57               3099344.00          51                  1.58                32.28               32.30               4321.00             0.958713            -51.419182          F 
150215                          2                   0.0001000           13463               1133.22             11.88               13.57               3099344.00          41                  4.91                8.36                8.36                13421.00            -6.424110           -50.085921          F 
210565                          3                   0.0001000           395                 24.73               15.97               16.03               68009.00            24                  2.31                10.41               10.41               6339.00             -1.917746           -46.115749          F 
210632                          3                   0.0001000           395                 24.73               15.97               16.03               68009.00            204                 6.05                33.69               33.76               16650.00            -1.982063           -45.992607          F 
210197                          3                   0.0001000           395                 24.73               15.97               16.03               68009.00            7                   2.24                3.13                3.13                6147.00             -1.762813           -46.178716          F 
210055                          3                   0.0001000           395                 24.73               15.97               16.03               68009.00            30                  2.34                12.80               12.80               6445.00             -1.673095           -45.948022          F 
210467                          3                   0.0001000           395                 24.73               15.97               16.03               68009.00            130                 11.79               11.02               11.04               32428.00            -2.061555           -45.818133          F 
510270                          4                   0.0001000           69                  5.70                12.12               12.12               18732.00            69                  5.70                12.12               12.12               18732.00            -13.331224          -52.398800          F 
210860                          5                   0.0001000           92                  12.80               7.19                7.19                105584.00           46                  8.81                5.22                5.22                72668.00            -2.504333           -45.132674          F 
210760                          5                   0.0001000           92                  12.80               7.19                7.19                105584.00           0                   2.22                0                   0                   18328.00            -2.692804           -45.025090          F 
210927                          5                   0.0001000           92                  12.80               7.19                7.19                105584.00           46                  1.77                26.01               26.03               14588.00            -2.586560           -45.361129          F 
210095                          6                   0.0001000           200                 61.13               3.27                3.28                169962.00           12                  9.81                1.22                1.22                27287.00            -5.060040           -45.954318          F 
210535                          6                   0.0001000           200                 61.13               3.27                3.28                169962.00           0                   4.55                0                   0                   12659.00            -5.145868           -45.640663          F 
210547                          6                   0.0001000           200                 61.13               3.27                3.28                169962.00           0                   5.23                0                   0                   14535.00            -5.390799           -45.575691          F 
210635                          6                   0.0001000           200                 61.13               3.27                3.28                169962.00           0                   2.52                0                   0                   6997.00             -4.736924           -45.558563          F 
210596                          6                   0.0001000           200                 61.13               3.27                3.28                169962.00           0                   2.90                0                   0                   8061.00             -4.929942           -45.400875          F 
210060                          6                   0.0001000           200                 61.13               3.27                3.28                169962.00           53                  13.10               4.05                4.05                36423.00            -5.285725           -46.573078          F 
210232                          6                   0.0001000           200                 61.13               3.27                3.28                169962.00           135                 23.02               5.86                5.87                64000.00            -4.493661           -46.342388          F 
210850                          7                   0.0001000           43                  6.33                6.80                6.80                34601.00            36                  5.32                6.77                6.77                29099.00            -3.691451           -45.437504          F 
211227                          7                   0.0001000           43                  6.33                6.80                6.80                34601.00            7                   1.01                6.96                6.96                5502.00             -3.757538           -45.581194          F 
211150                          8                   0.0001000           36                  6.90                5.22                5.22                37721.00            36                  6.90                5.22                5.22                37721.00            -3.987537           -44.527403          F 
210590                          9                   0.0002000           16                  1.73                9.24                9.24                14062.00            16                  1.73                9.24                9.24                14062.00            -3.990758           -44.883285          F 
210300                          10                  0.3058              41                  17.42               2.35                2.35                143682.00           41                  17.42               2.35                2.35                143682.00           -4.867598           -43.296543          F 
210770                          11                  0.9971              11                  2.36                4.66                4.66                19156.00            11                  2.36                4.66                4.66                19156.00            -6.403654           -43.923903          F 
320410                          12                  0.9999              11                  2.50                4.40                4.40                21328.00            11                  2.50                4.40                4.40                21328.00            -18.369311          -40.200137          F 
