130406                          1                   0.0001000           33456               1714.33             19.52               31.23               5546552.00          73                  13.93               5.24                5.24                45085.00            -4.027765           -69.681346          F 
130390                          1                   0.0001000           33456               1714.33             19.52               31.23               5546552.00          12                  9.25                1.30                1.30                29916.00            -4.497836           -69.450565          F 
130370                          1                   0.0001000           33456               1714.33             19.52               31.23               5546552.00          0                   11.16               0                   0                   36098.00            -3.051175           -69.087897          F 
130230                          1                   0.0001000           33456               1714.33             19.52               31.23               5546552.00          1                   8.64                0.12                0.12                27955.00            -4.713108           -68.403854          F 
130006                          1                   0.0001000           33456               1714.33             19.52               31.23               5546552.00          3                   2.83                1.06                1.06                9150.00             -3.418321           -68.287308          F 
130060                          1                   0.0001000           33456               1714.33             19.52               31.23               5546552.00          151                 8.26                18.27               18.30               26737.00            -5.429327           -70.278296          F 
130423                          1                   0.0001000           33456               1714.33             19.52               31.23               5546552.00          1                   6.01                0.17                0.17                19439.00            -2.691643           -67.827923          F 
130100                          1                   0.0001000           33456               1714.33             19.52               31.23               5546552.00          24                  8.15                2.94                2.94                26377.00            -5.118832           -67.337382          F 
130020                          1                   0.0001000           33456               1714.33             19.52               31.23               5546552.00          1                   3.56                0.28                0.28                11523.00            -5.711940           -71.742673          F 
130210                          1                   0.0001000           33456               1714.33             19.52               31.23               5546552.00          0                   4.05                0                   0                   13096.00            -1.698117           -68.320288          F 
130140                          1                   0.0001000           33456               1714.33             19.52               31.23               5546552.00          1                   9.31                0.11                0.11                30125.00            -7.022778           -70.222033          F 
130195                          1                   0.0001000           33456               1714.33             19.52               31.23               5546552.00          2                   2.45                0.82                0.82                7919.00             -6.682874           -68.114036          F 
130220                          1                   0.0001000           33456               1714.33             19.52               31.23               5546552.00          6                   2.38                2.53                2.53                7687.00             -3.524623           -66.306825          F 
130150                          1                   0.0001000           33456               1714.33             19.52               31.23               5546552.00          2                   4.25                0.47                0.47                13746.00            -7.573750           -70.054927          F 
130180                          1                   0.0001000           33456               1714.33             19.52               31.23               5546552.00          3                   5.50                0.55                0.55                17806.00            -7.181162           -71.415929          F 
130160                          1                   0.0001000           33456               1714.33             19.52               31.23               5546552.00          13                  12.10               1.07                1.07                39144.00            -2.492180           -66.358452          F 
130350                          1                   0.0001000           33456               1714.33             19.52               31.23               5546552.00          16                  5.29                3.02                3.02                17131.00            -7.757795           -68.197229          F 
130420                          1                   0.0001000           33456               1714.33             19.52               31.23               5546552.00          719                 22.25               32.32               32.58               71975.00            -4.468383           -65.529278          F 
130426                          1                   0.0001000           33456               1714.33             19.52               31.23               5546552.00          0                   4.24                0                   0                   13729.00            -3.167038           -65.411879          F 
130002                          1                   0.0001000           33456               1714.33             19.52               31.23               5546552.00          96                  4.57                21.02               21.04               14776.00            -3.701122           -65.330652          F 
130165                          1                   0.0001000           33456               1714.33             19.52               31.23               5546552.00          65                  3.78                17.20               17.21               12228.00            -7.229841           -72.844424          F 
120060                          1                   0.0001000           33456               1714.33             19.52               31.23               5546552.00          35                  9.49                3.69                3.69                30711.00            -8.238234           -71.446466          F 
130380                          1                   0.0001000           33456               1714.33             19.52               31.23               5546552.00          6                   10.76               0.56                0.56                34827.00            0.374453            -67.997697          F 
130280                          1                   0.0001000           33456               1714.33             19.52               31.23               5546552.00          2                   6.44                0.31                0.31                20836.00            -2.428415           -65.038109          F 
120020                          1                   0.0001000           33456               1714.33             19.52               31.23               5546552.00          1295                26.81               48.31               49.03               86725.00            -7.974126           -72.761548          F 
120030                          1                   0.0001000           33456               1714.33             19.52               31.23               5546552.00          5                   12.17               0.41                0.41                39365.00            -8.926430           -70.747840          F 
130070                          1                   0.0001000           33456               1714.33             19.52               31.23               5546552.00          1917                8.80                217.78              222.70              28480.00            -8.772979           -68.047540          F 
120033                          1                   0.0001000           33456               1714.33             19.52               31.23               5546552.00          988                 4.05                243.72              246.52              13116.00            -7.503753           -73.439585          F 
120042                          1                   0.0001000           33456               1714.33             19.52               31.23               5546552.00          551                 3.09                178.47              179.61              9989.00             -7.841819           -73.222514          F 
130410                          1                   0.0001000           33456               1714.33             19.52               31.23               5546552.00          3                   5.30                0.57                0.57                17160.00            -6.104509           -64.893865          F 
120034                          1                   0.0001000           33456               1714.33             19.52               31.23               5546552.00          0                   2.42                0                   0                   7843.00             -9.380351           -69.854989          F 
120039                          1                   0.0001000           33456               1714.33             19.52               31.23               5546552.00          119                 1.50                79.37               79.48               4851.00             -8.489533           -72.721389          F 
120043                          1                   0.0001000           33456               1714.33             19.52               31.23               5546552.00          0                   1.11                0                   0                   3583.00             -9.412364           -70.398018          F 
130120                          1                   0.0001000           33456               1714.33             19.52               31.23               5546552.00          73                  27.03               2.70                2.70                87468.00            -4.437162           -64.124619          F 
130360                          1                   0.0001000           33456               1714.33             19.52               31.23               5546552.00          98                  2.19                44.80               44.85               7077.00             -0.318566           -65.522058          F 
120032                          1                   0.0001000           33456               1714.33             19.52               31.23               5546552.00          0                   1.44                0                   0                   4662.00             -9.243211           -71.907488          F 
120050                          1                   0.0001000           33456               1714.33             19.52               31.23               5546552.00          7                   10.39               0.67                0.67                33614.00            -9.771845           -69.382700          F 
120013                          1                   0.0001000           33456               1714.33             19.52               31.23               5546552.00          5                   2.70                1.85                1.85                8751.00             -9.613848           -68.175429          F 
130240                          1                   0.0001000           33456               1714.33             19.52               31.23               5546552.00          141                 8.04                17.53               17.56               26020.00            -8.375880           -65.812244          F 
120035                          1                   0.0001000           33456               1714.33             19.52               31.23               5546552.00          13                  2.62                4.96                4.96                8482.00             -9.099817           -72.558104          F 
120080                          1                   0.0001000           33456               1714.33             19.52               31.23               5546552.00          44                  3.81                11.54               11.55               12335.00            -9.629475           -67.701064          F 
120040                          1                   0.0001000           33456               1714.33             19.52               31.23               5546552.00          571                 97.09               5.88                5.91                314127.00           -10.066358          -68.371440          F 
120045                          1                   0.0001000           33456               1714.33             19.52               31.23               5546552.00          166                 6.49                25.58               25.62               21000.00            -9.996928           -67.427266          F 
120001                          1                   0.0001000           33456               1714.33             19.52               31.23               5546552.00          97                  3.64                26.63               26.66               11786.00            -9.934392           -66.948427          F 
130090                          1                   0.0001000           33456               1714.33             19.52               31.23               5546552.00          15                  3.01                4.99                4.99                9723.00             -7.403346           -64.096665          F 
120038                          1                   0.0001000           33456               1714.33             19.52               31.23               5546552.00          146                 5.26                27.76               27.81               17014.00            -10.248624          -67.339671          F 
120070                          1                   0.0001000           33456               1714.33             19.52               31.23               5546552.00          3                   4.29                0.70                0.70                13893.00            -10.575880          -68.505122          F 
120017                          1                   0.0001000           33456               1714.33             19.52               31.23               5546552.00          12                  2.29                5.24                5.25                7403.00             -10.474157          -67.835782          F 
130130                          1                   0.0001000           33456               1714.33             19.52               31.23               5546552.00          22                  6.31                3.49                3.49                20407.00            -3.289026           -62.972665          F 
120010                          1                   0.0001000           33456               1714.33             19.52               31.23               5546552.00          13                  5.58                2.33                2.33                18056.00            -10.747736          -69.207484          F 
120005                          1                   0.0001000           33456               1714.33             19.52               31.23               5546552.00          0                   1.59                0                   0                   5153.00             -10.779491          -70.006358          F 
120025                          1                   0.0001000           33456               1714.33             19.52               31.23               5546552.00          0                   4.39                0                   0                   14193.00            -10.889162          -68.618498          F 
130040                          1                   0.0001000           33456               1714.33             19.52               31.23               5546552.00          32                  10.40               3.08                3.08                33633.00            -0.465180           -63.434588          F 
110020                          1                   0.0001000           33456               1714.33             19.52               31.23               5546552.00          1330                117.75              11.29               11.46               380974.00           -9.153039           -64.305489          F 
130010                          1                   0.0001000           33456               1714.33             19.52               31.23               5546552.00          25                  4.01                6.23                6.23                12990.00            -4.186645           -62.073001          F 
130083                          1                   0.0001000           33456               1714.33             19.52               31.23               5546552.00          17                  3.16                5.38                5.39                10215.00            -3.081969           -61.877491          F 
130063                          1                   0.0001000           33456               1714.33             19.52               31.23               5546552.00          29                  4.21                6.89                6.89                13620.00            -4.603475           -61.787364          F 
130170                          1                   0.0001000           33456               1714.33             19.52               31.23               5546552.00          236                 8.81                26.79               26.86               28498.00            -7.362897           -62.485394          F 
130008                          1                   0.0001000           33456               1714.33             19.52               31.23               5546552.00          19                  2.15                8.85                8.85                6949.00             -3.502503           -61.716696          F 
110080                          1                   0.0001000           33456               1714.33             19.52               31.23               5546552.00          157                 5.36                29.28               29.34               17346.00            -8.887011           -63.325581          F 
110033                          1                   0.0001000           33456               1714.33             19.52               31.23               5546552.00          356                 6.29                56.62               56.85               20343.00            -10.382239          -64.629270          F 
130320                          1                   0.0001000           33456               1714.33             19.52               31.23               5546552.00          228                 2.01                113.21              113.51              6516.00             -2.046996           -61.701836          F 
110045                          1                   0.0001000           33456               1714.33             19.52               31.23               5546552.00          3533                13.20               267.59              278.96              42717.00            -10.052159          -63.941154          F 
110110                          1                   0.0001000           33456               1714.33             19.52               31.23               5546552.00          100                 2.69                37.19               37.23               8699.00             -9.170195           -63.044988          F 
110040                          1                   0.0001000           33456               1714.33             19.52               31.23               5546552.00          254                 5.10                49.78               49.92               16510.00            -9.649274           -63.394283          F 
130270                          1                   0.0001000           33456               1714.33             19.52               31.23               5546552.00          40                  11.80               3.39                3.39                38168.00            -6.459804           -61.446481          F 
110070                          1                   0.0001000           33456               1714.33             19.52               31.23               5546552.00          236                 5.75                41.01               41.12               18619.00            -10.485091          -63.799446          F 
130250                          1                   0.0001000           33456               1714.33             19.52               31.23               5546552.00          625                 26.17               23.89               24.05               84656.00            -3.291606           -60.958222          F 
110094                          1                   0.0001000           33456               1714.33             19.52               31.23               5546552.00          52                  2.86                18.21               18.22               9238.00             -9.170974           -62.565037          F 
110140                          1                   0.0001000           33456               1714.33             19.52               31.23               5546552.00          123                 5.22                23.57               23.61               16881.00            -10.210793          -63.372281          F 
110026                          1                   0.0001000           33456               1714.33             19.52               31.23               5546552.00          76                  1.11                68.25               68.31               3603.00             -9.645106           -62.790311          F 
110010                          1                   0.0001000           33456               1714.33             19.52               31.23               5546552.00          237                 13.01               18.22               18.27               42082.00            -11.305773          -64.537463          F 
110002                          1                   0.0001000           33456               1714.33             19.52               31.23               5546552.00          1550                26.87               57.69               58.73               86924.00            -9.951979           -62.957373          F 
130255                          1                   0.0001000           33456               1714.33             19.52               31.23               5546552.00          51                  4.37                11.67               11.68               14140.00            -3.779354           -60.697327          F 
110060                          1                   0.0001000           33456               1714.33             19.52               31.23               5546552.00          35                  1.69                20.72               20.73               5464.00             -10.331685          -62.987180          F 
110013                          1                   0.0001000           33456               1714.33             19.52               31.23               5546552.00          157                 9.18                17.10               17.13               29711.00            -9.204070           -62.010294          F 
130185                          1                   0.0001000           33456               1714.33             19.52               31.23               5546552.00          141                 13.23               10.66               10.67               42812.00            -3.095148           -60.480667          F 
110100                          1                   0.0001000           33456               1714.33             19.52               31.23               5546552.00          51                  5.81                8.78                8.79                18786.00            -10.748055          -63.183884          F 
130110                          1                   0.0001000           33456               1714.33             19.52               31.23               5546552.00          930                 7.57                122.82              124.14              24499.00            -3.770658           -60.183093          F 
110160                          1                   0.0001000           33456               1714.33             19.52               31.23               5546552.00          75                  4.43                16.94               16.95               14326.00            -10.121814          -62.342289          F 
130260                          1                   0.0001000           33456               1714.33             19.52               31.23               5546552.00          7164                521.89              13.73               14.88               1688524.00          -2.626021           -60.259483          F 
140028                          1                   0.0001000           33456               1714.33             19.52               31.23               5546552.00          74                  1.94                38.06               38.10               6290.00             2.186649            -62.468913          F 
110175                          1                   0.0001000           33456               1714.33             19.52               31.23               5546552.00          173                 3.39                51.06               51.16               10962.00            -9.732685           -61.939355          F 
140047                          1                   0.0001000           33456               1714.33             19.52               31.23               5546552.00          41                  8.01                5.12                5.12                25913.00            0.0378310           -61.010414          F 
130330                          1                   0.0001000           33456               1714.33             19.52               31.23               5546552.00          106                 6.51                16.29               16.31               21051.00            -6.825051           -60.477192          F 
140020                          1                   0.0001000           33456               1714.33             19.52               31.23               5546552.00          49                  5.68                8.63                8.64                18367.00            0.990862            -61.471950          F 
110011                          1                   0.0001000           33456               1714.33             19.52               31.23               5546552.00          703                 17.38               40.44               40.76               56242.00            -10.592446          -62.584788          F 
110130                          1                   0.0001000           33456               1714.33             19.52               31.23               5546552.00          143                 4.37                32.69               32.74               14152.00            -11.076985          -62.848279          F 
110008                          1                   0.0001000           33456               1714.33             19.52               31.23               5546552.00          66                  3.63                18.20               18.21               11735.00            -12.147321          -64.058780          F 
110180                          1                   0.0001000           33456               1714.33             19.52               31.23               5546552.00          64                  3.23                19.83               19.84               10442.00            -10.384134          -62.093876          F 
110143                          1                   0.0001000           33456               1714.33             19.52               31.23               5546552.00          42                  2.94                14.26               14.27               9526.00             -10.889526          -62.532438          F 
140005                          1                   0.0001000           33456               1714.33             19.52               31.23               5546552.00          12                  7.06                1.70                1.70                22856.00            3.078187            -62.755259          F 
110015                          1                   0.0001000           33456               1714.33             19.52               31.23               5546552.00          246                 12.59               19.54               19.59               40735.00            -10.610539          -62.172424          F 
130353                          1                   0.0001000           33456               1714.33             19.52               31.23               5546552.00          357                 7.66                46.61               46.80               24781.00            -1.372564           -59.988741          F 
110150                          1                   0.0001000           33456               1714.33             19.52               31.23               5546552.00          17                  5.01                3.39                3.39                16225.00            -11.807291          -63.230667          F 
110155                          1                   0.0001000           33456               1714.33             19.52               31.23               5546552.00          22                  1.82                12.08               12.08               5894.00             -10.943464          -62.279708          F 
110170                          1                   0.0001000           33456               1714.33             19.52               31.23               5546552.00          82                  5.49                14.94               14.95               17761.00            -11.103908          -62.424021          F 
130115                          1                   0.0001000           33456               1714.33             19.52               31.23               5546552.00          196                 5.14                38.14               38.23               16626.00            -3.286228           -59.599493          F 
140030                          1                   0.0001000           33456               1714.33             19.52               31.23               5546552.00          62                  3.62                17.11               17.12               11722.00            2.510145            -61.983632          F 
110032                          1                   0.0001000           33456               1714.33             19.52               31.23               5546552.00          47                  9.64                4.87                4.88                31198.00            -11.628169          -62.941940          F 
130030                          1                   0.0001000           33456               1714.33             19.52               31.23               5546552.00          232                 9.13                25.42               25.48               29534.00            -3.788879           -59.528635          F 
130356                          1                   0.0001000           33456               1714.33             19.52               31.23               5546552.00          370                 7.89                46.92               47.12               25513.00            -2.529891           -59.638156          F 
110034                          1                   0.0001000           33456               1714.33             19.52               31.23               5546552.00          49                  6.04                8.11                8.12                19542.00            -11.311455          -62.544783          F 
110012                          1                   0.0001000           33456               1714.33             19.52               31.23               5546552.00          502                 35.07               14.32               14.39               113453.00           -10.462197          -61.757091          F 
130080                          1                   0.0001000           33456               1714.33             19.52               31.23               5546552.00          279                 11.37               24.53               24.61               36793.00            -4.957034           -59.534428          F 
110025                          1                   0.0001000           33456               1714.33             19.52               31.23               5546552.00          171                 7.82                21.86               21.90               25313.00            -11.166190          -61.877898          F 
110014                          1                   0.0001000           33456               1714.33             19.52               31.23               5546552.00          111                 5.57                19.95               19.97               18005.00            -11.564334          -62.233031          F 
110149                          1                   0.0001000           33456               1714.33             19.52               31.23               5546552.00          26                  5.44                4.78                4.78                17610.00            -12.368674          -63.122203          F 
140002                          1                   0.0001000           33456               1714.33             19.52               31.23               5546552.00          0                   1.93                0                   0                   6229.00             3.732874            -62.436863          F 
510325                          1                   0.0001000           33456               1714.33             19.52               31.23               5546552.00          50                  4.37                11.43               11.44               14149.00            -9.292283           -60.305531          F 
140060                          1                   0.0001000           33456               1714.33             19.52               31.23               5546552.00          18                  2.07                8.69                8.69                6702.00             0.884349            -60.151701          F 
110090                          1                   0.0001000           33456               1714.33             19.52               31.23               5546552.00          3                   1.26                2.37                2.37                4092.00             -11.470879          -61.879911          F 
110050                          1                   0.0001000           33456               1714.33             19.52               31.23               5546552.00          41                  3.99                10.27               10.27               12916.00            -11.681047          -62.083187          F 
510757                          1                   0.0001000           33456               1714.33             19.52               31.23               5546552.00          0                   1.34                0                   0                   4347.00             -10.463060          -61.010088          F 
110120                          1                   0.0001000           33456               1714.33             19.52               31.23               5546552.00          22                  3.47                6.34                6.34                11223.00            -11.160345          -61.568926          F 
130014                          1                   0.0001000           33456               1714.33             19.52               31.23               5546552.00          275                 6.09                45.18               45.32               19694.00            -7.759871           -59.431439          F 
140050                          1                   0.0001000           33456               1714.33             19.52               31.23               5546552.00          107                 1.70                63.01               63.09               5494.00             0.635650            -59.844809          F 
130190                          1                   0.0001000           33456               1714.33             19.52               31.23               5546552.00          855                 25.24               33.87               34.20               81674.00            -3.174662           -58.777136          F 
110028                          1                   0.0001000           33456               1714.33             19.52               31.23               5546552.00          105                 15.43               6.81                6.81                49907.00            -11.732560          -61.771453          F 
110004                          1                   0.0001000           33456               1714.33             19.52               31.23               5546552.00          231                 23.62               9.78                9.80                76422.00            -11.301237          -61.324689          F 
130310                          1                   0.0001000           33456               1714.33             19.52               31.23               5546552.00          358                 9.72                36.83               36.98               31450.00            -3.988364           -58.601783          F 
130430                          1                   0.0001000           33456               1714.33             19.52               31.23               5546552.00          175                 7.24                24.17               24.22               23422.00            -0.893871           -59.029898          F 
140017                          1                   0.0001000           33456               1714.33             19.52               31.23               5546552.00          20                  3.35                5.98                5.98                10826.00            2.272838            -60.542067          F 
130200                          1                   0.0001000           33456               1714.33             19.52               31.23               5546552.00          114                 2.74                41.60               41.65               8866.00             -2.498704           -58.619577          F 
130395                          1                   0.0001000           33456               1714.33             19.52               31.23               5546552.00          252                 2.79                90.20               90.46               9039.00             -1.946118           -58.702338          F 
110001                          1                   0.0001000           33456               1714.33             19.52               31.23               5546552.00          39                  8.96                4.35                4.35                29005.00            -12.470071          -62.274560          F 
130400                          1                   0.0001000           33456               1714.33             19.52               31.23               5546552.00          8                   2.87                2.79                2.79                9278.00             -2.822093           -58.536128          F 
110029                          1                   0.0001000           33456               1714.33             19.52               31.23               5546552.00          20                  3.42                5.85                5.85                11067.00            -12.027061          -61.700877          F 
110148                          1                   0.0001000           33456               1714.33             19.52               31.23               5546552.00          0                   2.25                0                   0                   7266.00             -11.904682          -61.467066          F 
110147                          1                   0.0001000           33456               1714.33             19.52               31.23               5546552.00          0                   1.36                0                   0                   4393.00             -11.878589          -61.315189          F 
110009                          1                   0.0001000           33456               1714.33             19.52               31.23               5546552.00          49                  8.52                5.75                5.76                27559.00            -11.351368          -60.784721          F 
140023                          1                   0.0001000           33456               1714.33             19.52               31.23               5546552.00          5                   1.82                2.74                2.74                5901.00             0.914772            -59.338066          F 
140010                          1                   0.0001000           33456               1714.33             19.52               31.23               5546552.00          1072                77.16               13.89               14.05               249655.00           3.117964            -60.717850          F 
150445                          2                   0.0001000           11656               980.69              11.89               13.58               3155690.00          17                  7.03                2.42                2.42                22631.00            -3.160218           -53.194916          F 
150172                          2                   0.0001000           11656               980.69              11.89               13.58               3155690.00          5                   6.65                0.75                0.75                21386.00            -3.292151           -52.685423          F 
150815                          2                   0.0001000           11656               980.69              11.89               13.58               3155690.00          41                  18.61               2.20                2.20                59881.00            -3.583648           -53.807296          F 
150600                          2                   0.0001000           11656               980.69              11.89               13.58               3155690.00          3                   9.41                0.32                0.32                30278.00            -2.120276           -53.660235          F 
150590                          2                   0.0001000           11656               980.69              11.89               13.58               3155690.00          7                   9.29                0.75                0.75                29890.00            -2.184494           -52.547960          F 
150835                          2                   0.0001000           11656               980.69              11.89               13.58               3155690.00          13                  3.17                4.10                4.10                10206.00            -3.141047           -51.973342          F 
150565                          2                   0.0001000           11656               980.69              11.89               13.58               3155690.00          27                  4.85                5.56                5.57                15614.00            -3.889977           -54.500599          F 
150780                          2                   0.0001000           11656               980.69              11.89               13.58               3155690.00          20                  3.20                6.26                6.26                10285.00            -4.171559           -51.773388          F 
150145                          2                   0.0001000           11656               980.69              11.89               13.58               3155690.00          6                   5.49                1.09                1.09                17659.00            -3.191161           -54.992826          F 
150680                          2                   0.0001000           11656               980.69              11.89               13.58               3155690.00          242                 85.80               2.82                2.83                276074.00           -2.764647           -55.093854          F 
150085                          2                   0.0001000           11656               980.69              11.89               13.58               3155690.00          541                 2.00                270.95              272.65              6425.00             -3.997294           -51.301209          F 
150619                          2                   0.0001000           11656               980.69              11.89               13.58               3155690.00          14                  8.86                1.58                1.58                28497.00            -4.241022           -55.210827          F 
150580                          2                   0.0001000           11656               980.69              11.89               13.58               3155690.00          5                   13.80               0.36                0.36                44393.00            -2.565541           -50.955536          F 
150285                          2                   0.0001000           11656               980.69              11.89               13.58               3155690.00          18                  3.09                5.82                5.83                9945.00             -1.845743           -55.113264          F 
150480                          2                   0.0001000           11656               980.69              11.89               13.58               3155690.00          29                  21.56               1.35                1.35                69372.00            -1.119762           -54.365806          F 
160080                          2                   0.0001000           11656               980.69              11.89               13.58               3155690.00          6                   3.57                1.68                1.68                11487.00            -0.997903           -52.061167          F 
150310                          2                   0.0001000           11656               980.69              11.89               13.58               3155690.00          1                   8.13                0.12                0.12                26150.00            -1.151921           -51.555276          F 
150450                          2                   0.0001000           11656               980.69              11.89               13.58               3155690.00          0                   8.04                0                   0                   25887.00            -1.607856           -51.104066          F 
150548                          2                   0.0001000           11656               980.69              11.89               13.58               3155690.00          1                   9.69                0.10                0.10                31179.00            -3.684058           -50.631545          F 
150100                          2                   0.0001000           11656               980.69              11.89               13.58               3155690.00          3                   5.89                0.51                0.51                18949.00            -3.667209           -56.016450          F 
150390                          2                   0.0001000           11656               980.69              11.89               13.58               3155690.00          5                   11.52               0.43                0.43                37064.00            -2.622585           -56.221232          F 
150110                          2                   0.0001000           11656               980.69              11.89               13.58               3155690.00          8                   4.23                1.89                1.89                13607.00            -2.372794           -50.181886          F 
150506                          2                   0.0001000           11656               980.69              11.89               13.58               3155690.00          288                 16.04               17.95               18.01               51627.00            -4.502833           -50.271560          F 
150040                          2                   0.0001000           11656               980.69              11.89               13.58               3155690.00          77                  12.34               6.24                6.25                39697.00            -0.536230           -55.069883          F 
150180                          2                   0.0001000           11656               980.69              11.89               13.58               3155690.00          177                 26.75               6.62                6.63                86084.00            -1.121333           -50.628584          F 
160040                          2                   0.0001000           11656               980.69              11.89               13.58               3155690.00          46                  4.43                10.38               10.39               14259.00            -0.0730322          -51.943908          F 
150060                          2                   0.0001000           11656               980.69              11.89               13.58               3155690.00          499                 26.62               18.75               18.85               85649.00            -6.486303           -53.886671          F 
150520                          2                   0.0001000           11656               980.69              11.89               13.58               3155690.00          7                   8.25                0.85                0.85                26554.00            -2.278960           -49.902322          F 
150805                          2                   0.0001000           11656               980.69              11.89               13.58               3155690.00          65                  5.56                11.69               11.70               17892.00            -5.130084           -56.003417          F 
150810                          2                   0.0001000           11656               980.69              11.89               13.58               3155690.00          2048                27.22               75.23               77.03               87602.00            -3.855790           -49.820813          F 
150797                          2                   0.0001000           11656               980.69              11.89               13.58               3155690.00          3                   5.41                0.55                0.55                17395.00            -1.952134           -56.458364          F 
150120                          2                   0.0001000           11656               980.69              11.89               13.58               3155690.00          147                 6.80                21.61               21.64               21893.00            -3.129242           -49.698861          F 
150050                          2                   0.0001000           11656               980.69              11.89               13.58               3155690.00          6                   10.67               0.56                0.56                34338.00            0.284350            -53.893460          F 
150280                          2                   0.0001000           11656               980.69              11.89               13.58               3155690.00          0                   7.33                0                   0                   23573.00            -1.583580           -49.988115          F 
130340                          2                   0.0001000           11656               980.69              11.89               13.58               3155690.00          68                  35.00               1.94                1.94                112636.00           -2.688407           -56.854026          F 
160060                          2                   0.0001000           11656               980.69              11.89               13.58               3155690.00          609                 31.66               19.24               19.37               101864.00           0.128476            -51.379449          F 
150460                          2                   0.0001000           11656               980.69              11.89               13.58               3155690.00          76                  6.85                11.09               11.10               22054.00            -2.576520           -49.465753          F 
150210                          2                   0.0001000           11656               980.69              11.89               13.58               3155690.00          45                  33.20               1.36                1.36                106816.00           -2.253113           -49.513615          F 
150030                          2                   0.0001000           11656               980.69              11.89               13.58               3155690.00          185                 11.35               16.30               16.33               36524.00            -0.263841           -50.727746          F 
150370                          2                   0.0001000           11656               980.69              11.89               13.58               3155690.00          326                 20.27               16.08               16.14               65229.00            -5.114819           -49.869663          F 
150178                          2                   0.0001000           11656               980.69              11.89               13.58               3155690.00          227                 14.37               15.79               15.83               46250.00            -3.733432           -49.370902          F 
150510                          2                   0.0001000           11656               980.69              11.89               13.58               3155690.00          2                   15.41               0.13                0.13                49582.00            -0.170427           -55.674947          F 
150770                          2                   0.0001000           11656               980.69              11.89               13.58               3155690.00          10                  6.12                1.63                1.63                19688.00            -1.434046           -49.680194          F 
150400                          2                   0.0001000           11656               980.69              11.89               13.58               3155690.00          0                   6.79                0                   0                   21847.00            -1.864288           -49.469256          F 
130050                          2                   0.0001000           11656               980.69              11.89               13.58               3155690.00          3                   8.41                0.36                0.36                27069.00            -3.129157           -57.172390          F 
150070                          2                   0.0001000           11656               980.69              11.89               13.58               3155690.00          665                 6.62                100.43              101.20              21307.00            -0.827103           -49.962044          F 
150420                          2                   0.0001000           11656               980.69              11.89               13.58               3155690.00          371                 62.40               5.95                5.97                200801.00           -5.629796           -50.017016          F 
150553                          2                   0.0001000           11656               980.69              11.89               13.58               3155690.00          93                  29.59               3.14                3.14                95225.00            -6.155342           -50.496123          F 
160053                          2                   0.0001000           11656               980.69              11.89               13.58               3155690.00          376                 4.76                78.93               79.27               15328.00            0.587711            -51.673569          F 
150808                          2                   0.0001000           11656               980.69              11.89               13.58               3155690.00          30                  6.47                4.64                4.64                20826.00            -6.820174           -51.391396          F 
150470                          2                   0.0001000           11656               980.69              11.89               13.58               3155690.00          2                   19.34               0.10                0.10                62223.00            -2.683914           -49.073983          F 
150730                          2                   0.0001000           11656               980.69              11.89               13.58               3155690.00          37                  12.99               2.85                2.85                41813.00            -7.233186           -52.252675          F 
150330                          2                   0.0001000           11656               980.69              11.89               13.58               3155690.00          23                  18.82               1.22                1.22                60558.00            -2.062684           -49.130853          F 
150380                          2                   0.0001000           11656               980.69              11.89               13.58               3155690.00          160                 15.03               10.64               10.66               48368.00            -4.598468           -49.181178          F 
160027                          2                   0.0001000           11656               980.69              11.89               13.58               3155690.00          66                  11.56               5.71                5.71                37194.00            1.096940            -53.306000          F 
150360                          2                   0.0001000           11656               980.69              11.89               13.58               3155690.00          344                 29.99               11.47               11.51               96515.00            -5.871333           -56.496545          F 
150309                          2                   0.0001000           11656               980.69              11.89               13.58               3155690.00          301                 9.72                30.95               31.06               31293.00            -4.027408           -49.005681          F 
150490                          2                   0.0001000           11656               980.69              11.89               13.58               3155690.00          1                   8.63                0.12                0.12                27758.00            -1.355540           -49.309395          F 
150497                          2                   0.0001000           11656               980.69              11.89               13.58               3155690.00          30                  4.46                6.73                6.73                14348.00            -4.980996           -49.230674          F 
160015                          2                   0.0001000           11656               980.69              11.89               13.58               3155690.00          187                 1.83                102.11              102.33              5893.00             1.157828            -52.523712          F 
150795                          2                   0.0001000           11656               980.69              11.89               13.58               3155690.00          1526                16.71               91.35               92.97               53755.00            -2.907824           -48.736640          F 
130068                          2                   0.0001000           11656               980.69              11.89               13.58               3155690.00          5                   3.92                1.28                1.28                12617.00            -3.138082           -57.669942          F 
160030                          2                   0.0001000           11656               980.69              11.89               13.58               3155690.00          1439                114.48              12.57               12.77               368367.00           0.554818            -50.700863          F 
160025                          2                   0.0001000           11656               980.69              11.89               13.58               3155690.00          8                   1.26                6.34                6.34                4062.00             0.532233            -50.651554          F 
160023                          2                   0.0001000           11656               980.69              11.89               13.58               3155690.00          66                  1.39                47.64               47.67               4458.00             0.958713            -51.419182          F 
210632                          3                   0.0001000           741                 17.73               41.79               42.15               57052.00            418                 5.27                79.26               79.64               16971.00            -1.982063           -45.992607          F 
210565                          3                   0.0001000           741                 17.73               41.79               42.15               57052.00            55                  2.02                27.29               27.31               6484.00             -1.917746           -46.115749          F 
210467                          3                   0.0001000           741                 17.73               41.79               42.15               57052.00            268                 10.44               25.67               25.74               33597.00            -2.061555           -45.818133          F 
210690                          4                   0.0001000           98                  11.96               8.19                8.20                57593.00            32                  5.51                5.80                5.80                26546.00            -3.479863           -45.320156          F 
210830                          4                   0.0001000           98                  11.96               8.19                8.20                57593.00            66                  6.45                10.23               10.24               31047.00            -3.251174           -45.285441          F 
510270                          5                   0.0001000           35                  1.93                18.17               18.18               19329.00            35                  1.93                18.17               18.18               19329.00            -13.331224          -52.398800          F 
210095                          6                   0.8313              16                  4.17                3.84                3.84                26827.00            16                  4.17                3.84                3.84                26827.00            -5.060040           -45.954318          F 
