140005                          1                   0.0001000           6740                407.24              16.55               27.49               7629199.00          13                  0.86                15.06               15.07               16176.00            3.078187            -62.755259          F 
140002                          1                   0.0001000           6740                407.24              16.55               27.49               7629199.00          0                   0.59                0                   0                   11006.00            3.732874            -62.436863          F 
140028                          1                   0.0001000           6740                407.24              16.55               27.49               7629199.00          21                  0.55                38.12               38.17               10320.00            2.186649            -62.468913          F 
140030                          1                   0.0001000           6740                407.24              16.55               27.49               7629199.00          42                  0.87                48.04               48.16               16380.00            2.510145            -61.983632          F 
140010                          1                   0.0001000           6740                407.24              16.55               27.49               7629199.00          366                 17.12               21.38               21.85               320714.00           3.117964            -60.717850          F 
140045                          1                   0.0001000           6740                407.24              16.55               27.49               7629199.00          4                   0.64                6.29                6.29                11908.00            4.168751            -60.839425          F 
140017                          1                   0.0001000           6740                407.24              16.55               27.49               7629199.00          4                   0.86                4.64                4.64                16149.00            2.272838            -60.542067          F 
140020                          1                   0.0001000           6740                407.24              16.55               27.49               7629199.00          9                   1.08                8.32                8.33                20261.00            0.990862            -61.471950          F 
140015                          1                   0.0001000           6740                407.24              16.55               27.49               7629199.00          1                   0.63                1.60                1.60                11739.00            2.787148            -60.100125          F 
140040                          1                   0.0001000           6740                407.24              16.55               27.49               7629199.00          0                   0.54                0                   0                   10148.00            3.878942            -60.064912          F 
140070                          1                   0.0001000           6740                407.24              16.55               27.49               7629199.00          2                   0.51                3.95                3.95                9488.00             4.683843            -60.280731          F 
140060                          1                   0.0001000           6740                407.24              16.55               27.49               7629199.00          17                  0.40                43.00               43.04               7407.00             0.884349            -60.151701          F 
140047                          1                   0.0001000           6740                407.24              16.55               27.49               7629199.00          61                  1.46                41.88               42.03               27288.00            0.0378310           -61.010414          F 
130040                          1                   0.0001000           6740                407.24              16.55               27.49               7629199.00          0                   1.46                0                   0                   27433.00            -0.465180           -63.434588          F 
140050                          1                   0.0001000           6740                407.24              16.55               27.49               7629199.00          23                  0.40                57.33               57.41               7516.00             0.635650            -59.844809          F 
140023                          1                   0.0001000           6740                407.24              16.55               27.49               7629199.00          6                   0.49                12.26               12.27               9165.00             0.914772            -59.338066          F 
130360                          1                   0.0001000           6740                407.24              16.55               27.49               7629199.00          43                  1.20                35.96               36.05               22404.00            -0.318566           -65.522058          F 
130320                          1                   0.0001000           6740                407.24              16.55               27.49               7629199.00          13                  0.94                13.78               13.79               17671.00            -2.046996           -61.701836          F 
130353                          1                   0.0001000           6740                407.24              16.55               27.49               7629199.00          12                  1.75                6.85                6.86                32812.00            -1.372564           -59.988741          F 
130430                          1                   0.0001000           6740                407.24              16.55               27.49               7629199.00          18                  0.92                19.65               19.67               17163.00            -0.893871           -59.029898          F 
130380                          1                   0.0001000           6740                407.24              16.55               27.49               7629199.00          13                  2.30                5.65                5.66                43094.00            0.374453            -67.997697          F 
130280                          1                   0.0001000           6740                407.24              16.55               27.49               7629199.00          4                   0.98                4.07                4.07                18423.00            -2.428415           -65.038109          F 
130083                          1                   0.0001000           6740                407.24              16.55               27.49               7629199.00          1                   0.66                1.51                1.51                12420.00            -3.081969           -61.877491          F 
130260                          1                   0.0001000           6740                407.24              16.55               27.49               7629199.00          865                 109.84              7.88                8.26                2057711.00          -2.626021           -60.259483          F 
150530                          1                   0.0001000           6740                407.24              16.55               27.49               7629199.00          1                   3.68                0.27                0.27                69024.00            0.255032            -57.149736          F 
130130                          1                   0.0001000           6740                407.24              16.55               27.49               7629199.00          6                   1.43                4.20                4.20                26777.00            -3.289026           -62.972665          F 
130356                          1                   0.0001000           6740                407.24              16.55               27.49               7629199.00          26                  1.63                15.95               15.98               30530.00            -2.529891           -59.638156          F 
130395                          1                   0.0001000           6740                407.24              16.55               27.49               7629199.00          10                  0.68                14.66               14.67               12781.00            -1.946118           -58.702338          F 
150300                          1                   0.0001000           6740                407.24              16.55               27.49               7629199.00          0                   0.39                0                   0                   7333.00             -1.158833           -57.806300          F 
130185                          1                   0.0001000           6740                407.24              16.55               27.49               7629199.00          16                  2.45                6.52                6.52                45984.00            -3.095148           -60.480667          F 
130250                          1                   0.0001000           6740                407.24              16.55               27.49               7629199.00          46                  5.03                9.15                9.17                94175.00            -3.291606           -60.958222          F 
130160                          1                   0.0001000           6740                407.24              16.55               27.49               7629199.00          17                  1.11                15.35               15.37               20742.00            -2.492180           -66.358452          F 
130008                          1                   0.0001000           6740                407.24              16.55               27.49               7629199.00          20                  0.66                30.41               30.45               12320.00            -3.502503           -61.716696          F 
130426                          1                   0.0001000           6740                407.24              16.55               27.49               7629199.00          20                  0.70                28.56               28.59               13121.00            -3.167038           -65.411879          F 
130200                          1                   0.0001000           6740                407.24              16.55               27.49               7629199.00          3                   0.48                6.28                6.28                8953.00             -2.498704           -58.619577          F 
130300                          1                   0.0001000           6740                407.24              16.55               27.49               7629199.00          1                   1.09                0.92                0.92                20358.00            -1.680483           -57.656536          F 
130115                          1                   0.0001000           6740                407.24              16.55               27.49               7629199.00          11                  1.49                7.36                7.37                27981.00            -3.286228           -59.599493          F 
130255                          1                   0.0001000           6740                407.24              16.55               27.49               7629199.00          9                   1.52                5.93                5.94                28413.00            -3.779354           -60.697327          F 
130002                          1                   0.0001000           6740                407.24              16.55               27.49               7629199.00          60                  0.83                72.31               72.57               15545.00            -3.701122           -65.330652          F 
130400                          1                   0.0001000           6740                407.24              16.55               27.49               7629199.00          2                   0.48                4.13                4.13                9081.00             -2.822093           -58.536128          F 
130010                          1                   0.0001000           6740                407.24              16.55               27.49               7629199.00          2                   1.03                1.94                1.94                19292.00            -4.186645           -62.073001          F 
130110                          1                   0.0001000           6740                407.24              16.55               27.49               7629199.00          85                  1.94                43.70               43.93               36435.00            -3.770658           -60.183093          F 
130210                          1                   0.0001000           6740                407.24              16.55               27.49               7629199.00          7                   0.27                25.59               25.60               5125.00             -1.698117           -68.320288          F 
130190                          1                   0.0001000           6740                407.24              16.55               27.49               7629199.00          7                   5.18                1.35                1.35                97122.00            -3.174662           -58.777136          F 
130220                          1                   0.0001000           6740                407.24              16.55               27.49               7629199.00          15                  0.70                21.29               21.31               13198.00            -3.524623           -66.306825          F 
130030                          1                   0.0001000           6740                407.24              16.55               27.49               7629199.00          20                  1.98                10.12               10.13               37033.00            -3.788879           -59.528635          F 
130120                          1                   0.0001000           6740                407.24              16.55               27.49               7629199.00          19                  4.43                4.28                4.29                83078.00            -4.437162           -64.124619          F 
130423                          1                   0.0001000           6740                407.24              16.55               27.49               7629199.00          4                   0.99                4.06                4.06                18478.00            -2.691643           -67.827923          F 
130440                          1                   0.0001000           6740                407.24              16.55               27.49               7629199.00          2                   1.13                1.77                1.77                21140.00            -2.812240           -57.770143          F 
130063                          1                   0.0001000           6740                407.24              16.55               27.49               7629199.00          5                   0.97                5.15                5.16                18171.00            -4.603475           -61.787364          F 
150510                          1                   0.0001000           6740                407.24              16.55               27.49               7629199.00          0                   2.69                0                   0                   50459.00            -0.170427           -55.674947          F 
130068                          1                   0.0001000           6740                407.24              16.55               27.49               7629199.00          6                   0.94                6.36                6.36                17668.00            -3.138082           -57.669942          F 
130420                          1                   0.0001000           6740                407.24              16.55               27.49               7629199.00          417                 3.33                125.10              128.36              62444.00            -4.468383           -65.529278          F 
150797                          1                   0.0001000           6740                407.24              16.55               27.49               7629199.00          0                   0.96                0                   0                   17946.00            -1.952134           -56.458364          F 
130310                          1                   0.0001000           6740                407.24              16.55               27.49               7629199.00          22                  1.88                11.72               11.74               35156.00            -3.988364           -58.601783          F 
130340                          1                   0.0001000           6740                407.24              16.55               27.49               7629199.00          57                  5.96                9.57                9.60                111575.00           -2.688407           -56.854026          F 
130050                          1                   0.0001000           6740                407.24              16.55               27.49               7629199.00          5                   1.64                3.06                3.06                30658.00            -3.129157           -57.172390          F 
150040                          1                   0.0001000           6740                407.24              16.55               27.49               7629199.00          4                   2.92                1.37                1.37                54662.00            -0.536230           -55.069883          F 
130006                          1                   0.0001000           6740                407.24              16.55               27.49               7629199.00          19                  0.58                32.81               32.85               10847.00            -3.418321           -68.287308          F 
130080                          1                   0.0001000           6740                407.24              16.55               27.49               7629199.00          3                   2.10                1.43                1.43                39292.00            -4.957034           -59.534428          F 
150390                          1                   0.0001000           6740                407.24              16.55               27.49               7629199.00          0                   2.88                0                   0                   53989.00            -2.622585           -56.221232          F 
130370                          1                   0.0001000           6740                407.24              16.55               27.49               7629199.00          30                  1.26                23.73               23.77               23688.00            -3.051175           -69.087897          F 
150285                          1                   0.0001000           6740                407.24              16.55               27.49               7629199.00          0                   0.72                0                   0                   13562.00            -1.845743           -55.113264          F 
150050                          1                   0.0001000           6740                407.24              16.55               27.49               7629199.00          0                   1.78                0                   0                   33372.00            0.284350            -53.893460          F 
130290                          1                   0.0001000           6740                407.24              16.55               27.49               7629199.00          1                   3.20                0.31                0.31                59983.00            -4.984990           -58.060916          F 
150480                          1                   0.0001000           6740                407.24              16.55               27.49               7629199.00          6                   3.01                2.00                2.00                56312.00            -1.119762           -54.365806          F 
130100                          1                   0.0001000           6740                407.24              16.55               27.49               7629199.00          11                  1.49                7.39                7.40                27880.00            -5.118832           -67.337382          F 
130410                          1                   0.0001000           6740                407.24              16.55               27.49               7629199.00          10                  0.97                10.32               10.33               18152.00            -6.104509           -64.893865          F 
150100                          1                   0.0001000           6740                407.24              16.55               27.49               7629199.00          1                   0.85                1.17                1.17                15953.00            -3.667209           -56.016450          F 
130230                          1                   0.0001000           6740                407.24              16.55               27.49               7629199.00          9                   0.89                10.17               10.17               16585.00            -4.713108           -68.403854          F 
130270                          1                   0.0001000           6740                407.24              16.55               27.49               7629199.00          38                  2.83                13.42               13.45               53053.00            -6.459804           -61.446481          F 
150680                          1                   0.0001000           6740                407.24              16.55               27.49               7629199.00          37                  15.61               2.37                2.37                292520.00           -2.764647           -55.093854          F 
160027                          1                   0.0001000           6740                407.24              16.55               27.49               7629199.00          32                  2.44                13.11               13.14               45712.00            1.096940            -53.306000          F 
130406                          1                   0.0001000           6740                407.24              16.55               27.49               7629199.00          158                 3.26                48.50               48.97               61028.00            -4.027765           -69.681346          F 
150145                          1                   0.0001000           6740                407.24              16.55               27.49               7629199.00          1                   0.91                1.10                1.10                17036.00            -3.191161           -54.992826          F 
130390                          1                   0.0001000           6740                407.24              16.55               27.49               7629199.00          50                  1.95                25.64               25.71               36536.00            -4.497836           -69.450565          F 
130330                          1                   0.0001000           6740                407.24              16.55               27.49               7629199.00          10                  1.30                7.70                7.71                24315.00            -6.825051           -60.477192          F 
160015                          1                   0.0001000           6740                407.24              16.55               27.49               7629199.00          0                   0.75                0                   0                   13988.00            1.157828            -52.523712          F 
130170                          1                   0.0001000           6740                407.24              16.55               27.49               7629199.00          74                  2.74                27.02               27.14               51302.00            -7.362897           -62.485394          F 
150600                          1                   0.0001000           6740                407.24              16.55               27.49               7629199.00          0                   1.56                0                   0                   29200.00            -2.120276           -53.660235          F 
150619                          1                   0.0001000           6740                407.24              16.55               27.49               7629199.00          8                   2.50                3.20                3.20                46804.00            -4.241022           -55.210827          F 
130090                          1                   0.0001000           6740                407.24              16.55               27.49               7629199.00          7                   0.81                8.67                8.67                15130.00            -7.403346           -64.096665          F 
160005                          1                   0.0001000           6740                407.24              16.55               27.49               7629199.00          85                  0.26                322.47              324.16              4938.00             1.649528            -52.270468          F 
150805                          1                   0.0001000           6740                407.24              16.55               27.49               7629199.00          17                  0.97                17.61               17.63               18084.00            -5.130084           -56.003417          F 
150565                          1                   0.0001000           6740                407.24              16.55               27.49               7629199.00          1                   1.52                0.66                0.66                28533.00            -3.889977           -54.500599          F 
160050                          1                   0.0001000           6740                407.24              16.55               27.49               7629199.00          21                  1.30                16.21               16.23               24263.00            3.088524            -51.904801          F 
150360                          1                   0.0001000           6740                407.24              16.55               27.49               7629199.00          38                  5.26                7.23                7.25                98446.00            -5.871333           -56.496545          F 
130195                          1                   0.0001000           6740                407.24              16.55               27.49               7629199.00          4                   0.44                9.16                9.16                8179.00             -6.682874           -68.114036          F 
150815                          1                   0.0001000           6740                407.24              16.55               27.49               7629199.00          3                   2.37                1.26                1.26                44486.00            -3.583648           -53.807296          F 
160040                          1                   0.0001000           6740                407.24              16.55               27.49               7629199.00          32                  1.04                30.63               30.69               19571.00            -0.0730322          -51.943908          F 
130014                          1                   0.0001000           6740                407.24              16.55               27.49               7629199.00          33                  1.10                29.94               30.00               20648.00            -7.759871           -59.431439          F 
130060                          1                   0.0001000           6740                407.24              16.55               27.49               7629199.00          201                 2.11                95.37               96.54               39484.00            -5.429327           -70.278296          F 
160053                          1                   0.0001000           6740                407.24              16.55               27.49               7629199.00          206                 1.05                196.21              198.70              19669.00            0.587711            -51.673569          F 
160020                          1                   0.0001000           6740                407.24              16.55               27.49               7629199.00          26                  0.54                47.93               48.00               10163.00            2.430849            -51.404322          F 
150445                          1                   0.0001000           6740                407.24              16.55               27.49               7629199.00          3                   1.60                1.88                1.88                29887.00            -3.160218           -53.194916          F 
160080                          1                   0.0001000           6740                407.24              16.55               27.49               7629199.00          0                   0.77                0                   0                   14364.00            -0.997903           -52.061167          F 
150590                          1                   0.0001000           6740                407.24              16.55               27.49               7629199.00          0                   2.05                0                   0                   38471.00            -2.184494           -52.547960          F 
160023                          1                   0.0001000           6740                407.24              16.55               27.49               7629199.00          17                  0.37                46.15               46.20               6901.00             0.958713            -51.419182          F 
160055                          1                   0.0001000           6740                407.24              16.55               27.49               7629199.00          3                   0.24                12.40               12.41               4531.00             1.625299            -51.277065          F 
160060                          1                   0.0001000           6740                407.24              16.55               27.49               7629199.00          418                 5.99                69.78               71.59               112218.00           0.128476            -51.379449          F 
150375                          1                   0.0001000           6740                407.24              16.55               27.49               7629199.00          143                 2.21                64.57               65.13               41490.00            -7.445178           -57.302829          F 
130240                          1                   0.0001000           6740                407.24              16.55               27.49               7629199.00          127                 2.31                54.99               55.42               43263.00            -8.375880           -65.812244          F 
160070                          1                   0.0001000           6740                407.24              16.55               27.49               7629199.00          90                  0.81                110.84              111.45              15212.00            1.294034            -50.985687          F 
150172                          1                   0.0001000           6740                407.24              16.55               27.49               7629199.00          0                   0.80                0                   0                   14984.00            -3.292151           -52.685423          F 
150310                          1                   0.0001000           6740                407.24              16.55               27.49               7629199.00          0                   1.69                0                   0                   31623.00            -1.151921           -51.555276          F 
110080                          1                   0.0001000           6740                407.24              16.55               27.49               7629199.00          61                  1.29                47.31               47.48               24155.00            -8.887011           -63.325581          F 
130350                          1                   0.0001000           6740                407.24              16.55               27.49               7629199.00          0                   1.03                0                   0                   19378.00            -7.757795           -68.197229          F 
160010                          1                   0.0001000           6740                407.24              16.55               27.49               7629199.00          13                  0.46                28.25               28.27               8622.00             1.764026            -50.581371          F 
110094                          1                   0.0001000           6740                407.24              16.55               27.49               7629199.00          18                  1.12                16.08               16.09               20974.00            -9.170974           -62.565037          F 
110110                          1                   0.0001000           6740                407.24              16.55               27.49               7629199.00          0                   0.53                0                   0                   9995.00             -9.170195           -63.044988          F 
110013                          1                   0.0001000           6740                407.24              16.55               27.49               7629199.00          15                  1.98                7.56                7.57                37167.00            -9.204070           -62.010294          F 
160030                          1                   0.0001000           6740                407.24              16.55               27.49               7629199.00          966                 24.35               39.67               42.10               456171.00           0.554818            -50.700863          F 
110020                          1                   0.0001000           6740                407.24              16.55               27.49               7629199.00          140                 26.84               5.22                5.25                502748.00           -9.153039           -64.305489          F 
160025                          1                   0.0001000           6740                407.24              16.55               27.49               7629199.00          0                   0.26                0                   0                   4949.00             0.532233            -50.651554          F 
160021                          1                   0.0001000           6740                407.24              16.55               27.49               7629199.00          3                   0.29                10.39               10.40               5407.00             1.030315            -50.483699          F 
150835                          1                   0.0001000           6740                407.24              16.55               27.49               7629199.00          0                   0.77                0                   0                   14407.00            -3.141047           -51.973342          F 
150030                          1                   0.0001000           6740                407.24              16.55               27.49               7629199.00          188                 2.00                94.17               95.26               37398.00            -0.263841           -50.727746          F 
130140                          1                   0.0001000           6740                407.24              16.55               27.49               7629199.00          37                  1.82                20.37               20.42               34025.00            -7.022778           -70.222033          F 
150450                          1                   0.0001000           6740                407.24              16.55               27.49               7629199.00          2                   1.41                1.42                1.42                26397.00            -1.607856           -51.104066          F 
130020                          1                   0.0001000           6740                407.24              16.55               27.49               7629199.00          29                  0.97                29.96               30.01               18133.00            -5.711940           -71.742673          F 
510325                          1                   0.0001000           6740                407.24              16.55               27.49               7629199.00          1                   1.79                0.56                0.56                33575.00            -9.292283           -60.305531          F 
110026                          1                   0.0001000           6740                407.24              16.55               27.49               7629199.00          2                   0.20                9.99                9.99                3750.00             -9.645106           -62.790311          F 
110040                          1                   0.0001000           6740                407.24              16.55               27.49               7629199.00          16                  1.08                14.83               14.84               20210.00            -9.649274           -63.394283          F 
510080                          1                   0.0001000           6740                407.24              16.55               27.49               7629199.00          2                   0.50                3.99                3.99                9400.00             -8.753341           -57.827599          F 
150180                          1                   0.0001000           6740                407.24              16.55               27.49               7629199.00          96                  5.24                18.31               18.41               98231.00            -1.121333           -50.628584          F 
110175                          1                   0.0001000           6740                407.24              16.55               27.49               7629199.00          33                  0.58                57.02               57.13               10843.00            -9.732685           -61.939355          F 
130150                          1                   0.0001000           6740                407.24              16.55               27.49               7629199.00          15                  1.00                14.96               14.97               18786.00            -7.573750           -70.054927          F 
130070                          1                   0.0001000           6740                407.24              16.55               27.49               7629199.00          189                 1.79                105.70              106.92              33498.00            -8.772979           -68.047540          F 
110002                          1                   0.0001000           6740                407.24              16.55               27.49               7629199.00          59                  5.57                10.59               10.62               104401.00           -9.951979           -62.957373          F 
150060                          1                   0.0001000           6740                407.24              16.55               27.49               7629199.00          6                   5.79                1.04                1.04                108382.00           -6.486303           -53.886671          F 
150580                          1                   0.0001000           6740                407.24              16.55               27.49               7629199.00          1                   3.11                0.32                0.32                58282.00            -2.565541           -50.955536          F 
150780                          1                   0.0001000           6740                407.24              16.55               27.49               7629199.00          0                   0.63                0                   0                   11827.00            -4.171559           -51.773388          F 
110045                          1                   0.0001000           6740                407.24              16.55               27.49               7629199.00          236                 2.02                116.84              118.54              37838.00            -10.052159          -63.941154          F 
110160                          1                   0.0001000           6740                407.24              16.55               27.49               7629199.00          8                   0.61                13.21               13.21               11347.00            -10.121814          -62.342289          F 
150503                          1                   0.0001000           6740                407.24              16.55               27.49               7629199.00          78                  1.34                58.14               58.41               25135.00            -8.062463           -55.612052          F 
510337                          1                   0.0001000           6740                407.24              16.55               27.49               7629199.00          0                   0.95                0                   0                   17716.00            -9.536841           -58.677801          F 
150250                          1                   0.0001000           6740                407.24              16.55               27.49               7629199.00          8                   1.20                6.64                6.64                22566.00            -0.0296229          -49.829440          F 
110140                          1                   0.0001000           6740                407.24              16.55               27.49               7629199.00          6                   0.85                7.08                7.08                15873.00            -10.210793          -63.372281          F 
150070                          1                   0.0001000           6740                407.24              16.55               27.49               7629199.00          25                  1.47                17.01               17.03               27540.00            -0.827103           -49.962044          F 
110060                          1                   0.0001000           6740                407.24              16.55               27.49               7629199.00          1                   0.34                2.94                2.94                6367.00             -10.331685          -62.987180          F 
130180                          1                   0.0001000           6740                407.24              16.55               27.49               7629199.00          22                  1.43                15.34               15.36               26860.00            -7.181162           -71.415929          F 
150085                          1                   0.0001000           6740                407.24              16.55               27.49               7629199.00          0                   1.36                0                   0                   25414.00            -3.997294           -51.301209          F 
110180                          1                   0.0001000           6740                407.24              16.55               27.49               7629199.00          28                  0.44                63.73               63.84               8231.00             -10.384134          -62.093876          F 
150543                          2                   0.0001000           141                 3.63                38.80               39.13               68084.00            79                  1.64                48.09               48.32               30776.00            -7.525492           -51.432537          F 
150808                          2                   0.0001000           141                 3.63                38.80               39.13               68084.00            62                  1.99                31.13               31.25               37308.00            -6.820174           -51.391396          F 
150506                          3                   0.0001000           208                 14.66               14.19               14.36               274577.00           29                  3.78                7.67                7.68                70835.00            -4.502833           -50.271560          F 
150370                          3                   0.0001000           208                 14.66               14.19               14.36               274577.00           1                   2.76                0.36                0.36                51775.00            -5.114819           -49.869663          F 
150810                          3                   0.0001000           208                 14.66               14.19               14.36               274577.00           102                 5.72                17.83               17.93               107189.00           -3.855790           -49.820813          F 
150548                          3                   0.0001000           208                 14.66               14.19               14.36               274577.00           76                  2.39                31.80               31.94               44778.00            -3.684058           -50.631545          F 
210632                          4                   0.0001000           45                  2.62                17.17               17.22               49363.00            28                  1.11                25.34               25.38               20815.00            -1.982063           -45.992607          F 
210565                          4                   0.0001000           45                  2.62                17.17               17.22               49363.00            2                   0.18                10.98               10.98               3431.00             -1.917746           -46.115749          F 
210467                          4                   0.0001000           45                  2.62                17.17               17.22               49363.00            15                  1.33                11.25               11.26               25117.00            -2.061555           -45.818133          F 
210087                          5                   0.1423              9                   0.95                9.52                9.53                35411.00            0                   0.40                0                   0                   15018.00            -3.079638           -45.787376          F 
210735                          5                   0.1423              9                   0.95                9.52                9.53                35411.00            9                   0.54                16.54               16.54               20393.00            -2.896221           -45.955324          F 
