140023                          1                   0.0001000           10305               642.61              16.04               25.69               7631172.00          10                  0.84                11.93               11.94               9950.00             0.914772            -59.338066          F 
140050                          1                   0.0001000           10305               642.61              16.04               25.69               7631172.00          42                  0.68                61.94               62.04               8052.00             0.635650            -59.844809          F 
140060                          1                   0.0001000           10305               642.61              16.04               25.69               7631172.00          45                  0.66                67.99               68.10               7860.00             0.884349            -60.151701          F 
140017                          1                   0.0001000           10305               642.61              16.04               25.69               7631172.00          20                  1.50                13.29               13.30               17868.00            2.272838            -60.542067          F 
130430                          1                   0.0001000           10305               642.61              16.04               25.69               7631172.00          25                  1.38                18.12               18.14               16383.00            -0.893871           -59.029898          F 
140047                          1                   0.0001000           10305               642.61              16.04               25.69               7631172.00          120                 2.49                48.25               48.47               29533.00            0.0378310           -61.010414          F 
140015                          1                   0.0001000           10305               642.61              16.04               25.69               7631172.00          10                  1.03                9.69                9.69                12257.00            2.787148            -60.100125          F 
140020                          1                   0.0001000           10305               642.61              16.04               25.69               7631172.00          23                  1.82                12.67               12.68               21564.00            0.990862            -61.471950          F 
150530                          1                   0.0001000           10305               642.61              16.04               25.69               7631172.00          0                   6.08                0                   0                   72160.00            0.255032            -57.149736          F 
130353                          1                   0.0001000           10305               642.61              16.04               25.69               7631172.00          174                 2.98                58.45               58.83               35352.00            -1.372564           -59.988741          F 
150300                          1                   0.0001000           10305               642.61              16.04               25.69               7631172.00          0                   0.62                0                   0                   7319.00             -1.158833           -57.806300          F 
140010                          1                   0.0001000           10305               642.61              16.04               25.69               7631172.00          1570                31.61               49.67               52.75               375374.00           3.117964            -60.717850          F 
130395                          1                   0.0001000           10305               642.61              16.04               25.69               7631172.00          4                   1.15                3.47                3.47                13685.00            -1.946118           -58.702338          F 
140040                          1                   0.0001000           10305               642.61              16.04               25.69               7631172.00          0                   0.93                0                   0                   11045.00            3.878942            -60.064912          F 
140030                          1                   0.0001000           10305               642.61              16.04               25.69               7631172.00          80                  1.48                54.20               54.36               17528.00            2.510145            -61.983632          F 
130300                          1                   0.0001000           10305               642.61              16.04               25.69               7631172.00          1                   1.76                0.57                0.57                20899.00            -1.680483           -57.656536          F 
140028                          1                   0.0001000           10305               642.61              16.04               25.69               7631172.00          69                  0.98                70.64               70.82               11600.00            2.186649            -62.468913          F 
130356                          1                   0.0001000           10305               642.61              16.04               25.69               7631172.00          76                  2.74                27.70               27.78               32577.00            -2.529891           -59.638156          F 
130200                          1                   0.0001000           10305               642.61              16.04               25.69               7631172.00          48                  0.76                62.89               63.00               9064.00             -2.498704           -58.619577          F 
140045                          1                   0.0001000           10305               642.61              16.04               25.69               7631172.00          11                  1.31                8.38                8.39                15580.00            4.168751            -60.839425          F 
130260                          1                   0.0001000           10305               642.61              16.04               25.69               7631172.00          993                 180.67              5.50                5.67                2145444.00          -2.626021           -60.259483          F 
130320                          1                   0.0001000           10305               642.61              16.04               25.69               7631172.00          34                  1.60                21.28               21.31               18974.00            -2.046996           -61.701836          F 
150510                          1                   0.0001000           10305               642.61              16.04               25.69               7631172.00          1                   4.38                0.23                0.23                51964.00            -0.170427           -55.674947          F 
130400                          1                   0.0001000           10305               642.61              16.04               25.69               7631172.00          5                   0.77                6.52                6.52                9110.00             -2.822093           -58.536128          F 
140070                          1                   0.0001000           10305               642.61              16.04               25.69               7631172.00          21                  0.87                24.15               24.17               10325.00            4.683843            -60.280731          F 
140005                          1                   0.0001000           10305               642.61              16.04               25.69               7631172.00          36                  1.32                27.34               27.37               15638.00            3.078187            -62.755259          F 
130440                          1                   0.0001000           10305               642.61              16.04               25.69               7631172.00          3                   1.90                1.58                1.58                22537.00            -2.812240           -57.770143          F 
150797                          1                   0.0001000           10305               642.61              16.04               25.69               7631172.00          0                   1.57                0                   0                   18619.00            -1.952134           -56.458364          F 
130190                          1                   0.0001000           10305               642.61              16.04               25.69               7631172.00          35                  8.42                4.16                4.16                99955.00            -3.174662           -58.777136          F 
130185                          1                   0.0001000           10305               642.61              16.04               25.69               7631172.00          36                  4.01                8.99                9.00                47571.00            -3.095148           -60.480667          F 
140002                          1                   0.0001000           10305               642.61              16.04               25.69               7631172.00          1                   1.04                0.96                0.96                12394.00            3.732874            -62.436863          F 
130115                          1                   0.0001000           10305               642.61              16.04               25.69               7631172.00          6                   2.49                2.41                2.41                29595.00            -3.286228           -59.599493          F 
130040                          1                   0.0001000           10305               642.61              16.04               25.69               7631172.00          30                  2.30                13.02               13.03               27364.00            -0.465180           -63.434588          F 
130340                          1                   0.0001000           10305               642.61              16.04               25.69               7631172.00          35                  9.53                3.67                3.68                113168.00           -2.688407           -56.854026          F 
130068                          1                   0.0001000           10305               642.61              16.04               25.69               7631172.00          6                   1.58                3.79                3.79                18781.00            -3.138082           -57.669942          F 
130250                          1                   0.0001000           10305               642.61              16.04               25.69               7631172.00          93                  8.10                11.48               11.51               96236.00            -3.291606           -60.958222          F 
150040                          1                   0.0001000           10305               642.61              16.04               25.69               7631172.00          2                   4.76                0.42                0.42                56480.00            -0.536230           -55.069883          F 
130050                          1                   0.0001000           10305               642.61              16.04               25.69               7631172.00          2                   2.66                0.75                0.75                31593.00            -3.129157           -57.172390          F 
130030                          1                   0.0001000           10305               642.61              16.04               25.69               7631172.00          30                  3.27                9.17                9.18                38830.00            -3.788879           -59.528635          F 
150390                          1                   0.0001000           10305               642.61              16.04               25.69               7631172.00          3                   4.79                0.63                0.63                56908.00            -2.622585           -56.221232          F 
130083                          1                   0.0001000           10305               642.61              16.04               25.69               7631172.00          2                   1.08                1.84                1.84                12877.00            -3.081969           -61.877491          F 
130110                          1                   0.0001000           10305               642.61              16.04               25.69               7631172.00          72                  3.15                22.87               22.93               37384.00            -3.770658           -60.183093          F 
130255                          1                   0.0001000           10305               642.61              16.04               25.69               7631172.00          26                  2.62                9.91                9.92                31147.00            -3.779354           -60.697327          F 
130310                          1                   0.0001000           10305               642.61              16.04               25.69               7631172.00          68                  3.09                21.99               22.04               36721.00            -3.988364           -58.601783          F 
130008                          1                   0.0001000           10305               642.61              16.04               25.69               7631172.00          5                   1.12                4.47                4.48                13269.00            -3.502503           -61.716696          F 
150285                          1                   0.0001000           10305               642.61              16.04               25.69               7631172.00          0                   1.20                0                   0                   14197.00            -1.845743           -55.113264          F 
150480                          1                   0.0001000           10305               642.61              16.04               25.69               7631172.00          2                   4.88                0.41                0.41                57900.00            -1.119762           -54.365806          F 
150050                          1                   0.0001000           10305               642.61              16.04               25.69               7631172.00          0                   2.88                0                   0                   34142.00            0.284350            -53.893460          F 
130130                          1                   0.0001000           10305               642.61              16.04               25.69               7631172.00          4                   2.37                1.69                1.69                28100.00            -3.289026           -62.972665          F 
150680                          1                   0.0001000           10305               642.61              16.04               25.69               7631172.00          33                  25.49               1.29                1.30                302667.00           -2.764647           -55.093854          F 
150100                          1                   0.0001000           10305               642.61              16.04               25.69               7631172.00          0                   1.38                0                   0                   16371.00            -3.667209           -56.016450          F 
130010                          1                   0.0001000           10305               642.61              16.04               25.69               7631172.00          0                   1.73                0                   0                   20538.00            -4.186645           -62.073001          F 
130080                          1                   0.0001000           10305               642.61              16.04               25.69               7631172.00          16                  3.42                4.68                4.69                40565.00            -4.957034           -59.534428          F 
150145                          1                   0.0001000           10305               642.61              16.04               25.69               7631172.00          2                   1.48                1.35                1.35                17624.00            -3.191161           -54.992826          F 
160027                          1                   0.0001000           10305               642.61              16.04               25.69               7631172.00          34                  4.16                8.17                8.17                49446.00            1.096940            -53.306000          F 
130290                          1                   0.0001000           10305               642.61              16.04               25.69               7631172.00          5                   5.28                0.95                0.95                62755.00            -4.984990           -58.060916          F 
130063                          1                   0.0001000           10305               642.61              16.04               25.69               7631172.00          2                   1.62                1.23                1.23                19258.00            -4.603475           -61.787364          F 
130360                          1                   0.0001000           10305               642.61              16.04               25.69               7631172.00          55                  2.06                26.73               26.78               24436.00            -0.318566           -65.522058          F 
150600                          1                   0.0001000           10305               642.61              16.04               25.69               7631172.00          2                   2.52                0.79                0.79                29886.00            -2.120276           -53.660235          F 
150619                          1                   0.0001000           10305               642.61              16.04               25.69               7631172.00          7                   4.17                1.68                1.68                49503.00            -4.241022           -55.210827          F 
130280                          1                   0.0001000           10305               642.61              16.04               25.69               7631172.00          7                   1.53                4.57                4.57                18186.00            -2.428415           -65.038109          F 
150565                          1                   0.0001000           10305               642.61              16.04               25.69               7631172.00          4                   2.55                1.57                1.57                30293.00            -3.889977           -54.500599          F 
160015                          1                   0.0001000           10305               642.61              16.04               25.69               7631172.00          54                  1.34                40.25               40.33               15931.00            1.157828            -52.523712          F 
150805                          1                   0.0001000           10305               642.61              16.04               25.69               7631172.00          19                  1.58                12.00               12.01               18807.00            -5.130084           -56.003417          F 
160005                          1                   0.0001000           10305               642.61              16.04               25.69               7631172.00          7                   0.45                15.67               15.67               5306.00             1.649528            -52.270468          F 
150815                          1                   0.0001000           10305               642.61              16.04               25.69               7631172.00          14                  3.83                3.65                3.65                45517.00            -3.583648           -53.807296          F 
130120                          1                   0.0001000           10305               642.61              16.04               25.69               7631172.00          40                  7.10                5.64                5.64                84272.00            -4.437162           -64.124619          F 
130426                          1                   0.0001000           10305               642.61              16.04               25.69               7631172.00          8                   1.13                7.10                7.10                13387.00            -3.167038           -65.411879          F 
150360                          1                   0.0001000           10305               642.61              16.04               25.69               7631172.00          50                  8.51                5.87                5.88                101097.00           -5.871333           -56.496545          F 
150445                          1                   0.0001000           10305               642.61              16.04               25.69               7631172.00          3                   2.63                1.14                1.14                31213.00            -3.160218           -53.194916          F 
160040                          1                   0.0001000           10305               642.61              16.04               25.69               7631172.00          185                 1.79                103.60              104.32              21206.00            -0.0730322          -51.943908          F 
150590                          1                   0.0001000           10305               642.61              16.04               25.69               7631172.00          2                   3.41                0.59                0.59                40458.00            -2.184494           -52.547960          F 
160080                          1                   0.0001000           10305               642.61              16.04               25.69               7631172.00          10                  1.31                7.61                7.61                15605.00            -0.997903           -52.061167          F 
130002                          1                   0.0001000           10305               642.61              16.04               25.69               7631172.00          30                  1.34                22.46               22.49               15860.00            -3.701122           -65.330652          F 
130270                          1                   0.0001000           10305               642.61              16.04               25.69               7631172.00          14                  4.62                3.03                3.03                54907.00            -6.459804           -61.446481          F 
160053                          1                   0.0001000           10305               642.61              16.04               25.69               7631172.00          188                 1.81                103.92              104.66              21484.00            0.587711            -51.673569          F 
160050                          1                   0.0001000           10305               642.61              16.04               25.69               7631172.00          12                  2.24                5.35                5.35                26627.00            3.088524            -51.904801          F 
130160                          1                   0.0001000           10305               642.61              16.04               25.69               7631172.00          8                   1.53                5.21                5.22                18221.00            -2.492180           -66.358452          F 
130330                          1                   0.0001000           10305               642.61              16.04               25.69               7631172.00          9                   2.13                4.23                4.24                25237.00            -6.825051           -60.477192          F 
150172                          1                   0.0001000           10305               642.61              16.04               25.69               7631172.00          1                   1.28                0.78                0.78                15190.00            -3.292151           -52.685423          F 
160023                          1                   0.0001000           10305               642.61              16.04               25.69               7631172.00          18                  0.64                28.16               28.18               7591.00             0.958713            -51.419182          F 
160060                          1                   0.0001000           10305               642.61              16.04               25.69               7631172.00          533                 10.07               52.92               53.99               119610.00           0.128476            -51.379449          F 
150310                          1                   0.0001000           10305               642.61              16.04               25.69               7631172.00          0                   2.78                0                   0                   32991.00            -1.151921           -51.555276          F 
160020                          1                   0.0001000           10305               642.61              16.04               25.69               7631172.00          7                   0.92                7.61                7.61                10926.00            2.430849            -51.404322          F 
160055                          1                   0.0001000           10305               642.61              16.04               25.69               7631172.00          0                   0.42                0                   0                   4993.00             1.625299            -51.277065          F 
130420                          1                   0.0001000           10305               642.61              16.04               25.69               7631172.00          212                 5.07                41.85               42.18               60154.00            -4.468383           -65.529278          F 
130220                          1                   0.0001000           10305               642.61              16.04               25.69               7631172.00          6                   1.21                4.98                4.98                14312.00            -3.524623           -66.306825          F 
160070                          1                   0.0001000           10305               642.61              16.04               25.69               7631172.00          12                  1.42                8.45                8.46                16855.00            1.294034            -50.985687          F 
150835                          1                   0.0001000           10305               642.61              16.04               25.69               7631172.00          4                   1.26                3.17                3.17                14987.00            -3.141047           -51.973342          F 
150375                          1                   0.0001000           10305               642.61              16.04               25.69               7631172.00          58                  0.75                77.40               77.57               8899.00             -7.445178           -57.302829          F 
150450                          1                   0.0001000           10305               642.61              16.04               25.69               7631172.00          12                  2.31                5.20                5.20                27415.00            -1.607856           -51.104066          F 
160030                          1                   0.0001000           10305               642.61              16.04               25.69               7631172.00          994                 41.57               23.91               24.81               493634.00           0.554818            -50.700863          F 
130014                          1                   0.0001000           10305               642.61              16.04               25.69               7631172.00          42                  1.82                23.11               23.14               21583.00            -7.759871           -59.431439          F 
130380                          1                   0.0001000           10305               642.61              16.04               25.69               7631172.00          17                  3.77                4.50                4.51                44816.00            0.374453            -67.997697          F 
150030                          1                   0.0001000           10305               642.61              16.04               25.69               7631172.00          138                 3.27                42.17               42.39               38863.00            -0.263841           -50.727746          F 
160025                          1                   0.0001000           10305               642.61              16.04               25.69               7631172.00          1                   0.45                2.20                2.20                5387.00             0.532233            -50.651554          F 
160010                          1                   0.0001000           10305               642.61              16.04               25.69               7631172.00          6                   0.76                7.89                7.89                9029.00             1.764026            -50.581371          F 
130170                          1                   0.0001000           10305               642.61              16.04               25.69               7631172.00          230                 4.55                50.58               51.02               54001.00            -7.362897           -62.485394          F 
160021                          1                   0.0001000           10305               642.61              16.04               25.69               7631172.00          2                   0.49                4.05                4.05                5864.00             1.030315            -50.483699          F 
150180                          1                   0.0001000           10305               642.61              16.04               25.69               7631172.00          173                 8.58                20.16               20.29               101891.00           -1.121333           -50.628584          F 
130410                          1                   0.0001000           10305               642.61              16.04               25.69               7631172.00          11                  1.46                7.55                7.55                17299.00            -6.104509           -64.893865          F 
150580                          1                   0.0001000           10305               642.61              16.04               25.69               7631172.00          14                  5.15                2.72                2.72                61126.00            -2.565541           -50.955536          F 
150780                          1                   0.0001000           10305               642.61              16.04               25.69               7631172.00          3                   1.00                3.01                3.01                11839.00            -4.171559           -51.773388          F 
150060                          1                   0.0001000           10305               642.61              16.04               25.69               7631172.00          8                   9.53                0.84                0.84                113195.00           -6.486303           -53.886671          F 
130423                          1                   0.0001000           10305               642.61              16.04               25.69               7631172.00          0                   1.57                0                   0                   18610.00            -2.691643           -67.827923          F 
130210                          1                   0.0001000           10305               642.61              16.04               25.69               7631172.00          3                   0.27                10.91               10.91               3265.00             -1.698117           -68.320288          F 
150085                          1                   0.0001000           10305               642.61              16.04               25.69               7631172.00          10                  2.29                4.37                4.37                27161.00            -3.997294           -51.301209          F 
150070                          1                   0.0001000           10305               642.61              16.04               25.69               7631172.00          106                 2.43                43.62               43.79               28859.00            -0.827103           -49.962044          F 
150250                          1                   0.0001000           10305               642.61              16.04               25.69               7631172.00          8                   1.98                4.05                4.05                23482.00            -0.0296229          -49.829440          F 
130090                          1                   0.0001000           10305               642.61              16.04               25.69               7631172.00          9                   1.30                6.92                6.92                15450.00            -7.403346           -64.096665          F 
150280                          1                   0.0001000           10305               642.61              16.04               25.69               7631172.00          59                  2.85                20.67               20.72               33893.00            -1.583580           -49.988115          F 
150503                          1                   0.0001000           10305               642.61              16.04               25.69               7631172.00          68                  2.17                31.35               31.43               25758.00            -8.062463           -55.612052          F 
150110                          1                   0.0001000           10305               642.61              16.04               25.69               7631172.00          22                  2.53                8.71                8.71                30009.00            -2.372794           -50.181886          F 
510080                          1                   0.0001000           10305               642.61              16.04               25.69               7631172.00          0                   0.84                0                   0                   9979.00             -8.753341           -57.827599          F 
150548                          1                   0.0001000           10305               642.61              16.04               25.69               7631172.00          151                 3.96                38.16               38.38               46986.00            -3.684058           -50.631545          F 
150770                          1                   0.0001000           10305               642.61              16.04               25.69               7631172.00          93                  2.21                41.99               42.14               26301.00            -1.434046           -49.680194          F 
130006                          1                   0.0001000           10305               642.61              16.04               25.69               7631172.00          5                   0.95                5.24                5.24                11332.00            -3.418321           -68.287308          F 
150520                          1                   0.0001000           10305               642.61              16.04               25.69               7631172.00          1034                2.71                381.72              397.26              32168.00            -2.278960           -49.902322          F 
130100                          1                   0.0001000           10305               642.61              16.04               25.69               7631172.00          33                  2.36                13.96               13.97               28076.00            -5.118832           -67.337382          F 
150640                          1                   0.0001000           10305               642.61              16.04               25.69               7631172.00          2                   0.84                2.39                2.39                9939.00             -0.583158           -49.314290          F 
150400                          1                   0.0001000           10305               642.61              16.04               25.69               7631172.00          88                  2.41                36.56               36.68               28583.00            -1.864288           -49.469256          F 
510325                          1                   0.0001000           10305               642.61              16.04               25.69               7631172.00          4                   3.14                1.27                1.27                37280.00            -9.292283           -60.305531          F 
150490                          1                   0.0001000           10305               642.61              16.04               25.69               7631172.00          14                  3.35                4.18                4.18                39783.00            -1.355540           -49.309395          F 
150210                          1                   0.0001000           10305               642.61              16.04               25.69               7631172.00          499                 11.49               43.45               44.27               136390.00           -2.253113           -49.513615          F 
150120                          1                   0.0001000           10305               642.61              16.04               25.69               7631172.00          249                 3.91                63.71               64.30               46416.00            -3.129242           -49.698861          F 
150570                          1                   0.0001000           10305               642.61              16.04               25.69               7631172.00          30                  2.58                11.64               11.65               30608.00            -1.117579           -49.077239          F 
110013                          1                   0.0001000           10305               642.61              16.04               25.69               7631172.00          24                  3.29                7.29                7.30                39097.00            -9.204070           -62.010294          F 
150460                          1                   0.0001000           10305               642.61              16.04               25.69               7631172.00          73                  2.59                28.20               28.28               30736.00            -2.576520           -49.465753          F 
510337                          1                   0.0001000           10305               642.61              16.04               25.69               7631172.00          0                   1.62                0                   0                   19254.00            -9.536841           -58.677801          F 
130370                          1                   0.0001000           10305               642.61              16.04               25.69               7631172.00          8                   1.85                4.32                4.33                21966.00            -3.051175           -69.087897          F 
150506                          1                   0.0001000           10305               642.61              16.04               25.69               7631172.00          64                  6.28                10.19               10.21               74602.00            -4.502833           -50.271560          F 
110080                          1                   0.0001000           10305               642.61              16.04               25.69               7631172.00          113                 2.19                51.65               51.86               25983.00            -8.887011           -63.325581          F 
110094                          1                   0.0001000           10305               642.61              16.04               25.69               7631172.00          36                  2.04                17.65               17.67               24226.00            -9.170974           -62.565037          F 
150200                          1                   0.0001000           10305               642.61              16.04               25.69               7631172.00          0                   1.98                0                   0                   23466.00            -0.869047           -48.877684          F 
150330                          1                   0.0001000           10305               642.61              16.04               25.69               7631172.00          7                   5.25                1.33                1.33                62355.00            -2.062684           -49.130853          F 
150810                          1                   0.0001000           10305               642.61              16.04               25.69               7631172.00          270                 9.44                28.59               28.88               112148.00           -3.855790           -49.820813          F 
130230                          1                   0.0001000           10305               642.61              16.04               25.69               7631172.00          8                   1.24                6.44                6.44                14753.00            -4.713108           -68.403854          F 
110110                          1                   0.0001000           10305               642.61              16.04               25.69               7631172.00          14                  0.86                16.19               16.19               10272.00            -9.170195           -63.044988          F 
150195                          2                   0.0001000           51                  2.75                18.56               18.59               33178.00            51                  2.75                18.56               18.59               33178.00            -1.991029           -46.439673          F 
210160                          3                   0.0001000           28                  2.45                11.42               11.44               87794.00            28                  2.45                11.42               11.44               87794.00            -5.655902           -45.251440          F 
320515                          4                   0.06900             6                   0.26                23.44               23.44               9171.00             6                   0.26                23.44               23.44               9171.00             -18.614042          -40.627306          F 
