130140                          1                   0.0001000           10484               536.39              19.55               37.43               8016786.00          34                  2.39                14.23               14.26               35700.00            -7.022778           -70.222033          F 
130150                          1                   0.0001000           10484               536.39              19.55               37.43               8016786.00          3                   1.36                2.20                2.20                20393.00            -7.573750           -70.054927          F 
130180                          1                   0.0001000           10484               536.39              19.55               37.43               8016786.00          6                   2.04                2.95                2.95                30436.00            -7.181162           -71.415929          F 
130060                          1                   0.0001000           10484               536.39              19.55               37.43               8016786.00          17                  2.94                5.78                5.79                43935.00            -5.429327           -70.278296          F 
120060                          1                   0.0001000           10484               536.39              19.55               37.43               8016786.00          9                   2.89                3.12                3.12                43151.00            -8.238234           -71.446466          F 
120030                          1                   0.0001000           10484               536.39              19.55               37.43               8016786.00          2                   2.33                0.86                0.86                34884.00            -8.926430           -70.747840          F 
130020                          1                   0.0001000           10484               536.39              19.55               37.43               8016786.00          0                   1.36                0                   0                   20398.00            -5.711940           -71.742673          F 
130195                          1                   0.0001000           10484               536.39              19.55               37.43               8016786.00          4                   0.52                7.65                7.65                7814.00             -6.682874           -68.114036          F 
130350                          1                   0.0001000           10484               536.39              19.55               37.43               8016786.00          8                   1.31                6.12                6.13                19522.00            -7.757795           -68.197229          F 
120034                          1                   0.0001000           10484               536.39              19.55               37.43               8016786.00          0                   0.64                0                   0                   9581.00             -9.380351           -69.854989          F 
120043                          1                   0.0001000           10484               536.39              19.55               37.43               8016786.00          0                   0.45                0                   0                   6717.00             -9.412364           -70.398018          F 
130165                          1                   0.0001000           10484               536.39              19.55               37.43               8016786.00          7                   1.13                6.18                6.18                16937.00            -7.229841           -72.844424          F 
130390                          1                   0.0001000           10484               536.39              19.55               37.43               8016786.00          0                   2.68                0                   0                   40073.00            -4.497836           -69.450565          F 
120020                          1                   0.0001000           10484               536.39              19.55               37.43               8016786.00          367                 5.96                61.58               62.64               89072.00            -7.974126           -72.761548          F 
130070                          1                   0.0001000           10484               536.39              19.55               37.43               8016786.00          196                 2.32                84.58               85.35               34635.00            -8.772979           -68.047540          F 
120032                          1                   0.0001000           10484               536.39              19.55               37.43               8016786.00          0                   0.57                0                   0                   8473.00             -9.243211           -71.907488          F 
120050                          1                   0.0001000           10484               536.39              19.55               37.43               8016786.00          0                   3.11                0                   0                   46511.00            -9.771845           -69.382700          F 
120039                          1                   0.0001000           10484               536.39              19.55               37.43               8016786.00          33                  0.82                40.29               40.35               12241.00            -8.489533           -72.721389          F 
130230                          1                   0.0001000           10484               536.39              19.55               37.43               8016786.00          0                   0.93                0                   0                   13886.00            -4.713108           -68.403854          F 
130406                          1                   0.0001000           10484               536.39              19.55               37.43               8016786.00          4                   4.50                0.89                0.89                67182.00            -4.027765           -69.681346          F 
120042                          1                   0.0001000           10484               536.39              19.55               37.43               8016786.00          109                 1.29                84.19               84.61               19351.00            -7.841819           -73.222514          F 
120035                          1                   0.0001000           10484               536.39              19.55               37.43               8016786.00          5                   1.29                3.87                3.87                19299.00            -9.099817           -72.558104          F 
120033                          1                   0.0001000           10484               536.39              19.55               37.43               8016786.00          161                 1.29                124.61              125.54              19311.00            -7.503753           -73.439585          F 
120013                          1                   0.0001000           10484               536.39              19.55               37.43               8016786.00          0                   0.70                0                   0                   10420.00            -9.613848           -68.175429          F 
130100                          1                   0.0001000           10484               536.39              19.55               37.43               8016786.00          9                   1.91                4.72                4.72                28508.00            -5.118832           -67.337382          F 
120040                          1                   0.0001000           10484               536.39              19.55               37.43               8016786.00          176                 27.66               6.36                6.41                413418.00           -10.066358          -68.371440          F 
120080                          1                   0.0001000           10484               536.39              19.55               37.43               8016786.00          20                  1.26                15.88               15.89               18824.00            -9.629475           -67.701064          F 
120005                          1                   0.0001000           10484               536.39              19.55               37.43               8016786.00          0                   0.50                0                   0                   7534.00             -10.779491          -70.006358          F 
120010                          1                   0.0001000           10484               536.39              19.55               37.43               8016786.00          1                   1.79                0.56                0.56                26702.00            -10.747736          -69.207484          F 
120070                          1                   0.0001000           10484               536.39              19.55               37.43               8016786.00          0                   1.31                0                   0                   19596.00            -10.575880          -68.505122          F 
120045                          1                   0.0001000           10484               536.39              19.55               37.43               8016786.00          2                   1.55                1.29                1.29                23236.00            -9.996928           -67.427266          F 
130006                          1                   0.0001000           10484               536.39              19.55               37.43               8016786.00          2                   0.79                2.55                2.55                11736.00            -3.418321           -68.287308          F 
130370                          1                   0.0001000           10484               536.39              19.55               37.43               8016786.00          2                   1.42                1.41                1.41                21243.00            -3.051175           -69.087897          F 
120025                          1                   0.0001000           10484               536.39              19.55               37.43               8016786.00          1                   1.25                0.80                0.80                18696.00            -10.889162          -68.618498          F 
120017                          1                   0.0001000           10484               536.39              19.55               37.43               8016786.00          0                   0.80                0                   0                   12008.00            -10.474157          -67.835782          F 
120038                          1                   0.0001000           10484               536.39              19.55               37.43               8016786.00          3                   1.34                2.25                2.25                19955.00            -10.248624          -67.339671          F 
120001                          1                   0.0001000           10484               536.39              19.55               37.43               8016786.00          3                   1.04                2.89                2.89                15490.00            -9.934392           -66.948427          F 
130240                          1                   0.0001000           10484               536.39              19.55               37.43               8016786.00          154                 3.14                49.09               49.44               46882.00            -8.375880           -65.812244          F 
130423                          1                   0.0001000           10484               536.39              19.55               37.43               8016786.00          0                   1.26                0                   0                   18897.00            -2.691643           -67.827923          F 
130220                          1                   0.0001000           10484               536.39              19.55               37.43               8016786.00          0                   1.01                0                   0                   15106.00            -3.524623           -66.306825          F 
130420                          1                   0.0001000           10484               536.39              19.55               37.43               8016786.00          340                 3.98                85.34               86.70               59547.00            -4.468383           -65.529278          F 
130410                          1                   0.0001000           10484               536.39              19.55               37.43               8016786.00          2                   1.14                1.76                1.76                17015.00            -6.104509           -64.893865          F 
130210                          1                   0.0001000           10484               536.39              19.55               37.43               8016786.00          3                   0.15                19.92               19.92               2251.00             -1.698117           -68.320288          F 
130002                          1                   0.0001000           10484               536.39              19.55               37.43               8016786.00          12                  1.09                11.06               11.06               16220.00            -3.701122           -65.330652          F 
130160                          1                   0.0001000           10484               536.39              19.55               37.43               8016786.00          6                   1.14                5.27                5.27                17005.00            -2.492180           -66.358452          F 
130090                          1                   0.0001000           10484               536.39              19.55               37.43               8016786.00          0                   1.06                0                   0                   15807.00            -7.403346           -64.096665          F 
130426                          1                   0.0001000           10484               536.39              19.55               37.43               8016786.00          2                   0.92                2.18                2.18                13690.00            -3.167038           -65.411879          F 
110020                          1                   0.0001000           10484               536.39              19.55               37.43               8016786.00          578                 36.09               16.02               16.43               539354.00           -9.153039           -64.305489          F 
110033                          1                   0.0001000           10484               536.39              19.55               37.43               8016786.00          8                   2.10                3.81                3.81                31392.00            -10.382239          -64.629270          F 
130120                          1                   0.0001000           10484               536.39              19.55               37.43               8016786.00          2                   5.75                0.35                0.35                85910.00            -4.437162           -64.124619          F 
110045                          1                   0.0001000           10484               536.39              19.55               37.43               8016786.00          95                  2.70                35.18               35.34               40356.00            -10.052159          -63.941154          F 
130280                          1                   0.0001000           10484               536.39              19.55               37.43               8016786.00          6                   1.22                4.91                4.91                18261.00            -2.428415           -65.038109          F 
110010                          1                   0.0001000           10484               536.39              19.55               37.43               8016786.00          16                  3.12                5.14                5.14                46556.00            -11.305773          -64.537463          F 
110080                          1                   0.0001000           10484               536.39              19.55               37.43               8016786.00          164                 1.83                89.50               90.18               27388.00            -8.887011           -63.325581          F 
110070                          1                   0.0001000           10484               536.39              19.55               37.43               8016786.00          5                   0.95                5.24                5.24                14266.00            -10.485091          -63.799446          F 
110040                          1                   0.0001000           10484               536.39              19.55               37.43               8016786.00          13                  1.46                8.89                8.90                21847.00            -9.649274           -63.394283          F 
110110                          1                   0.0001000           10484               536.39              19.55               37.43               8016786.00          12                  0.71                16.85               16.86               10641.00            -9.170195           -63.044988          F 
110140                          1                   0.0001000           10484               536.39              19.55               37.43               8016786.00          2                   1.07                1.87                1.87                16007.00            -10.210793          -63.372281          F 
130170                          1                   0.0001000           10484               536.39              19.55               37.43               8016786.00          677                 3.76                180.22              186.09              56144.00            -7.362897           -62.485394          F 
130380                          1                   0.0001000           10484               536.39              19.55               37.43               8016786.00          95                  3.10                30.66               30.80               46303.00            0.374453            -67.997697          F 
110002                          1                   0.0001000           10484               536.39              19.55               37.43               8016786.00          141                 7.33                19.24               19.36               109523.00           -9.951979           -62.957373          F 
110026                          1                   0.0001000           10484               536.39              19.55               37.43               8016786.00          4                   0.25                15.72               15.72               3804.00             -9.645106           -62.790311          F 
110094                          1                   0.0001000           10484               536.39              19.55               37.43               8016786.00          39                  1.75                22.26               22.30               26183.00            -9.170974           -62.565037          F 
110060                          1                   0.0001000           10484               536.39              19.55               37.43               8016786.00          0                   0.42                0                   0                   6269.00             -10.331685          -62.987180          F 
110100                          1                   0.0001000           10484               536.39              19.55               37.43               8016786.00          1                   0.50                2.01                2.01                7445.00             -10.748055          -63.183884          F 
110008                          1                   0.0001000           10484               536.39              19.55               37.43               8016786.00          1                   1.26                0.80                0.80                18798.00            -12.147321          -64.058780          F 
130130                          1                   0.0001000           10484               536.39              19.55               37.43               8016786.00          6                   1.95                3.07                3.07                29168.00            -3.289026           -62.972665          F 
130360                          1                   0.0001000           10484               536.39              19.55               37.43               8016786.00          15                  1.73                8.67                8.67                25865.00            -0.318566           -65.522058          F 
110130                          1                   0.0001000           10484               536.39              19.55               37.43               8016786.00          20                  0.72                27.63               27.66               10818.00            -11.076985          -62.848279          F 
110011                          1                   0.0001000           10484               536.39              19.55               37.43               8016786.00          30                  3.45                8.69                8.70                51620.00            -10.592446          -62.584788          F 
110160                          1                   0.0001000           10484               536.39              19.55               37.43               8016786.00          3                   0.70                4.31                4.31                10395.00            -10.121814          -62.342289          F 
110150                          1                   0.0001000           10484               536.39              19.55               37.43               8016786.00          1                   0.79                1.26                1.26                11851.00            -11.807291          -63.230667          F 
110013                          1                   0.0001000           10484               536.39              19.55               37.43               8016786.00          31                  2.73                11.34               11.35               40867.00            -9.204070           -62.010294          F 
110143                          1                   0.0001000           10484               536.39              19.55               37.43               8016786.00          0                   0.46                0                   0                   6895.00             -10.889526          -62.532438          F 
110032                          1                   0.0001000           10484               536.39              19.55               37.43               8016786.00          4                   1.54                2.59                2.59                23077.00            -11.628169          -62.941940          F 
130010                          1                   0.0001000           10484               536.39              19.55               37.43               8016786.00          1                   1.44                0.70                0.70                21477.00            -4.186645           -62.073001          F 
110175                          1                   0.0001000           10484               536.39              19.55               37.43               8016786.00          9                   0.76                11.82               11.83               11377.00            -9.732685           -61.939355          F 
110034                          1                   0.0001000           10484               536.39              19.55               37.43               8016786.00          2                   0.94                2.12                2.12                14106.00            -11.311455          -62.544783          F 
110180                          1                   0.0001000           10484               536.39              19.55               37.43               8016786.00          5                   0.45                11.23               11.23               6656.00             -10.384134          -62.093876          F 
110170                          1                   0.0001000           10484               536.39              19.55               37.43               8016786.00          17                  0.75                22.54               22.56               11272.00            -11.103908          -62.424021          F 
110015                          1                   0.0001000           10484               536.39              19.55               37.43               8016786.00          22                  2.39                9.20                9.21                35737.00            -10.610539          -62.172424          F 
130063                          1                   0.0001000           10484               536.39              19.55               37.43               8016786.00          0                   1.34                0                   0                   20093.00            -4.603475           -61.787364          F 
130270                          1                   0.0001000           10484               536.39              19.55               37.43               8016786.00          7                   3.79                1.85                1.85                56583.00            -6.459804           -61.446481          F 
110155                          1                   0.0001000           10484               536.39              19.55               37.43               8016786.00          8                   0.28                28.25               28.26               4233.00             -10.943464          -62.279708          F 
110149                          1                   0.0001000           10484               536.39              19.55               37.43               8016786.00          7                   1.38                5.06                5.06                20681.00            -12.368674          -63.122203          F 
110012                          1                   0.0001000           10484               536.39              19.55               37.43               8016786.00          40                  8.70                4.60                4.61                130009.00           -10.462197          -61.757091          F 
110014                          1                   0.0001000           10484               536.39              19.55               37.43               8016786.00          4                   1.37                2.92                2.92                20489.00            -11.564334          -62.233031          F 
130008                          1                   0.0001000           10484               536.39              19.55               37.43               8016786.00          2                   0.93                2.14                2.14                13956.00            -3.502503           -61.716696          F 
130083                          1                   0.0001000           10484               536.39              19.55               37.43               8016786.00          0                   0.89                0                   0                   13283.00            -3.081969           -61.877491          F 
110025                          1                   0.0001000           10484               536.39              19.55               37.43               8016786.00          9                   1.24                7.24                7.25                18571.00            -11.166190          -61.877898          F 
110050                          1                   0.0001000           10484               536.39              19.55               37.43               8016786.00          1                   0.56                1.79                1.79                8329.00             -11.681047          -62.083187          F 
110090                          1                   0.0001000           10484               536.39              19.55               37.43               8016786.00          0                   0.20                0                   0                   2987.00             -11.470879          -61.879911          F 
130040                          1                   0.0001000           10484               536.39              19.55               37.43               8016786.00          12                  1.85                6.49                6.49                27638.00            -0.465180           -63.434588          F 
110120                          1                   0.0001000           10484               536.39              19.55               37.43               8016786.00          0                   0.64                0                   0                   9559.00             -11.160345          -61.568926          F 
110001                          1                   0.0001000           10484               536.39              19.55               37.43               8016786.00          3                   1.52                1.97                1.97                22728.00            -12.470071          -62.274560          F 
110028                          1                   0.0001000           10484               536.39              19.55               37.43               8016786.00          10                  3.71                2.70                2.70                55407.00            -11.732560          -61.771453          F 
130330                          1                   0.0001000           10484               536.39              19.55               37.43               8016786.00          39                  1.74                22.38               22.42               26046.00            -6.825051           -60.477192          F 
510757                          1                   0.0001000           10484               536.39              19.55               37.43               8016786.00          0                   0.27                0                   0                   4036.00             -10.463060          -61.010088          F 
110004                          1                   0.0001000           10484               536.39              19.55               37.43               8016786.00          50                  5.75                8.70                8.72                85893.00            -11.301237          -61.324689          F 
110029                          1                   0.0001000           10484               536.39              19.55               37.43               8016786.00          0                   0.42                0                   0                   6216.00             -12.027061          -61.700877          F 
130320                          1                   0.0001000           10484               536.39              19.55               37.43               8016786.00          8                   1.33                6.00                6.00                19928.00            -2.046996           -61.701836          F 
110148                          1                   0.0001000           10484               536.39              19.55               37.43               8016786.00          0                   0.34                0                   0                   5066.00             -11.904682          -61.467066          F 
110037                          1                   0.0001000           10484               536.39              19.55               37.43               8016786.00          2                   0.89                2.26                2.26                13255.00            -12.593622          -61.880777          F 
130250                          1                   0.0001000           10484               536.39              19.55               37.43               8016786.00          48                  6.59                7.28                7.30                98502.00            -3.291606           -60.958222          F 
130255                          1                   0.0001000           10484               536.39              19.55               37.43               8016786.00          5                   2.21                2.26                2.26                33049.00            -3.779354           -60.697327          F 
110147                          1                   0.0001000           10484               536.39              19.55               37.43               8016786.00          0                   0.19                0                   0                   2776.00             -11.878589          -61.315189          F 
510325                          1                   0.0001000           10484               536.39              19.55               37.43               8016786.00          66                  2.67                24.75               24.82               39861.00            -9.292283           -60.305531          F 
110145                          1                   0.0001000           10484               536.39              19.55               37.43               8016786.00          0                   0.41                0                   0                   6198.00             -12.262291          -61.415241          F 
110009                          1                   0.0001000           10484               536.39              19.55               37.43               8016786.00          3                   2.19                1.37                1.37                32695.00            -11.351368          -60.784721          F 
110018                          1                   0.0001000           10484               536.39              19.55               37.43               8016786.00          10                  2.47                4.05                4.05                36881.00            -11.894543          -60.830315          F 
130185                          1                   0.0001000           10484               536.39              19.55               37.43               8016786.00          6                   3.28                1.83                1.83                49011.00            -3.095148           -60.480667          F 
130110                          1                   0.0001000           10484               536.39              19.55               37.43               8016786.00          21                  2.57                8.18                8.19                38348.00            -3.770658           -60.183093          F 
110146                          1                   0.0001000           10484               536.39              19.55               37.43               8016786.00          0                   0.14                0                   0                   2148.00             -13.173850          -61.545322          F 
110092                          1                   0.0001000           10484               536.39              19.55               37.43               8016786.00          0                   0.77                0                   0                   11472.00            -12.537404          -60.898400          F 
130014                          1                   0.0001000           10484               536.39              19.55               37.43               8016786.00          108                 1.50                72.19               72.55               22359.00            -7.759871           -59.431439          F 
510140                          1                   0.0001000           10484               536.39              19.55               37.43               8016786.00          2                   1.52                1.32                1.32                22714.00            -10.187963          -59.839297          F 
110007                          1                   0.0001000           10484               536.39              19.55               37.43               8016786.00          0                   0.48                0                   0                   7220.00             -12.926666          -61.091715          F 
110005                          1                   0.0001000           10484               536.39              19.55               37.43               8016786.00          3                   1.08                2.77                2.77                16204.00            -13.203669          -61.260843          F 
130080                          1                   0.0001000           10484               536.39              19.55               37.43               8016786.00          3                   2.79                1.07                1.07                41748.00            -4.957034           -59.534428          F 
130260                          1                   0.0001000           10484               536.39              19.55               37.43               8016786.00          605                 148.51              4.07                4.16                2219580.00          -2.626021           -60.259483          F 
110030                          1                   0.0001000           10484               536.39              19.55               37.43               8016786.00          19                  6.84                2.78                2.78                102211.00           -12.087986          -60.252451          F 
130030                          1                   0.0001000           10484               536.39              19.55               37.43               8016786.00          8                   2.70                2.97                2.97                40290.00            -3.788879           -59.528635          F 
130115                          1                   0.0001000           10484               536.39              19.55               37.43               8016786.00          0                   2.06                0                   0                   30846.00            -3.286228           -59.599493          F 
110006                          1                   0.0001000           10484               536.39              19.55               37.43               8016786.00          0                   1.04                0                   0                   15544.00            -13.159213          -60.550197          F 
110003                          1                   0.0001000           10484               536.39              19.55               37.43               8016786.00          0                   0.35                0                   0                   5188.00             -13.474873          -60.639653          F 
130356                          1                   0.0001000           10484               536.39              19.55               37.43               8016786.00          13                  2.28                5.70                5.70                34106.00            -2.529891           -59.638156          F 
140047                          1                   0.0001000           10484               536.39              19.55               37.43               8016786.00          121                 2.06                58.75               59.08               30782.00            0.0378310           -61.010414          F 
510515                          1                   0.0001000           10484               536.39              19.55               37.43               8016786.00          39                  2.75                14.18               14.21               41101.00            -11.533422          -59.327120          F 
130353                          1                   0.0001000           10484               536.39              19.55               37.43               8016786.00          74                  2.49                29.74               29.84               37193.00            -1.372564           -59.988741          F 
510337                          1                   0.0001000           10484               536.39              19.55               37.43               8016786.00          0                   1.35                0                   0                   20238.00            -9.536841           -58.677801          F 
140020                          1                   0.0001000           10484               536.39              19.55               37.43               8016786.00          33                  1.49                22.13               22.17               22283.00            0.990862            -61.471950          F 
130310                          1                   0.0001000           10484               536.39              19.55               37.43               8016786.00          36                  2.54                14.15               14.17               38026.00            -3.988364           -58.601783          F 
510517                          1                   0.0001000           10484               536.39              19.55               37.43               8016786.00          0                   1.09                0                   0                   16335.00            -10.359620          -58.592177          F 
510330                          1                   0.0001000           10484               536.39              19.55               37.43               8016786.00          2                   1.41                1.42                1.42                21008.00            -13.189673          -59.752227          F 
140028                          1                   0.0001000           10484               536.39              19.55               37.43               8016786.00          41                  0.82                49.84               49.93               12296.00            2.186649            -62.468913          F 
130190                          1                   0.0001000           10484               536.39              19.55               37.43               8016786.00          29                  6.87                4.22                4.22                102701.00           -3.174662           -58.777136          F 
510285                          1                   0.0001000           10484               536.39              19.55               37.43               8016786.00          1                   0.59                1.71                1.71                8749.00             -10.955815          -58.604328          F 
130290                          1                   0.0001000           10484               536.39              19.55               37.43               8016786.00          5                   4.35                1.15                1.15                65040.00            -4.984990           -58.060916          F 
510615                          1                   0.0001000           10484               536.39              19.55               37.43               8016786.00          1                   1.05                0.95                0.95                15685.00            -9.768714           -58.076318          F 
130400                          1                   0.0001000           10484               536.39              19.55               37.43               8016786.00          2                   0.62                3.24                3.24                9230.00             -2.822093           -58.536128          F 
510080                          1                   0.0001000           10484               536.39              19.55               37.43               8016786.00          3                   0.69                4.36                4.36                10283.00            -8.753341           -57.827599          F 
130200                          1                   0.0001000           10484               536.39              19.55               37.43               8016786.00          12                  0.62                19.43               19.44               9230.00             -2.498704           -58.619577          F 
140005                          1                   0.0001000           10484               536.39              19.55               37.43               8016786.00          67                  1.03                65.11               65.31               15380.00            3.078187            -62.755259          F 
130395                          1                   0.0001000           10484               536.39              19.55               37.43               8016786.00          9                   0.96                9.37                9.38                14352.00            -1.946118           -58.702338          F 
510618                          1                   0.0001000           10484               536.39              19.55               37.43               8016786.00          0                   0.45                0                   0                   6751.00             -14.301166          -59.771479          F 
140030                          1                   0.0001000           10484               536.39              19.55               37.43               8016786.00          130                 1.22                106.92              107.57              18172.00            2.510145            -61.983632          F 
510268                          1                   0.0001000           10484               536.39              19.55               37.43               8016786.00          1                   0.47                2.11                2.11                7070.00             -13.578425          -59.192168          F 
130430                          1                   0.0001000           10484               536.39              19.55               37.43               8016786.00          3                   1.08                2.78                2.78                16130.00            -0.893871           -59.029898          F 
140060                          1                   0.0001000           10484               536.39              19.55               37.43               8016786.00          41                  0.54                75.56               75.70               8110.00             0.884349            -60.151701          F 
150375                          1                   0.0001000           10484               536.39              19.55               37.43               8016786.00          67                  0.51                131.93              132.34              7590.00             -7.445178           -57.302829          F 
140050                          1                   0.0001000           10484               536.39              19.55               37.43               8016786.00          151                 0.56                270.34              272.26              8348.00             0.635650            -59.844809          F 
510787                          1                   0.0001000           10484               536.39              19.55               37.43               8016786.00          0                   1.79                0                   0                   26688.00            -13.152251          -58.653484          F 
510550                          1                   0.0001000           10484               536.39              19.55               37.43               8016786.00          0                   1.09                0                   0                   16271.00            -15.190336          -59.990041          F 
510510                          1                   0.0001000           10484               536.39              19.55               37.43               8016786.00          0                   2.35                0                   0                   35121.00            -11.021025          -57.612138          F 
130068                          1                   0.0001000           10484               536.39              19.55               37.43               8016786.00          16                  1.31                12.18               12.19               19626.00            -3.138082           -57.669942          F 
130440                          1                   0.0001000           10484               536.39              19.55               37.43               8016786.00          2                   1.58                1.27                1.27                23585.00            -2.812240           -57.770143          F 
510336                          1                   0.0001000           10484               536.39              19.55               37.43               8016786.00          3                   0.27                10.93               10.93               4101.00             -14.635124          -59.331826          F 
510895                          1                   0.0001000           10484               536.39              19.55               37.43               8016786.00          1                   0.62                1.61                1.61                9277.00             -9.964637           -57.251389          F 
510190                          1                   0.0001000           10484               536.39              19.55               37.43               8016786.00          0                   1.35                0                   0                   20140.00            -12.425468          -57.995502          F 
140002                          1                   0.0001000           10484               536.39              19.55               37.43               8016786.00          16                  0.88                18.14               18.15               13185.00            3.732874            -62.436863          F 
140017                          1                   0.0001000           10484               536.39              19.55               37.43               8016786.00          52                  1.26                41.34               41.44               18799.00            2.272838            -60.542067          F 
140023                          1                   0.0001000           10484               536.39              19.55               37.43               8016786.00          13                  0.69                18.71               18.72               10383.00            0.914772            -59.338066          F 
510627                          1                   0.0001000           10484               536.39              19.55               37.43               8016786.00          0                   0.27                0                   0                   4051.00             -11.386567          -57.308941          F 
510675                          1                   0.0001000           10484               536.39              19.55               37.43               8016786.00          366                 3.06                119.50              121.57              45774.00            -15.515107          -59.455385          F 
130050                          1                   0.0001000           10484               536.39              19.55               37.43               8016786.00          1                   2.17                0.46                0.46                32483.00            -3.129157           -57.172390          F 
510835                          1                   0.0001000           10484               536.39              19.55               37.43               8016786.00          0                   0.21                0                   0                   3126.00             -14.962496          -58.954452          F 
130300                          1                   0.0001000           10484               536.39              19.55               37.43               8016786.00          0                   1.43                0                   0                   21443.00            -1.680483           -57.656536          F 
510629                          1                   0.0001000           10484               536.39              19.55               37.43               8016786.00          8                   0.75                10.63               10.64               11244.00            -9.593078           -56.684722          F 
150360                          1                   0.0001000           10484               536.39              19.55               37.43               8016786.00          397                 6.78                58.52               59.61               101395.00           -5.871333           -56.496545          F 
150300                          1                   0.0001000           10484               536.39              19.55               37.43               8016786.00          1                   0.47                2.11                2.11                7070.00             -1.158833           -57.806300          F 
510263                          1                   0.0001000           10484               536.39              19.55               37.43               8016786.00          0                   2.42                0                   0                   36143.00            -13.689561          -57.932077          F 
510795                          1                   0.0001000           10484               536.39              19.55               37.43               8016786.00          4                   7.07                0.57                0.57                105711.00           -14.423165          -58.317919          F 
510500                          1                   0.0001000           10484               536.39              19.55               37.43               8016786.00          0                   0.57                0                   0                   8582.00             -15.310859          -58.865376          F 
140010                          1                   0.0001000           10484               536.39              19.55               37.43               8016786.00          3886                28.08               138.40              168.96              419652.00           3.117964            -60.717850          F 
160021                          2                   0.0001000           1011                64.41               15.70               16.43               973265.00           0                   0.40                0                   0                   6101.00             1.030315            -50.483699          F 
160030                          2                   0.0001000           1011                64.41               15.70               16.43               973265.00           201                 33.94               5.92                5.97                512902.00           0.554818            -50.700863          F 
160025                          2                   0.0001000           1011                64.41               15.70               16.43               973265.00           0                   0.37                0                   0                   5617.00             0.532233            -50.651554          F 
160070                          2                   0.0001000           1011                64.41               15.70               16.43               973265.00           9                   1.18                7.65                7.66                17769.00            1.294034            -50.985687          F 
160010                          2                   0.0001000           1011                64.41               15.70               16.43               973265.00           2                   0.61                3.29                3.29                9187.00             1.764026            -50.581371          F 
160023                          2                   0.0001000           1011                64.41               15.70               16.43               973265.00           4                   0.53                7.59                7.59                7967.00             0.958713            -51.419182          F 
160055                          2                   0.0001000           1011                64.41               15.70               16.43               973265.00           0                   0.35                0                   0                   5246.00             1.625299            -51.277065          F 
150250                          2                   0.0001000           1011                64.41               15.70               16.43               973265.00           12                  1.58                7.57                7.58                23948.00            -0.0296229          -49.829440          F 
160053                          2                   0.0001000           1011                64.41               15.70               16.43               973265.00           83                  1.49                55.86               56.07               22452.00            0.587711            -51.673569          F 
160060                          2                   0.0001000           1011                64.41               15.70               16.43               973265.00           102                 8.15                12.52               12.58               123096.00           0.128476            -51.379449          F 
150030                          2                   0.0001000           1011                64.41               15.70               16.43               973265.00           261                 2.62                99.67               100.89              39567.00            -0.263841           -50.727746          F 
160020                          2                   0.0001000           1011                64.41               15.70               16.43               973265.00           9                   0.75                12.03               12.03               11306.00            2.430849            -51.404322          F 
160040                          2                   0.0001000           1011                64.41               15.70               16.43               973265.00           26                  1.46                17.81               17.83               22053.00            -0.0730322          -51.943908          F 
160005                          2                   0.0001000           1011                64.41               15.70               16.43               973265.00           3                   0.36                8.26                8.26                5488.00             1.649528            -52.270468          F 
150070                          2                   0.0001000           1011                64.41               15.70               16.43               973265.00           117                 1.96                59.55               59.87               29688.00            -0.827103           -49.962044          F 
150640                          2                   0.0001000           1011                64.41               15.70               16.43               973265.00           12                  0.68                17.58               17.59               10314.00            -0.583158           -49.314290          F 
160015                          2                   0.0001000           1011                64.41               15.70               16.43               973265.00           10                  1.13                8.85                8.86                17067.00            1.157828            -52.523712          F 
150180                          2                   0.0001000           1011                64.41               15.70               16.43               973265.00           160                 6.85                23.36               23.53               103497.00           -1.121333           -50.628584          F 
150178                          3                   0.0001000           272                 87.63               3.10                3.13                1575010.00          4                   3.75                1.07                1.07                67332.00            -3.733432           -49.370902          F 
150810                          3                   0.0001000           272                 87.63               3.10                3.13                1575010.00          22                  6.41                3.43                3.44                115144.00           -3.855790           -49.820813          F 
150309                          3                   0.0001000           272                 87.63               3.10                3.13                1575010.00          4                   2.29                1.75                1.75                41081.00            -4.027408           -49.005681          F 
150120                          3                   0.0001000           272                 87.63               3.10                3.13                1575010.00          17                  2.70                6.31                6.31                48459.00            -3.129242           -49.698861          F 
150380                          3                   0.0001000           272                 87.63               3.10                3.13                1575010.00          2                   3.33                0.60                0.60                59842.00            -4.598468           -49.181178          F 
150795                          3                   0.0001000           272                 87.63               3.10                3.13                1575010.00          5                   6.06                0.82                0.82                108969.00           -2.907824           -48.736640          F 
150470                          3                   0.0001000           272                 87.63               3.10                3.13                1575010.00          2                   4.63                0.43                0.43                83182.00            -2.683914           -49.073983          F 
150460                          3                   0.0001000           272                 87.63               3.10                3.13                1575010.00          1                   1.75                0.57                0.57                31530.00            -2.576520           -49.465753          F 
150506                          3                   0.0001000           272                 87.63               3.10                3.13                1575010.00          5                   4.30                1.16                1.16                77214.00            -4.502833           -50.271560          F 
150618                          3                   0.0001000           272                 87.63               3.10                3.13                1575010.00          0                   2.94                0                   0                   52803.00            -4.517001           -48.459948          F 
150497                          3                   0.0001000           272                 87.63               3.10                3.13                1575010.00          0                   0.94                0                   0                   16854.00            -4.980996           -49.230674          F 
150548                          3                   0.0001000           272                 87.63               3.10                3.13                1575010.00          11                  2.69                4.08                4.09                48414.00            -3.684058           -50.631545          F 
150157                          3                   0.0001000           272                 87.63               3.10                3.13                1575010.00          0                   0.95                0                   0                   17118.00            -5.054285           -48.763593          F 
150370                          3                   0.0001000           272                 87.63               3.10                3.13                1575010.00          5                   2.97                1.68                1.68                53355.00            -5.114819           -49.869663          F 
150210                          3                   0.0001000           272                 87.63               3.10                3.13                1575010.00          54                  7.75                6.96                6.98                139364.00           -2.253113           -49.513615          F 
150293                          3                   0.0001000           272                 87.63               3.10                3.13                1575010.00          3                   3.36                0.89                0.89                60469.00            -4.186537           -47.898194          F 
150013                          3                   0.0001000           272                 87.63               3.10                3.13                1575010.00          0                   0.42                0                   0                   7486.00             -4.957467           -48.424677          F 
150520                          3                   0.0001000           272                 87.63               3.10                3.13                1575010.00          65                  1.83                35.56               35.67               32850.00            -2.278960           -49.902322          F 
150800                          3                   0.0001000           272                 87.63               3.10                3.13                1575010.00          4                   3.56                1.12                1.12                64030.00            -2.635991           -48.267573          F 
150110                          3                   0.0001000           272                 87.63               3.10                3.13                1575010.00          0                   1.74                0                   0                   31325.00            -2.372794           -50.181886          F 
150330                          3                   0.0001000           272                 87.63               3.10                3.13                1575010.00          0                   3.51                0                   0                   63036.00            -2.062684           -49.130853          F 
150345                          3                   0.0001000           272                 87.63               3.10                3.13                1575010.00          0                   3.65                0                   0                   65625.00            -2.805973           -47.921740          F 
211153                          3                   0.0001000           272                 87.63               3.10                3.13                1575010.00          0                   0.71                0                   0                   12735.00            -5.133802           -48.369497          F 
170740                          3                   0.0001000           272                 87.63               3.10                3.13                1575010.00          0                   0.62                0                   0                   11139.00            -5.326535           -48.540410          F 
172030                          3                   0.0001000           272                 87.63               3.10                3.13                1575010.00          0                   0.27                0                   0                   4852.00             -5.240695           -48.331520          F 
150750                          3                   0.0001000           272                 87.63               3.10                3.13                1575010.00          0                   0.78                0                   0                   14051.00            -5.447389           -48.696990          F 
150550                          3                   0.0001000           272                 87.63               3.10                3.13                1575010.00          1                   6.37                0.16                0.16                114503.00           -3.203446           -47.603092          F 
211285                          3                   0.0001000           272                 87.63               3.10                3.13                1575010.00          0                   0.76                0                   0                   13598.00            -5.074890           -48.080618          F 
150400                          3                   0.0001000           272                 87.63               3.10                3.13                1575010.00          14                  1.63                8.59                8.60                29282.00            -1.864288           -49.469256          F 
150812                          3                   0.0001000           272                 87.63               3.10                3.13                1575010.00          1                   3.38                0.30                0.30                60761.00            -3.809797           -47.493553          F 
150085                          3                   0.0001000           272                 87.63               3.10                3.13                1575010.00          52                  1.59                32.67               32.75               28607.00            -3.997294           -51.301209          F 
210480                          4                   0.0001000           29                  3.90                7.44                7.45                70065.00            29                  3.90                7.44                7.45                70065.00            -5.823099           -46.054675          F 
