140005                          1                   0.0001000           5641                408.87              13.80               20.47               7683817.00          6                   0.85                7.02                7.03                16053.00            3.078187            -62.755259          F 
140002                          1                   0.0001000           5641                408.87              13.80               20.47               7683817.00          1                   0.60                1.67                1.67                11285.00            3.732874            -62.436863          F 
140028                          1                   0.0001000           5641                408.87              13.80               20.47               7683817.00          15                  0.56                26.61               26.64               10592.00            2.186649            -62.468913          F 
140030                          1                   0.0001000           5641                408.87              13.80               20.47               7683817.00          46                  0.88                52.02               52.16               16618.00            2.510145            -61.983632          F 
140010                          1                   0.0001000           5641                408.87              13.80               20.47               7683817.00          315                 17.37               18.14               18.47               326419.00           3.117964            -60.717850          F 
140045                          1                   0.0001000           5641                408.87              13.80               20.47               7683817.00          6                   0.65                9.28                9.29                12144.00            4.168751            -60.839425          F 
140017                          1                   0.0001000           5641                408.87              13.80               20.47               7683817.00          11                  0.88                12.52               12.52               16516.00            2.272838            -60.542067          F 
140020                          1                   0.0001000           5641                408.87              13.80               20.47               7683817.00          7                   1.09                6.41                6.41                20537.00            0.990862            -61.471950          F 
140015                          1                   0.0001000           5641                408.87              13.80               20.47               7683817.00          2                   0.63                3.17                3.17                11843.00            2.787148            -60.100125          F 
140040                          1                   0.0001000           5641                408.87              13.80               20.47               7683817.00          0                   0.55                0                   0                   10339.00            3.878942            -60.064912          F 
140070                          1                   0.0001000           5641                408.87              13.80               20.47               7683817.00          0                   0.51                0                   0                   9664.00             4.683843            -60.280731          F 
140060                          1                   0.0001000           5641                408.87              13.80               20.47               7683817.00          2                   0.40                5.01                5.01                7503.00             0.884349            -60.151701          F 
140047                          1                   0.0001000           5641                408.87              13.80               20.47               7683817.00          18                  1.48                12.19               12.20               27756.00            0.0378310           -61.010414          F 
130040                          1                   0.0001000           5641                408.87              13.80               20.47               7683817.00          11                  1.47                7.49                7.50                27589.00            -0.465180           -63.434588          F 
140050                          1                   0.0001000           5641                408.87              13.80               20.47               7683817.00          9                   0.41                22.17               22.18               7629.00             0.635650            -59.844809          F 
140023                          1                   0.0001000           5641                408.87              13.80               20.47               7683817.00          4                   0.50                8.06                8.06                9331.00             0.914772            -59.338066          F 
130360                          1                   0.0001000           5641                408.87              13.80               20.47               7683817.00          58                  1.23                47.20               47.37               23092.00            -0.318566           -65.522058          F 
130320                          1                   0.0001000           5641                408.87              13.80               20.47               7683817.00          3                   0.96                3.11                3.11                18133.00            -2.046996           -61.701836          F 
130353                          1                   0.0001000           5641                408.87              13.80               20.47               7683817.00          6                   1.79                3.35                3.35                33703.00            -1.372564           -59.988741          F 
130430                          1                   0.0001000           5641                408.87              13.80               20.47               7683817.00          2                   0.91                2.20                2.20                17065.00            -0.893871           -59.029898          F 
130380                          1                   0.0001000           5641                408.87              13.80               20.47               7683817.00          5                   2.33                2.14                2.14                43831.00            0.374453            -67.997697          F 
130280                          1                   0.0001000           5641                408.87              13.80               20.47               7683817.00          6                   0.98                6.10                6.10                18477.00            -2.428415           -65.038109          F 
130083                          1                   0.0001000           5641                408.87              13.80               20.47               7683817.00          0                   0.67                0                   0                   12622.00            -3.081969           -61.877491          F 
130260                          1                   0.0001000           5641                408.87              13.80               20.47               7683817.00          624                 111.45              5.60                5.78                2094391.00          -2.626021           -60.259483          F 
150530                          1                   0.0001000           5641                408.87              13.80               20.47               7683817.00          2                   3.73                0.54                0.54                70071.00            0.255032            -57.149736          F 
130130                          1                   0.0001000           5641                408.87              13.80               20.47               7683817.00          4                   1.45                2.75                2.75                27303.00            -3.289026           -62.972665          F 
130356                          1                   0.0001000           5641                408.87              13.80               20.47               7683817.00          10                  1.66                6.01                6.01                31274.00            -2.529891           -59.638156          F 
130395                          1                   0.0001000           5641                408.87              13.80               20.47               7683817.00          0                   0.70                0                   0                   13105.00            -1.946118           -58.702338          F 
150300                          1                   0.0001000           5641                408.87              13.80               20.47               7683817.00          0                   0.38                0                   0                   7168.00             -1.158833           -57.806300          F 
130185                          1                   0.0001000           5641                408.87              13.80               20.47               7683817.00          12                  2.49                4.83                4.83                46703.00            -3.095148           -60.480667          F 
130250                          1                   0.0001000           5641                408.87              13.80               20.47               7683817.00          17                  5.07                3.35                3.35                95330.00            -3.291606           -60.958222          F 
130160                          1                   0.0001000           5641                408.87              13.80               20.47               7683817.00          5                   1.07                4.65                4.65                20199.00            -2.492180           -66.358452          F 
130008                          1                   0.0001000           5641                408.87              13.80               20.47               7683817.00          3                   0.67                4.46                4.46                12653.00            -3.502503           -61.716696          F 
130426                          1                   0.0001000           5641                408.87              13.80               20.47               7683817.00          2                   0.71                2.83                2.83                13276.00            -3.167038           -65.411879          F 
130200                          1                   0.0001000           5641                408.87              13.80               20.47               7683817.00          1                   0.48                2.08                2.08                9040.00             -2.498704           -58.619577          F 
130300                          1                   0.0001000           5641                408.87              13.80               20.47               7683817.00          0                   1.10                0                   0                   20633.00            -1.680483           -57.656536          F 
130115                          1                   0.0001000           5641                408.87              13.80               20.47               7683817.00          4                   1.52                2.63                2.63                28592.00            -3.286228           -59.599493          F 
130255                          1                   0.0001000           5641                408.87              13.80               20.47               7683817.00          16                  1.56                10.25               10.26               29327.00            -3.779354           -60.697327          F 
130002                          1                   0.0001000           5641                408.87              13.80               20.47               7683817.00          1                   0.84                1.19                1.19                15729.00            -3.701122           -65.330652          F 
130400                          1                   0.0001000           5641                408.87              13.80               20.47               7683817.00          0                   0.49                0                   0                   9147.00             -2.822093           -58.536128          F 
130010                          1                   0.0001000           5641                408.87              13.80               20.47               7683817.00          1                   1.05                0.95                0.95                19749.00            -4.186645           -62.073001          F 
130110                          1                   0.0001000           5641                408.87              13.80               20.47               7683817.00          47                  1.96                23.92               23.99               36922.00            -3.770658           -60.183093          F 
130210                          1                   0.0001000           5641                408.87              13.80               20.47               7683817.00          14                  0.25                56.46               56.51               4660.00             -1.698117           -68.320288          F 
130190                          1                   0.0001000           5641                408.87              13.80               20.47               7683817.00          7                   5.24                1.34                1.34                98503.00            -3.174662           -58.777136          F 
130220                          1                   0.0001000           5641                408.87              13.80               20.47               7683817.00          3                   0.72                4.15                4.15                13581.00            -3.524623           -66.306825          F 
130030                          1                   0.0001000           5641                408.87              13.80               20.47               7683817.00          8                   2.01                3.98                3.98                37752.00            -3.788879           -59.528635          F 
130120                          1                   0.0001000           5641                408.87              13.80               20.47               7683817.00          12                  4.47                2.69                2.69                83929.00            -4.437162           -64.124619          F 
130423                          1                   0.0001000           5641                408.87              13.80               20.47               7683817.00          0                   0.99                0                   0                   18632.00            -2.691643           -67.827923          F 
130440                          1                   0.0001000           5641                408.87              13.80               20.47               7683817.00          2                   1.15                1.74                1.74                21650.00            -2.812240           -57.770143          F 
130063                          1                   0.0001000           5641                408.87              13.80               20.47               7683817.00          2                   0.99                2.02                2.02                18579.00            -4.603475           -61.787364          F 
150510                          1                   0.0001000           5641                408.87              13.80               20.47               7683817.00          0                   2.69                0                   0                   50596.00            -0.170427           -55.674947          F 
130068                          1                   0.0001000           5641                408.87              13.80               20.47               7683817.00          2                   0.96                2.08                2.08                18080.00            -3.138082           -57.669942          F 
130420                          1                   0.0001000           5641                408.87              13.80               20.47               7683817.00          201                 3.31                60.70               61.44               62230.00            -4.468383           -65.529278          F 
150797                          1                   0.0001000           5641                408.87              13.80               20.47               7683817.00          0                   0.96                0                   0                   18105.00            -1.952134           -56.458364          F 
130310                          1                   0.0001000           5641                408.87              13.80               20.47               7683817.00          5                   1.90                2.62                2.63                35800.00            -3.988364           -58.601783          F 
130340                          1                   0.0001000           5641                408.87              13.80               20.47               7683817.00          6                   6.00                1.00                1.00                112716.00           -2.688407           -56.854026          F 
130050                          1                   0.0001000           5641                408.87              13.80               20.47               7683817.00          1                   1.66                0.60                0.60                31105.00            -3.129157           -57.172390          F 
150040                          1                   0.0001000           5641                408.87              13.80               20.47               7683817.00          3                   2.92                1.03                1.03                54960.00            -0.536230           -55.069883          F 
130006                          1                   0.0001000           5641                408.87              13.80               20.47               7683817.00          2                   0.59                3.40                3.40                11047.00            -3.418321           -68.287308          F 
130080                          1                   0.0001000           5641                408.87              13.80               20.47               7683817.00          7                   2.12                3.30                3.30                39885.00            -4.957034           -59.534428          F 
150390                          1                   0.0001000           5641                408.87              13.80               20.47               7683817.00          0                   2.94                0                   0                   55179.00            -2.622585           -56.221232          F 
130370                          1                   0.0001000           5641                408.87              13.80               20.47               7683817.00          4                   1.24                3.22                3.22                23378.00            -3.051175           -69.087897          F 
150285                          1                   0.0001000           5641                408.87              13.80               20.47               7683817.00          0                   0.73                0                   0                   13783.00            -1.845743           -55.113264          F 
150050                          1                   0.0001000           5641                408.87              13.80               20.47               7683817.00          1                   1.77                0.56                0.56                33282.00            0.284350            -53.893460          F 
130290                          1                   0.0001000           5641                408.87              13.80               20.47               7683817.00          3                   3.25                0.92                0.92                61110.00            -4.984990           -58.060916          F 
150480                          1                   0.0001000           5641                408.87              13.80               20.47               7683817.00          3                   3.00                1.00                1.00                56391.00            -1.119762           -54.365806          F 
130100                          1                   0.0001000           5641                408.87              13.80               20.47               7683817.00          24                  1.50                16.04               16.07               28111.00            -5.118832           -67.337382          F 
130410                          1                   0.0001000           5641                408.87              13.80               20.47               7683817.00          4                   0.96                4.17                4.17                18039.00            -6.104509           -64.893865          F 
150100                          1                   0.0001000           5641                408.87              13.80               20.47               7683817.00          0                   0.85                0                   0                   15950.00            -3.667209           -56.016450          F 
130230                          1                   0.0001000           5641                408.87              13.80               20.47               7683817.00          8                   0.86                9.28                9.28                16200.00            -4.713108           -68.403854          F 
130270                          1                   0.0001000           5641                408.87              13.80               20.47               7683817.00          9                   2.87                3.14                3.14                53890.00            -6.459804           -61.446481          F 
150680                          1                   0.0001000           5641                408.87              13.80               20.47               7683817.00          29                  15.67               1.85                1.85                294447.00           -2.764647           -55.093854          F 
160027                          1                   0.0001000           5641                408.87              13.80               20.47               7683817.00          55                  2.48                22.16               22.23               46639.00            1.096940            -53.306000          F 
130406                          1                   0.0001000           5641                408.87              13.80               20.47               7683817.00          13                  3.32                3.92                3.92                62346.00            -4.027765           -69.681346          F 
150145                          1                   0.0001000           5641                408.87              13.80               20.47               7683817.00          0                   0.91                0                   0                   17145.00            -3.191161           -54.992826          F 
130390                          1                   0.0001000           5641                408.87              13.80               20.47               7683817.00          6                   1.98                3.02                3.02                37300.00            -4.497836           -69.450565          F 
130330                          1                   0.0001000           5641                408.87              13.80               20.47               7683817.00          2                   1.32                1.52                1.52                24718.00            -6.825051           -60.477192          F 
160015                          1                   0.0001000           5641                408.87              13.80               20.47               7683817.00          77                  0.77                99.39               99.85               14560.00            1.157828            -52.523712          F 
130170                          1                   0.0001000           5641                408.87              13.80               20.47               7683817.00          254                 2.79                91.17               92.59               52354.00            -7.362897           -62.485394          F 
150600                          1                   0.0001000           5641                408.87              13.80               20.47               7683817.00          1                   1.55                0.65                0.65                29132.00            -2.120276           -53.660235          F 
150619                          1                   0.0001000           5641                408.87              13.80               20.47               7683817.00          2                   2.55                0.78                0.78                47971.00            -4.241022           -55.210827          F 
130090                          1                   0.0001000           5641                408.87              13.80               20.47               7683817.00          3                   0.81                3.68                3.68                15312.00            -7.403346           -64.096665          F 
160005                          1                   0.0001000           5641                408.87              13.80               20.47               7683817.00          14                  0.27                52.36               52.40               5025.00             1.649528            -52.270468          F 
150805                          1                   0.0001000           5641                408.87              13.80               20.47               7683817.00          15                  0.97                15.42               15.43               18280.00            -5.130084           -56.003417          F 
150565                          1                   0.0001000           5641                408.87              13.80               20.47               7683817.00          1                   1.56                0.64                0.64                29336.00            -3.889977           -54.500599          F 
160050                          1                   0.0001000           5641                408.87              13.80               20.47               7683817.00          6                   1.32                4.53                4.53                24892.00            3.088524            -51.904801          F 
150360                          1                   0.0001000           5641                408.87              13.80               20.47               7683817.00          17                  5.24                3.24                3.25                98485.00            -5.871333           -56.496545          F 
130195                          1                   0.0001000           5641                408.87              13.80               20.47               7683817.00          2                   0.43                4.61                4.61                8153.00             -6.682874           -68.114036          F 
150815                          1                   0.0001000           5641                408.87              13.80               20.47               7683817.00          0                   2.36                0                   0                   44370.00            -3.583648           -53.807296          F 
160040                          1                   0.0001000           5641                408.87              13.80               20.47               7683817.00          36                  1.06                33.86               33.93               19981.00            -0.0730322          -51.943908          F 
130014                          1                   0.0001000           5641                408.87              13.80               20.47               7683817.00          3                   1.12                2.68                2.68                21031.00            -7.759871           -59.431439          F 
130060                          1                   0.0001000           5641                408.87              13.80               20.47               7683817.00          37                  2.15                17.20               17.24               40417.00            -5.429327           -70.278296          F 
160053                          1                   0.0001000           5641                408.87              13.80               20.47               7683817.00          283                 1.07                264.03              268.63              20143.00            0.587711            -51.673569          F 
160020                          1                   0.0001000           5641                408.87              13.80               20.47               7683817.00          14                  0.55                25.43               25.45               10345.00            2.430849            -51.404322          F 
150445                          1                   0.0001000           5641                408.87              13.80               20.47               7683817.00          2                   1.61                1.24                1.24                30315.00            -3.160218           -53.194916          F 
160080                          1                   0.0001000           5641                408.87              13.80               20.47               7683817.00          22                  0.78                28.16               28.20               14680.00            -0.997903           -52.061167          F 
150590                          1                   0.0001000           5641                408.87              13.80               20.47               7683817.00          0                   2.09                0                   0                   39246.00            -2.184494           -52.547960          F 
160023                          1                   0.0001000           5641                408.87              13.80               20.47               7683817.00          53                  0.38                140.54              140.99              7087.00             0.958713            -51.419182          F 
160055                          1                   0.0001000           5641                408.87              13.80               20.47               7683817.00          0                   0.25                0                   0                   4655.00             1.625299            -51.277065          F 
160060                          1                   0.0001000           5641                408.87              13.80               20.47               7683817.00          553                 6.06                91.28               94.42               113854.00           0.128476            -51.379449          F 
150375                          1                   0.0001000           5641                408.87              13.80               20.47               7683817.00          74                  2.21                33.52               33.66               41490.00            -7.445178           -57.302829          F 
130240                          1                   0.0001000           5641                408.87              13.80               20.47               7683817.00          23                  2.35                9.81                9.82                44071.00            -8.375880           -65.812244          F 
160070                          1                   0.0001000           5641                408.87              13.80               20.47               7683817.00          41                  0.83                49.19               49.31               15665.00            1.294034            -50.985687          F 
150172                          1                   0.0001000           5641                408.87              13.80               20.47               7683817.00          0                   0.79                0                   0                   14834.00            -3.292151           -52.685423          F 
150310                          1                   0.0001000           5641                408.87              13.80               20.47               7683817.00          1                   1.71                0.59                0.59                32049.00            -1.151921           -51.555276          F 
110080                          1                   0.0001000           5641                408.87              13.80               20.47               7683817.00          73                  1.32                55.50               55.74               24719.00            -8.887011           -63.325581          F 
130350                          1                   0.0001000           5641                408.87              13.80               20.47               7683817.00          0                   1.04                0                   0                   19488.00            -7.757795           -68.197229          F 
160010                          1                   0.0001000           5641                408.87              13.80               20.47               7683817.00          13                  0.46                28.11               28.13               8690.00             1.764026            -50.581371          F 
110094                          1                   0.0001000           5641                408.87              13.80               20.47               7683817.00          36                  1.16                31.15               31.21               21720.00            -9.170974           -62.565037          F 
110110                          1                   0.0001000           5641                408.87              13.80               20.47               7683817.00          0                   0.54                0                   0                   10155.00            -9.170195           -63.044988          F 
110013                          1                   0.0001000           5641                408.87              13.80               20.47               7683817.00          15                  2.02                7.44                7.44                37899.00            -9.204070           -62.010294          F 
160030                          1                   0.0001000           5641                408.87              13.80               20.47               7683817.00          1090                24.77               44.01               47.06               465495.00           0.554818            -50.700863          F 
110020                          1                   0.0001000           5641                408.87              13.80               20.47               7683817.00          119                 27.20               4.37                4.40                511219.00           -9.153039           -64.305489          F 
160025                          1                   0.0001000           5641                408.87              13.80               20.47               7683817.00          0                   0.27                0                   0                   5061.00             0.532233            -50.651554          F 
160021                          1                   0.0001000           5641                408.87              13.80               20.47               7683817.00          0                   0.29                0                   0                   5523.00             1.030315            -50.483699          F 
150835                          1                   0.0001000           5641                408.87              13.80               20.47               7683817.00          2                   0.78                2.58                2.58                14566.00            -3.141047           -51.973342          F 
150030                          1                   0.0001000           5641                408.87              13.80               20.47               7683817.00          217                 2.01                107.95              109.38              37778.00            -0.263841           -50.727746          F 
130140                          1                   0.0001000           5641                408.87              13.80               20.47               7683817.00          5                   1.83                2.73                2.73                34461.00            -7.022778           -70.222033          F 
150450                          1                   0.0001000           5641                408.87              13.80               20.47               7683817.00          20                  1.42                14.10               14.12               26652.00            -1.607856           -51.104066          F 
130020                          1                   0.0001000           5641                408.87              13.80               20.47               7683817.00          10                  0.99                10.10               10.11               18599.00            -5.711940           -71.742673          F 
510325                          1                   0.0001000           5641                408.87              13.80               20.47               7683817.00          12                  1.86                6.46                6.47                34885.00            -9.292283           -60.305531          F 
110026                          1                   0.0001000           5641                408.87              13.80               20.47               7683817.00          15                  0.20                74.38               74.44               3790.00             -9.645106           -62.790311          F 
110040                          1                   0.0001000           5641                408.87              13.80               20.47               7683817.00          52                  1.09                47.51               47.66               20569.00            -9.649274           -63.394283          F 
510080                          1                   0.0001000           5641                408.87              13.80               20.47               7683817.00          0                   0.51                0                   0                   9551.00             -8.753341           -57.827599          F 
150180                          1                   0.0001000           5641                408.87              13.80               20.47               7683817.00          117                 5.27                22.19               22.34               99080.00            -1.121333           -50.628584          F 
110175                          1                   0.0001000           5641                408.87              13.80               20.47               7683817.00          22                  0.59                37.59               37.64               10999.00            -9.732685           -61.939355          F 
130150                          1                   0.0001000           5641                408.87              13.80               20.47               7683817.00          0                   1.02                0                   0                   19143.00            -7.573750           -70.054927          F 
130070                          1                   0.0001000           5641                408.87              13.80               20.47               7683817.00          150                 1.80                83.30               84.06               33840.00            -8.772979           -68.047540          F 
110002                          1                   0.0001000           5641                408.87              13.80               20.47               7683817.00          199                 5.63                35.32               35.74               105896.00           -9.951979           -62.957373          F 
150060                          1                   0.0001000           5641                408.87              13.80               20.47               7683817.00          3                   5.85                0.51                0.51                109938.00           -6.486303           -53.886671          F 
150580                          1                   0.0001000           5641                408.87              13.80               20.47               7683817.00          22                  3.16                6.97                6.98                59322.00            -2.565541           -50.955536          F 
150780                          1                   0.0001000           5641                408.87              13.80               20.47               7683817.00          0                   0.62                0                   0                   11587.00            -4.171559           -51.773388          F 
110045                          1                   0.0001000           5641                408.87              13.80               20.47               7683817.00          74                  2.05                36.17               36.33               38450.00            -10.052159          -63.941154          F 
110160                          1                   0.0001000           5641                408.87              13.80               20.47               7683817.00          23                  0.60                38.09               38.14               11348.00            -10.121814          -62.342289          F 
150503                          1                   0.0001000           5641                408.87              13.80               20.47               7683817.00          36                  1.34                26.95               27.01               25102.00            -8.062463           -55.612052          F 
510337                          1                   0.0001000           5641                408.87              13.80               20.47               7683817.00          0                   0.97                0                   0                   18209.00            -9.536841           -58.677801          F 
150250                          1                   0.0001000           5641                408.87              13.80               20.47               7683817.00          5                   1.21                4.12                4.12                22821.00            -0.0296229          -49.829440          F 
110140                          1                   0.0001000           5641                408.87              13.80               20.47               7683817.00          11                  0.85                12.89               12.90               16032.00            -10.210793          -63.372281          F 
150070                          1                   0.0001000           5641                408.87              13.80               20.47               7683817.00          46                  1.49                30.86               30.94               28012.00            -0.827103           -49.962044          F 
110060                          1                   0.0001000           5641                408.87              13.80               20.47               7683817.00          2                   0.34                5.86                5.86                6414.00             -10.331685          -62.987180          F 
150215                          2                   0.0001000           880                 131.89              6.67                6.99                2505794.00          11                  1.83                6.00                6.00                34853.00            -6.424110           -50.085921          F 
150553                          2                   0.0001000           880                 131.89              6.67                6.99                2505794.00          32                  10.33               3.10                3.10                196259.00           -6.155342           -50.496123          F 
150034                          2                   0.0001000           880                 131.89              6.67                6.99                2505794.00          0                   1.39                0                   0                   26497.00            -6.773035           -50.430070          F 
150277                          2                   0.0001000           880                 131.89              6.67                6.99                2505794.00          2                   0.93                2.16                2.16                17578.00            -6.229166           -49.624553          F 
150775                          2                   0.0001000           880                 131.89              6.67                6.99                2505794.00          4                   0.30                13.38               13.39               5678.00             -6.838854           -49.569799          F 
150840                          2                   0.0001000           880                 131.89              6.67                6.99                2505794.00          2                   2.27                0.88                0.88                43188.00            -6.917853           -49.635135          F 
150420                          2                   0.0001000           880                 131.89              6.67                6.99                2505794.00          15                  14.05               1.07                1.07                266932.00           -5.629796           -50.017016          F 
150295                          2                   0.0001000           880                 131.89              6.67                6.99                2505794.00          3                   1.73                1.74                1.74                32780.00            -6.069488           -49.245444          F 
150616                          2                   0.0001000           880                 131.89              6.67                6.99                2505794.00          4                   0.93                4.29                4.29                17721.00            -7.340746           -49.895407          F 
150563                          2                   0.0001000           880                 131.89              6.67                6.99                2505794.00          0                   0.67                0                   0                   12653.00            -6.540877           -49.011864          F 
150125                          2                   0.0001000           880                 131.89              6.67                6.99                2505794.00          4                   0.17                23.51               23.51               3233.00             -7.486340           -50.634226          F 
150304                          2                   0.0001000           880                 131.89              6.67                6.99                2505794.00          0                   1.03                0                   0                   19508.00            -7.548373           -49.576097          F 
171886                          2                   0.0001000           880                 131.89              6.67                6.99                2505794.00          0                   0.39                0                   0                   7318.00             -7.093920           -48.973845          F 
150555                          2                   0.0001000           880                 131.89              6.67                6.99                2505794.00          0                   0.29                0                   0                   5436.00             -7.737187           -50.123353          F 
150370                          2                   0.0001000           880                 131.89              6.67                6.99                2505794.00          3                   2.73                1.10                1.10                51806.00            -5.114819           -49.869663          F 
150745                          2                   0.0001000           880                 131.89              6.67                6.99                2505794.00          0                   1.28                0                   0                   24394.00            -6.189164           -48.748216          F 
150808                          2                   0.0001000           880                 131.89              6.67                6.99                2505794.00          198                 2.00                99.21               100.40              37920.00            -6.820174           -51.391396          F 
170130                          2                   0.0001000           880                 131.89              6.67                6.99                2505794.00          0                   0.31                0                   0                   5887.00             -6.945681           -48.633226          F 
150715                          2                   0.0001000           880                 131.89              6.67                6.99                2505794.00          3                   1.30                2.31                2.31                24659.00            -5.657874           -48.730479          F 
170215                          2                   0.0001000           880                 131.89              6.67                6.99                2505794.00          0                   0.29                0                   0                   5581.00             -6.791078           -48.525078          F 
172210                          2                   0.0001000           880                 131.89              6.67                6.99                2505794.00          0                   0.62                0                   0                   11695.00            -6.545346           -48.451503          F 
150613                          2                   0.0001000           880                 131.89              6.67                6.99                2505794.00          83                  4.30                19.31               19.41               81647.00            -8.069353           -50.198021          F 
150497                          2                   0.0001000           880                 131.89              6.67                6.99                2505794.00          2                   0.84                2.37                2.37                16032.00            -4.980996           -49.230674          F 
170230                          2                   0.0001000           880                 131.89              6.67                6.99                2505794.00          0                   0.36                0                   0                   6777.00             -7.723272           -48.999890          F 
150750                          2                   0.0001000           880                 131.89              6.67                6.99                2505794.00          0                   0.71                0                   0                   13569.00            -5.447389           -48.696990          F 
150543                          2                   0.0001000           880                 131.89              6.67                6.99                2505794.00          67                  1.65                40.59               40.75               31359.00            -7.525492           -51.432537          F 
170210                          2                   0.0001000           880                 131.89              6.67                6.99                2505794.00          4                   9.11                0.44                0.44                173112.00           -7.331699           -48.587995          F 
150549                          2                   0.0001000           880                 131.89              6.67                6.99                2505794.00          0                   0.39                0                   0                   7404.00             -5.926997           -48.370291          F 
150175                          2                   0.0001000           880                 131.89              6.67                6.99                2505794.00          1                   0.38                2.64                2.64                7206.00             -5.735954           -48.432343          F 
170388                          2                   0.0001000           880                 131.89              6.67                6.99                2505794.00          0                   0.13                0                   0                   2531.00             -7.045626           -48.374851          F 
150270                          2                   0.0001000           880                 131.89              6.67                6.99                2505794.00          0                   2.45                0                   0                   46485.00            -8.182560           -49.512625          F 
171720                          2                   0.0001000           880                 131.89              6.67                6.99                2505794.00          0                   0.16                0                   0                   3038.00             -6.738786           -48.240380          F 
170740                          2                   0.0001000           880                 131.89              6.67                6.99                2505794.00          0                   0.56                0                   0                   10651.00            -5.326535           -48.540410          F 
170100                          2                   0.0001000           880                 131.89              6.67                6.99                2505794.00          0                   0.52                0                   0                   9798.00             -6.232422           -48.187246          F 
150157                          2                   0.0001000           880                 131.89              6.67                6.99                2505794.00          0                   0.86                0                   0                   16375.00            -5.054285           -48.763593          F 
150506                          2                   0.0001000           880                 131.89              6.67                6.99                2505794.00          39                  3.81                10.24               10.26               72347.00            -4.502833           -50.271560          F 
171855                          2                   0.0001000           880                 131.89              6.67                6.99                2505794.00          0                   0.24                0                   0                   4561.00             -6.460393           -48.136170          F 
171180                          2                   0.0001000           880                 131.89              6.67                6.99                2505794.00          0                   0.12                0                   0                   2237.00             -8.140277           -49.110602          F 
150380                          2                   0.0001000           880                 131.89              6.67                6.99                2505794.00          0                   2.99                0                   0                   56781.00            -4.598468           -49.181178          F 
171488                          2                   0.0001000           880                 131.89              6.67                6.99                2505794.00          0                   0.61                0                   0                   11616.00            -7.637938           -48.360190          F 
172030                          2                   0.0001000           880                 131.89              6.67                6.99                2505794.00          0                   0.25                0                   0                   4702.00             -5.240695           -48.331520          F 
170220                          2                   0.0001000           880                 131.89              6.67                6.99                2505794.00          0                   1.83                0                   0                   34810.00            -5.665337           -48.105949          F 
172208                          2                   0.0001000           880                 131.89              6.67                6.99                2505794.00          0                   0.61                0                   0                   11622.00            -6.911250           -48.001719          F 
211153                          2                   0.0001000           880                 131.89              6.67                6.99                2505794.00          0                   0.66                0                   0                   12461.00            -5.133802           -48.369497          F 
170105                          2                   0.0001000           880                 131.89              6.67                6.99                2505794.00          0                   0.18                0                   0                   3401.00             -6.435321           -47.912895          F 
172010                          2                   0.0001000           880                 131.89              6.67                6.99                2505794.00          0                   0.27                0                   0                   5164.00             -5.974795           -47.939574          F 
150013                          2                   0.0001000           880                 131.89              6.67                6.99                2505794.00          0                   0.38                0                   0                   7179.00             -4.957467           -48.424677          F 
170600                          2                   0.0001000           880                 131.89              6.67                6.99                2505794.00          0                   0.29                0                   0                   5477.00             -8.436865           -49.162374          F 
150658                          2                   0.0001000           880                 131.89              6.67                6.99                2505794.00          5                   1.07                4.66                4.66                20396.00            -8.633727           -50.314447          F 
170380                          2                   0.0001000           880                 131.89              6.67                6.99                2505794.00          0                   0.58                0                   0                   10988.00            -5.337853           -48.137952          F 
171245                          2                   0.0001000           880                 131.89              6.67                6.99                2505794.00          0                   0.16                0                   0                   2992.00             -6.206258           -47.830401          F 
170550                          2                   0.0001000           880                 131.89              6.67                6.99                2505794.00          0                   1.81                0                   0                   34416.00            -8.076361           -48.529741          F 
171665                          2                   0.0001000           880                 131.89              6.67                6.99                2505794.00          0                   0.29                0                   0                   5418.00             -8.379551           -48.917014          F 
171430                          2                   0.0001000           880                 131.89              6.67                6.99                2505794.00          0                   0.22                0                   0                   4118.00             -6.330341           -47.781024          F 
150730                          2                   0.0001000           880                 131.89              6.67                6.99                2505794.00          5                   6.35                0.79                0.79                120580.00           -7.233186           -52.252675          F 
172000                          2                   0.0001000           880                 131.89              6.67                6.99                2505794.00          0                   0.13                0                   0                   2548.00             -6.472275           -47.750401          F 
150276                          2                   0.0001000           880                 131.89              6.67                6.99                2505794.00          19                  0.67                28.28               28.31               12765.00            -8.458321           -51.221011          F 
170650                          2                   0.0001000           880                 131.89              6.67                6.99                2505794.00          0                   0.31                0                   0                   5912.00             -6.762994           -47.768374          F 
170389                          2                   0.0001000           880                 131.89              6.67                6.99                2505794.00          0                   0.21                0                   0                   4019.00             -5.336437           -48.010822          F 
170255                          2                   0.0001000           880                 131.89              6.67                6.99                2505794.00          0                   0.94                0                   0                   17861.00            -5.497871           -47.929361          F 
170300                          2                   0.0001000           880                 131.89              6.67                6.99                2505794.00          0                   0.57                0                   0                   10744.00            -7.175027           -47.855975          F 
211285                          2                   0.0001000           880                 131.89              6.67                6.99                2505794.00          0                   0.70                0                   0                   13227.00            -5.074890           -48.080618          F 
171570                          2                   0.0001000           880                 131.89              6.67                6.99                2505794.00          0                   0.30                0                   0                   5757.00             -7.886432           -48.155852          F 
171880                          2                   0.0001000           880                 131.89              6.67                6.99                2505794.00          0                   0.24                0                   0                   4498.00             -5.329724           -47.918762          F 
171110                          2                   0.0001000           880                 131.89              6.67                6.99                2505794.00          0                   0.13                0                   0                   2470.00             -8.451479           -48.752157          F 
171380                          2                   0.0001000           880                 131.89              6.67                6.99                2505794.00          0                   0.34                0                   0                   6450.00             -6.599692           -47.642572          F 
170290                          2                   0.0001000           880                 131.89              6.67                6.99                2505794.00          0                   0.51                0                   0                   9741.00             -5.645508           -47.766281          F 
171830                          2                   0.0001000           880                 131.89              6.67                6.99                2505794.00          0                   0.44                0                   0                   8298.00             -5.472478           -47.783323          F 
150618                          2                   0.0001000           880                 131.89              6.67                6.99                2505794.00          2                   2.66                0.75                0.75                50460.00            -4.517001           -48.459948          F 
171280                          2                   0.0001000           880                 131.89              6.67                6.99                2505794.00          0                   0.18                0                   0                   3386.00             -6.024203           -47.589794          F 
172080                          2                   0.0001000           880                 131.89              6.67                6.99                2505794.00          0                   0.49                0                   0                   9217.00             -5.630039           -47.686391          F 
170770                          2                   0.0001000           880                 131.89              6.67                6.99                2505794.00          0                   0.47                0                   0                   8871.00             -7.496709           -47.793945          F 
172120                          2                   0.0001000           880                 131.89              6.67                6.99                2505794.00          0                   1.22                0                   0                   23130.00            -6.256965           -47.537582          F 
171070                          2                   0.0001000           880                 131.89              6.67                6.99                2505794.00          0                   0.32                0                   0                   6007.00             -5.803729           -47.596510          F 
170030                          2                   0.0001000           880                 131.89              6.67                6.99                2505794.00          0                   0.33                0                   0                   6307.00             -6.487760           -47.513418          F 
170190                          2                   0.0001000           880                 131.89              6.67                6.99                2505794.00          0                   0.36                0                   0                   6934.00             -8.939322           -49.504685          F 
150810                          2                   0.0001000           880                 131.89              6.67                6.99                2505794.00          218                 5.73                38.04               38.54               108885.00           -3.855790           -49.820813          F 
150309                          2                   0.0001000           880                 131.89              6.67                6.99                2505794.00          10                  2.04                4.91                4.91                38677.00            -4.027408           -49.005681          F 
210325                          2                   0.0001000           880                 131.89              6.67                6.99                2505794.00          0                   0.76                0                   0                   14446.00            -5.057171           -47.829843          F 
172020                          2                   0.0001000           880                 131.89              6.67                6.99                2505794.00          0                   0.62                0                   0                   11754.00            -5.542702           -47.595382          F 
170830                          2                   0.0001000           880                 131.89              6.67                6.99                2505794.00          0                   0.27                0                   0                   5144.00             -8.873690           -49.010009          F 
172130                          2                   0.0001000           880                 131.89              6.67                6.99                2505794.00          0                   0.13                0                   0                   2518.00             -8.356626           -48.211064          F 
150085                          2                   0.0001000           880                 131.89              6.67                6.99                2505794.00          7                   1.38                5.06                5.06                26271.00            -3.997294           -51.301209          F 
210530                          2                   0.0001000           880                 131.89              6.67                6.99                2505794.00          0                   13.36               0                   0                   253873.00           -5.339671           -47.575263          F 
171670                          2                   0.0001000           880                 131.89              6.67                6.99                2505794.00          0                   0.45                0                   0                   8465.00             -8.837011           -48.764716          F 
150178                          2                   0.0001000           880                 131.89              6.67                6.99                2505794.00          24                  3.30                7.27                7.28                62737.00            -3.733432           -49.370902          F 
150548                          2                   0.0001000           880                 131.89              6.67                6.99                2505794.00          113                 2.40                47.09               47.40               45596.00            -3.684058           -50.631545          F 
210632                          3                   0.0001000           13                  0.37                35.57               35.60               21063.00            13                  0.37                35.57               35.60               21063.00            -1.982063           -45.992607          F 
210055                          4                   0.0001000           7                   0.12                57.98               58.00               6844.00             7                   0.12                57.98               58.00               6844.00             -1.673095           -45.948022          F 
