150797                          1                   0.0001000           15083               974.22              15.48               24.60               7165691.00          0                   2.33                0                   0                   17130.00            -1.952134           -56.458364          F 
150390                          1                   0.0001000           15083               974.22              15.48               24.60               7165691.00          2                   6.57                0.30                0.30                48306.00            -2.622585           -56.221232          F 
130340                          1                   0.0001000           15083               974.22              15.48               24.60               7165691.00          13                  14.00               0.93                0.93                102945.00           -2.688407           -56.854026          F 
130300                          1                   0.0001000           15083               974.22              15.48               24.60               7165691.00          0                   2.52                0                   0                   18502.00            -1.680483           -57.656536          F 
150285                          1                   0.0001000           15083               974.22              15.48               24.60               7165691.00          28                  1.70                16.49               16.50               12487.00            -1.845743           -55.113264          F 
130050                          1                   0.0001000           15083               974.22              15.48               24.60               7165691.00          2                   3.77                0.53                0.53                27722.00            -3.129157           -57.172390          F 
150300                          1                   0.0001000           15083               974.22              15.48               24.60               7165691.00          0                   1.09                0                   0                   8034.00             -1.158833           -57.806300          F 
130440                          1                   0.0001000           15083               974.22              15.48               24.60               7165691.00          3                   2.48                1.21                1.21                18265.00            -2.812240           -57.770143          F 
150680                          1                   0.0001000           15083               974.22              15.48               24.60               7165691.00          397                 40.38               9.83                9.92                297039.00           -2.764647           -55.093854          F 
130068                          1                   0.0001000           15083               974.22              15.48               24.60               7165691.00          4                   2.08                1.92                1.92                15324.00            -3.138082           -57.669942          F 
150100                          1                   0.0001000           15083               974.22              15.48               24.60               7165691.00          11                  2.16                5.10                5.10                15874.00            -3.667209           -56.016450          F 
150145                          1                   0.0001000           15083               974.22              15.48               24.60               7165691.00          14                  2.24                6.26                6.26                16450.00            -3.191161           -54.992826          F 
150510                          1                   0.0001000           15083               974.22              15.48               24.60               7165691.00          7                   6.74                1.04                1.04                49551.00            -0.170427           -55.674947          F 
150040                          1                   0.0001000           15083               974.22              15.48               24.60               7165691.00          14                  7.21                1.94                1.94                53004.00            -0.536230           -55.069883          F 
130200                          1                   0.0001000           15083               974.22              15.48               24.60               7165691.00          20                  1.13                17.77               17.77               8280.00             -2.498704           -58.619577          F 
130395                          1                   0.0001000           15083               974.22              15.48               24.60               7165691.00          13                  1.49                8.71                8.71                10977.00            -1.946118           -58.702338          F 
130400                          1                   0.0001000           15083               974.22              15.48               24.60               7165691.00          3                   1.15                2.60                2.60                8495.00             -2.822093           -58.536128          F 
150480                          1                   0.0001000           15083               974.22              15.48               24.60               7165691.00          21                  7.56                2.78                2.78                55635.00            -1.119762           -54.365806          F 
150530                          1                   0.0001000           15083               974.22              15.48               24.60               7165691.00          9                   8.69                1.04                1.04                63904.00            0.255032            -57.149736          F 
150619                          1                   0.0001000           15083               974.22              15.48               24.60               7165691.00          30                  5.61                5.35                5.35                41271.00            -4.241022           -55.210827          F 
130190                          1                   0.0001000           15083               974.22              15.48               24.60               7165691.00          35                  11.96               2.93                2.93                87970.00            -3.174662           -58.777136          F 
150565                          1                   0.0001000           15083               974.22              15.48               24.60               7165691.00          12                  3.36                3.57                3.57                24743.00            -3.889977           -54.500599          F 
130430                          1                   0.0001000           15083               974.22              15.48               24.60               7165691.00          34                  2.31                14.71               14.73               16996.00            -0.893871           -59.029898          F 
150600                          1                   0.0001000           15083               974.22              15.48               24.60               7165691.00          7                   3.99                1.76                1.76                29337.00            -2.120276           -53.660235          F 
130310                          1                   0.0001000           15083               974.22              15.48               24.60               7165691.00          99                  4.25                23.32               23.37               31231.00            -3.988364           -58.601783          F 
150815                          1                   0.0001000           15083               974.22              15.48               24.60               7165691.00          76                  6.09                12.49               12.51               44757.00            -3.583648           -53.807296          F 
150805                          1                   0.0001000           15083               974.22              15.48               24.60               7165691.00          251                 2.32                108.01              108.71              17092.00            -5.130084           -56.003417          F 
130356                          1                   0.0001000           15083               974.22              15.48               24.60               7165691.00          63                  3.58                17.59               17.62               26344.00            -2.529891           -59.638156          F 
150050                          1                   0.0001000           15083               974.22              15.48               24.60               7165691.00          14                  4.57                3.07                3.07                33588.00            0.284350            -53.893460          F 
130115                          1                   0.0001000           15083               974.22              15.48               24.60               7165691.00          7                   3.32                2.11                2.11                24441.00            -3.286228           -59.599493          F 
130290                          1                   0.0001000           15083               974.22              15.48               24.60               7165691.00          2                   7.23                0.28                0.28                53172.00            -4.984990           -58.060916          F 
150445                          1                   0.0001000           15083               974.22              15.48               24.60               7165691.00          5                   3.78                1.32                1.32                27785.00            -3.160218           -53.194916          F 
130030                          1                   0.0001000           15083               974.22              15.48               24.60               7165691.00          31                  4.45                6.97                6.97                32733.00            -3.788879           -59.528635          F 
130353                          1                   0.0001000           15083               974.22              15.48               24.60               7165691.00          43                  3.80                11.33               11.34               27926.00            -1.372564           -59.988741          F 
130260                          1                   0.0001000           15083               974.22              15.48               24.60               7165691.00          1167                249.13              4.68                4.80                1832423.00          -2.626021           -60.259483          F 
150590                          1                   0.0001000           15083               974.22              15.48               24.60               7165691.00          1                   4.73                0.21                0.21                34755.00            -2.184494           -52.547960          F 
150360                          1                   0.0001000           15083               974.22              15.48               24.60               7165691.00          224                 13.28               16.86               16.95               97704.00            -5.871333           -56.496545          F 
150172                          1                   0.0001000           15083               974.22              15.48               24.60               7165691.00          122                 2.12                57.61               57.79               15575.00            -3.292151           -52.685423          F 
140023                          1                   0.0001000           15083               974.22              15.48               24.60               7165691.00          4                   1.13                3.54                3.54                8300.00             0.914772            -59.338066          F 
130110                          1                   0.0001000           15083               974.22              15.48               24.60               7165691.00          98                  4.50                21.76               21.81               33132.00            -3.770658           -60.183093          F 
130185                          1                   0.0001000           15083               974.22              15.48               24.60               7165691.00          37                  5.62                6.58                6.58                41373.00            -3.095148           -60.480667          F 
140050                          1                   0.0001000           15083               974.22              15.48               24.60               7165691.00          5                   0.94                5.33                5.33                6898.00             0.635650            -59.844809          F 
130080                          1                   0.0001000           15083               974.22              15.48               24.60               7165691.00          30                  4.82                6.22                6.23                35448.00            -4.957034           -59.534428          F 
160027                          1                   0.0001000           15083               974.22              15.48               24.60               7165691.00          24                  5.55                4.32                4.33                40819.00            1.096940            -53.306000          F 
160080                          1                   0.0001000           15083               974.22              15.48               24.60               7165691.00          21                  1.73                12.14               12.14               12725.00            -0.997903           -52.061167          F 
130255                          1                   0.0001000           15083               974.22              15.48               24.60               7165691.00          17                  3.21                5.30                5.31                23575.00            -3.779354           -60.697327          F 
150835                          1                   0.0001000           15083               974.22              15.48               24.60               7165691.00          6                   1.85                3.24                3.24                13607.00            -3.141047           -51.973342          F 
140060                          1                   0.0001000           15083               974.22              15.48               24.60               7165691.00          0                   0.93                0                   0                   6860.00             0.884349            -60.151701          F 
130250                          1                   0.0001000           15083               974.22              15.48               24.60               7165691.00          104                 11.70               8.89                8.91                86078.00            -3.291606           -60.958222          F 
160040                          1                   0.0001000           15083               974.22              15.48               24.60               7165691.00          103                 2.37                43.49               43.60               17419.00            -0.0730322          -51.943908          F 
150310                          1                   0.0001000           15083               974.22              15.48               24.60               7165691.00          1                   4.01                0.25                0.25                29520.00            -1.151921           -51.555276          F 
140047                          1                   0.0001000           15083               974.22              15.48               24.60               7165691.00          0                   3.37                0                   0                   24808.00            0.0378310           -61.010414          F 
160015                          1                   0.0001000           15083               974.22              15.48               24.60               7165691.00          94                  1.54                61.23               61.38               11291.00            1.157828            -52.523712          F 
150780                          1                   0.0001000           15083               974.22              15.48               24.60               7165691.00          17                  1.75                9.74                9.74                12840.00            -4.171559           -51.773388          F 
150060                          1                   0.0001000           15083               974.22              15.48               24.60               7165691.00          610                 13.70               44.54               45.23               100736.00           -6.486303           -53.886671          F 
130320                          1                   0.0001000           15083               974.22              15.48               24.60               7165691.00          46                  2.05                22.39               22.41               15112.00            -2.046996           -61.701836          F 
150450                          1                   0.0001000           15083               974.22              15.48               24.60               7165691.00          0                   3.41                0                   0                   25095.00            -1.607856           -51.104066          F 
160053                          1                   0.0001000           15083               974.22              15.48               24.60               7165691.00          326                 2.35                138.99              140.15              17252.00            0.587711            -51.673569          F 
130008                          1                   0.0001000           15083               974.22              15.48               24.60               7165691.00          2                   1.43                1.40                1.40                10494.00            -3.502503           -61.716696          F 
160060                          1                   0.0001000           15083               974.22              15.48               24.60               7165691.00          734                 13.98               52.49               53.47               102860.00           0.128476            -51.379449          F 
160005                          1                   0.0001000           15083               974.22              15.48               24.60               7165691.00          52                  0.61                85.70               85.81               4463.00             1.649528            -52.270468          F 
130083                          1                   0.0001000           15083               974.22              15.48               24.60               7165691.00          1                   1.51                0.66                0.66                11142.00            -3.081969           -61.877491          F 
150580                          1                   0.0001000           15083               974.22              15.48               24.60               7165691.00          45                  7.24                6.22                6.22                53256.00            -2.565541           -50.955536          F 
150085                          1                   0.0001000           15083               974.22              15.48               24.60               7165691.00          588                 2.91                202.12              205.19              21398.00            -3.997294           -51.301209          F 
150375                          1                   0.0001000           15083               974.22              15.48               24.60               7165691.00          83                  1.93                42.92               43.01               14223.00            -7.445178           -57.302829          F 
140020                          1                   0.0001000           15083               974.22              15.48               24.60               7165691.00          15                  2.54                5.90                5.90                18714.00            0.990862            -61.471950          F 
160023                          1                   0.0001000           15083               974.22              15.48               24.60               7165691.00          29                  0.81                35.71               35.73               5974.00             0.958713            -51.419182          F 
140017                          1                   0.0001000           15083               974.22              15.48               24.60               7165691.00          0                   1.95                0                   0                   14311.00            2.272838            -60.542067          F 
150180                          1                   0.0001000           15083               974.22              15.48               24.60               7165691.00          231                 12.76               18.11               18.21               93835.00            -1.121333           -50.628584          F 
130063                          1                   0.0001000           15083               974.22              15.48               24.60               7165691.00          5                   2.15                2.32                2.32                15827.00            -4.603475           -61.787364          F 
150030                          1                   0.0001000           15083               974.22              15.48               24.60               7165691.00          435                 4.82                90.21               91.22               35467.00            -0.263841           -50.727746          F 
140015                          1                   0.0001000           15083               974.22              15.48               24.60               7165691.00          82                  1.50                54.50               54.61               11067.00            2.787148            -60.100125          F 
130010                          1                   0.0001000           15083               974.22              15.48               24.60               7165691.00          13                  2.27                5.73                5.73                16701.00            -4.186645           -62.073001          F 
150548                          1                   0.0001000           15083               974.22              15.48               24.60               7165691.00          25                  5.55                4.50                4.51                40830.00            -3.684058           -50.631545          F 
150503                          1                   0.0001000           15083               974.22              15.48               24.60               7165691.00          571                 3.42                167.07              169.54              25138.00            -8.062463           -55.612052          F 
160030                          1                   0.0001000           15083               974.22              15.48               24.60               7165691.00          1248                55.34               22.55               23.26               407023.00           0.554818            -50.700863          F 
150110                          1                   0.0001000           15083               974.22              15.48               24.60               7165691.00          31                  3.35                9.25                9.26                24644.00            -2.372794           -50.181886          F 
160055                          1                   0.0001000           15083               974.22              15.48               24.60               7165691.00          2                   0.53                3.76                3.76                3909.00             1.625299            -51.277065          F 
130330                          1                   0.0001000           15083               974.22              15.48               24.60               7165691.00          23                  2.96                7.77                7.77                21784.00            -6.825051           -60.477192          F 
160025                          1                   0.0001000           15083               974.22              15.48               24.60               7165691.00          0                   0.59                0                   0                   4370.00             0.532233            -50.651554          F 
160070                          1                   0.0001000           15083               974.22              15.48               24.60               7165691.00          44                  1.76                24.93               24.96               12981.00            1.294034            -50.985687          F 
150280                          1                   0.0001000           15083               974.22              15.48               24.60               7165691.00          82                  3.97                20.65               20.69               29204.00            -1.583580           -49.988115          F 
130014                          1                   0.0001000           15083               974.22              15.48               24.60               7165691.00          57                  2.49                22.88               22.91               18325.00            -7.759871           -59.431439          F 
150520                          1                   0.0001000           15083               974.22              15.48               24.60               7165691.00          697                 3.94                176.75              179.95              29005.00            -2.278960           -49.902322          F 
150070                          1                   0.0001000           15083               974.22              15.48               24.60               7165691.00          283                 3.43                82.43               83.02               25253.00            -0.827103           -49.962044          F 
140010                          1                   0.0001000           15083               974.22              15.48               24.60               7165691.00          824                 39.53               20.85               21.27               290741.00           3.117964            -60.717850          F 
130130                          1                   0.0001000           15083               974.22              15.48               24.60               7165691.00          8                   3.21                2.49                2.49                23643.00            -3.289026           -62.972665          F 
160021                          1                   0.0001000           15083               974.22              15.48               24.60               7165691.00          1                   0.65                1.53                1.53                4805.00             1.030315            -50.483699          F 
150506                          1                   0.0001000           15083               974.22              15.48               24.60               7165691.00          256                 8.65                29.60               29.79               63603.00            -4.502833           -50.271560          F 
160020                          1                   0.0001000           15083               974.22              15.48               24.60               7165691.00          3                   1.25                2.41                2.41                9174.00             2.430849            -51.404322          F 
130270                          1                   0.0001000           15083               974.22              15.48               24.60               7165691.00          42                  6.49                6.48                6.48                47706.00            -6.459804           -61.446481          F 
150730                          1                   0.0001000           15083               974.22              15.48               24.60               7165691.00          3                   13.01               0.23                0.23                95694.00            -7.233186           -52.252675          F 
160050                          1                   0.0001000           15083               974.22              15.48               24.60               7165691.00          12                  2.87                4.18                4.19                21094.00            3.088524            -51.904801          F 
150770                          1                   0.0001000           15083               974.22              15.48               24.60               7165691.00          98                  3.17                30.93               31.00               23306.00            -1.434046           -49.680194          F 
150120                          1                   0.0001000           15083               974.22              15.48               24.60               7165691.00          279                 5.18                53.87               54.25               38092.00            -3.129242           -49.698861          F 
140040                          1                   0.0001000           15083               974.22              15.48               24.60               7165691.00          4                   1.24                3.21                3.21                9155.00             3.878942            -60.064912          F 
150810                          1                   0.0001000           15083               974.22              15.48               24.60               7165691.00          808                 13.45               60.08               61.33               98919.00            -3.855790           -49.820813          F 
150250                          1                   0.0001000           15083               974.22              15.48               24.60               7165691.00          26                  2.89                8.98                8.99                21286.00            -0.0296229          -49.829440          F 
510080                          1                   0.0001000           15083               974.22              15.48               24.60               7165691.00          1                   1.18                0.84                0.84                8713.00             -8.753341           -57.827599          F 
150210                          1                   0.0001000           15083               974.22              15.48               24.60               7165691.00          251                 16.68               15.05               15.14               122682.00           -2.253113           -49.513615          F 
160010                          1                   0.0001000           15083               974.22              15.48               24.60               7165691.00          11                  1.11                9.94                9.94                8142.00             1.764026            -50.581371          F 
150400                          1                   0.0001000           15083               974.22              15.48               24.60               7165691.00          84                  3.46                24.29               24.34               25440.00            -1.864288           -49.469256          F 
150808                          1                   0.0001000           15083               974.22              15.48               24.60               7165691.00          4                   4.67                0.86                0.86                34333.00            -6.820174           -51.391396          F 
150460                          1                   0.0001000           15083               974.22              15.48               24.60               7165691.00          130                 3.70                35.15               35.26               27206.00            -2.576520           -49.465753          F 
140030                          1                   0.0001000           15083               974.22              15.48               24.60               7165691.00          37                  2.05                18.07               18.08               15064.00            2.510145            -61.983632          F 
130040                          1                   0.0001000           15083               974.22              15.48               24.60               7165691.00          5                   3.51                1.42                1.42                25835.00            -0.465180           -63.434588          F 
150490                          1                   0.0001000           15083               974.22              15.48               24.60               7165691.00          19                  4.74                4.01                4.01                34875.00            -1.355540           -49.309395          F 
150640                          1                   0.0001000           15083               974.22              15.48               24.60               7165691.00          6                   1.14                5.27                5.27                8378.00             -0.583158           -49.314290          F 
150553                          1                   0.0001000           15083               974.22              15.48               24.60               7165691.00          36                  21.78               1.65                1.65                160228.00           -6.155342           -50.496123          F 
150370                          1                   0.0001000           15083               974.22              15.48               24.60               7165691.00          25                  6.98                3.58                3.58                51340.00            -5.114819           -49.869663          F 
140028                          1                   0.0001000           15083               974.22              15.48               24.60               7165691.00          45                  1.22                36.79               36.83               8997.00             2.186649            -62.468913          F 
150178                          1                   0.0001000           15083               974.22              15.48               24.60               7165691.00          196                 7.35                26.68               26.81               54032.00            -3.733432           -49.370902          F 
150330                          1                   0.0001000           15083               974.22              15.48               24.60               7165691.00          37                  7.95                4.65                4.66                58497.00            -2.062684           -49.130853          F 
150420                          1                   0.0001000           15083               974.22              15.48               24.60               7165691.00          165                 32.45               5.08                5.10                238708.00           -5.629796           -50.017016          F 
150470                          1                   0.0001000           15083               974.22              15.48               24.60               7165691.00          21                  9.70                2.17                2.17                71329.00            -2.683914           -49.073983          F 
150570                          1                   0.0001000           15083               974.22              15.48               24.60               7165691.00          130                 3.61                36.00               36.12               26560.00            -1.117579           -49.077239          F 
150543                          1                   0.0001000           15083               974.22              15.48               24.60               7165691.00          2                   3.80                0.53                0.53                27964.00            -7.525492           -51.432537          F 
140045                          1                   0.0001000           15083               974.22              15.48               24.60               7165691.00          5                   1.45                3.44                3.44                10697.00            4.168751            -60.839425          F 
150010                          1                   0.0001000           15083               974.22              15.48               24.60               7165691.00          46                  19.41               2.37                2.37                142785.00           -1.730297           -48.883073          F 
510629                          1                   0.0001000           15083               974.22              15.48               24.60               7165691.00          0                   1.46                0                   0                   10717.00            -9.593078           -56.684722          F 
150200                          1                   0.0001000           15083               974.22              15.48               24.60               7165691.00          15                  2.83                5.30                5.31                20801.00            -0.869047           -48.877684          F 
140070                          1                   0.0001000           15083               974.22              15.48               24.60               7165691.00          1                   1.17                0.86                0.86                8572.00             4.683843            -60.280731          F 
150034                          1                   0.0001000           15083               974.22              15.48               24.60               7165691.00          0                   3.44                0                   0                   25285.00            -6.773035           -50.430070          F 
150309                          1                   0.0001000           15083               974.22              15.48               24.60               7165691.00          124                 4.22                29.39               29.48               31031.00            -4.027408           -49.005681          F 
150380                          1                   0.0001000           15083               974.22              15.48               24.60               7165691.00          360                 7.10                50.74               51.20               52190.00            -4.598468           -49.181178          F 
150215                          1                   0.0001000           15083               974.22              15.48               24.60               7165691.00          7                   3.80                1.84                1.84                27928.00            -6.424110           -50.085921          F 
150795                          1                   0.0001000           15083               974.22              15.48               24.60               7165691.00          1184                11.21               105.65              108.92              82433.00            -2.907824           -48.736640          F 
150497                          1                   0.0001000           15083               974.22              15.48               24.60               7165691.00          67                  2.02                33.17               33.22               14858.00            -4.980996           -49.230674          F 
210197                          2                   0.0001000           998                 325.34              3.07                3.12                2392929.00          11                  1.11                9.91                9.91                8166.00             -1.762813           -46.178716          F 
210565                          2                   0.0001000           998                 325.34              3.07                3.12                2392929.00          8                   0.53                15.07               15.08               3904.00             -1.917746           -46.115749          F 
210055                          2                   0.0001000           998                 325.34              3.07                3.12                2392929.00          4                   0.88                4.52                4.52                6508.00             -1.673095           -45.948022          F 
210632                          2                   0.0001000           998                 325.34              3.07                3.12                2392929.00          42                  2.65                15.86               15.87               19484.00            -1.982063           -45.992607          F 
150195                          2                   0.0001000           998                 325.34              3.07                3.12                2392929.00          8                   3.72                2.15                2.15                27332.00            -1.991029           -46.439673          F 
150830                          2                   0.0001000           998                 325.34              3.07                3.12                2392929.00          1                   7.77                0.13                0.13                57148.00            -1.532521           -46.455573          F 
210290                          2                   0.0001000           998                 325.34              3.07                3.12                2392929.00          0                   3.03                0                   0                   22266.00            -1.348704           -46.026931          F 
210467                          2                   0.0001000           998                 325.34              3.07                3.12                2392929.00          14                  3.45                4.06                4.06                25361.00            -2.061555           -45.818133          F 
210620                          2                   0.0001000           998                 325.34              3.07                3.12                2392929.00          0                   0.89                0                   0                   6570.00             -1.390162           -45.890423          F 
210260                          2                   0.0001000           998                 325.34              3.07                3.12                2392929.00          1                   2.54                0.39                0.39                18678.00            -1.618742           -45.675606          F 
210430                          2                   0.0001000           998                 325.34              3.07                3.12                2392929.00          4                   1.48                2.70                2.70                10890.00            -1.377268           -45.766129          F 
210315                          2                   0.0001000           998                 325.34              3.07                3.12                2392929.00          5                   1.76                2.84                2.84                12966.00            -2.367505           -46.128105          F 
210923                          2                   0.0001000           998                 325.34              3.07                3.12                2392929.00          1                   0.88                1.14                1.14                6471.00             -2.318820           -45.773469          F 
211240                          2                   0.0001000           998                 325.34              3.07                3.12                2392929.00          2                   4.64                0.43                0.43                34136.00            -1.768087           -45.464707          F 
210637                          2                   0.0001000           998                 325.34              3.07                3.12                2392929.00          2                   1.97                1.01                1.01                14496.00            -2.452057           -45.988295          F 
150090                          2                   0.0001000           998                 325.34              3.07                3.12                2392929.00          4                   5.58                0.72                0.72                41072.00            -1.105417           -46.507365          F 
150655                          2                   0.0001000           998                 325.34              3.07                3.12                2392929.00          4                   2.64                1.51                1.51                19426.00            -1.657453           -46.927109          F 
150170                          2                   0.0001000           998                 325.34              3.07                3.12                2392929.00          6                   15.60               0.38                0.38                114720.00           -1.197930           -46.765458          F 
211245                          2                   0.0001000           998                 325.34              3.07                3.12                2392929.00          14                  3.16                4.42                4.43                23277.00            -2.159310           -45.437701          F 
211003                          2                   0.0001000           998                 325.34              3.07                3.12                2392929.00          3                   3.11                0.97                0.97                22842.00            -2.539736           -45.792268          F 
150495                          2                   0.0001000           998                 325.34              3.07                3.12                2392929.00          18                  2.75                6.54                6.54                20255.00            -2.392513           -46.899644          F 
150307                          2                   0.0001000           998                 325.34              3.07                3.12                2392929.00          6                   3.41                1.76                1.76                25096.00            -2.168291           -47.075261          F 
150540                          2                   0.0001000           998                 325.34              3.07                3.12                2392929.00          2                   2.24                0.89                0.89                16458.00            -1.496053           -47.139522          F 
210130                          2                   0.0001000           998                 325.34              3.07                3.12                2392929.00          2                   2.27                0.88                0.88                16686.00            -1.686061           -45.164058          F 
210980                          2                   0.0001000           998                 325.34              3.07                3.12                2392929.00          11                  5.40                2.04                2.04                39743.00            -2.426092           -45.383311          F 
150803                          2                   0.0001000           998                 325.34              3.07                3.12                2392929.00          5                   3.78                1.32                1.32                27817.00            -1.045587           -46.941414          F 
150230                          2                   0.0001000           998                 325.34              3.07                3.12                2392929.00          12                  7.08                1.70                1.70                52056.00            -2.043740           -47.234217          F 
150220                          2                   0.0001000           998                 325.34              3.07                3.12                2392929.00          11                  8.72                1.26                1.26                64139.00            -1.143452           -47.119404          F 
210083                          2                   0.0001000           998                 325.34              3.07                3.12                2392929.00          0                   2.07                0                   0                   15255.00            -1.534646           -45.075489          F 
210735                          2                   0.0001000           998                 325.34              3.07                3.12                2392929.00          5                   2.64                1.90                1.90                19401.00            -2.896221           -45.955324          F 
210927                          2                   0.0001000           998                 325.34              3.07                3.12                2392929.00          40                  2.37                16.88               16.90               17430.00            -2.586560           -45.361129          F 
211178                          2                   0.0001000           998                 325.34              3.07                3.12                2392929.00          0                   1.51                0                   0                   11080.00            -1.866297           -45.018228          F 
150160                          2                   0.0001000           998                 325.34              3.07                3.12                2392929.00          0                   1.89                0                   0                   13923.00            -1.387175           -47.302176          F 
150350                          2                   0.0001000           998                 325.34              3.07                3.12                2392929.00          12                  4.27                2.81                2.81                31429.00            -1.812345           -47.399582          F 
150611                          2                   0.0001000           998                 325.34              3.07                3.12                2392929.00          0                   1.70                0                   0                   12527.00            -0.851989           -47.016406          F 
150610                          2                   0.0001000           998                 325.34              3.07                3.12                2392929.00          2                   1.40                1.43                1.43                10310.00            -0.952598           -47.131419          F 
150560                          2                   0.0001000           998                 325.34              3.07                3.12                2392929.00          0                   1.07                0                   0                   7861.00             -1.130490           -47.271962          F 
210860                          2                   0.0001000           998                 325.34              3.07                3.12                2392929.00          42                  10.72               3.92                3.92                78875.00            -2.504333           -45.132674          F 
150405                          2                   0.0001000           998                 325.34              3.07                3.12                2392929.00          18                  3.82                4.71                4.71                28100.00            -1.990967           -47.512595          F 
150500                          2                   0.0001000           998                 325.34              3.07                3.12                2392929.00          0                   1.88                0                   0                   13844.00            -1.156396           -47.392223          F 
210370                          2                   0.0001000           998                 325.34              3.07                3.12                2392929.00          0                   4.43                0                   0                   32568.00            -1.675758           -44.820339          F 
210680                          2                   0.0001000           998                 325.34              3.07                3.12                2392929.00          0                   1.95                0                   0                   14311.00            -2.058483           -44.843135          F 
210317                          2                   0.0001000           998                 325.34              3.07                3.12                2392929.00          0                   2.44                0                   0                   17949.00            -3.086137           -46.538028          F 
210087                          2                   0.0001000           998                 325.34              3.07                3.12                2392929.00          1                   1.93                0.52                0.52                14226.00            -3.079638           -45.787376          F 
150660                          2                   0.0001000           998                 325.34              3.07                3.12                2392929.00          1                   3.15                0.32                0.32                23193.00            -1.374399           -47.521540          F 
210312                          2                   0.0001000           998                 325.34              3.07                3.12                2392929.00          0                   1.09                0                   0                   8005.00             -2.261293           -44.869742          F 
150747                          2                   0.0001000           998                 325.34              3.07                3.12                2392929.00          0                   2.84                0                   0                   20890.00            -0.781377           -47.212228          F 
150690                          2                   0.0001000           998                 325.34              3.07                3.12                2392929.00          1                   0.84                1.19                1.19                6195.00             -0.913244           -47.332848          F 
210825                          2                   0.0001000           998                 325.34              3.07                3.12                2392929.00          0                   3.14                0                   0                   23099.00            -2.989105           -45.429993          F 
150760                          2                   0.0001000           998                 325.34              3.07                3.12                2392929.00          18                  7.12                2.53                2.53                52350.00            -1.552591           -47.611298          F 
210760                          2                   0.0001000           998                 325.34              3.07                3.12                2392929.00          0                   2.57                0                   0                   18879.00            -2.692804           -45.025090          F 
210840                          2                   0.0001000           998                 325.34              3.07                3.12                2392929.00          0                   1.88                0                   0                   13859.00            -2.571722           -44.895419          F 
150320                          2                   0.0001000           998                 325.34              3.07                3.12                2392929.00          30                  4.92                6.10                6.11                36155.00            -1.145181           -47.566207          F 
211400                          2                   0.0001000           998                 325.34              3.07                3.12                2392929.00          14                  6.88                2.03                2.04                50603.00            -3.275512           -45.968477          F 
210190                          2                   0.0001000           998                 325.34              3.07                3.12                2392929.00          1                   2.77                0.36                0.36                20393.00            -2.424873           -44.787402          F 
210905                          2                   0.0001000           998                 325.34              3.07                3.12                2392929.00          0                   0.82                0                   0                   6003.00             -1.888685           -44.636305          F 
211050                          2                   0.0001000           998                 325.34              3.07                3.12                2392929.00          0                   5.63                0                   0                   41420.00            -2.798485           -44.999458          F 
210490                          2                   0.0001000           998                 325.34              3.07                3.12                2392929.00          1                   1.64                0.61                0.61                12038.00            -2.145211           -44.643259          F 
150620                          2                   0.0001000           998                 325.34              3.07                3.12                2392929.00          2                   5.13                0.39                0.39                37726.00            -0.686004           -47.352242          F 
150720                          2                   0.0001000           998                 325.34              3.07                3.12                2392929.00          3                   4.08                0.73                0.73                30033.00            -1.883708           -47.771736          F 
210310                          2                   0.0001000           998                 325.34              3.07                3.12                2392929.00          0                   1.41                0                   0                   10336.00            -1.980737           -44.594662          F 
150095                          2                   0.0001000           998                 325.34              3.07                3.12                2392929.00          10                  3.68                2.72                2.72                27069.00            -2.231219           -47.726444          F 
150430                          2                   0.0001000           998                 325.34              3.07                3.12                2392929.00          0                   3.87                0                   0                   28438.00            -0.803257           -47.496500          F 
150740                          2                   0.0001000           998                 325.34              3.07                3.12                2392929.00          1                   2.06                0.49                0.49                15123.00            -1.206167           -47.746733          F 
211170                          2                   0.0001000           998                 325.34              3.07                3.12                2392929.00          0                   2.86                0                   0                   21052.00            -2.877163           -44.939344          F 
210465                          2                   0.0001000           998                 325.34              3.07                3.12                2392929.00          0                   1.61                0                   0                   11869.00            -3.421759           -45.920143          F 
210745                          2                   0.0001000           998                 325.34              3.07                3.12                2392929.00          0                   1.82                0                   0                   13415.00            -2.975264           -45.010113          F 
210830                          2                   0.0001000           998                 325.34              3.07                3.12                2392929.00          0                   4.72                0                   0                   34716.00            -3.251174           -45.285441          F 
150410                          2                   0.0001000           998                 325.34              3.07                3.12                2392929.00          1                   1.11                0.90                0.90                8147.00             -0.810172           -47.635389          F 
210650                          2                   0.0001000           998                 325.34              3.07                3.12                2392929.00          0                   3.00                0                   0                   22089.00            -3.071373           -45.001708          F 
210020                          2                   0.0001000           998                 325.34              3.07                3.12                2392929.00          0                   2.98                0                   0                   21894.00            -2.394058           -44.531518          F 
150240                          2                   0.0001000           998                 325.34              3.07                3.12                2392929.00          24                  23.94               1.00                1.00                176116.00           -1.269030           -47.876877          F 
150340                          2                   0.0001000           998                 325.34              3.07                3.12                2392929.00          1                   1.39                0.72                0.72                10218.00            -1.464844           -47.923111          F 
150440                          2                   0.0001000           998                 325.34              3.07                3.12                2392929.00          4                   3.64                1.10                1.10                26750.00            -0.841902           -47.709170          F 
150275                          2                   0.0001000           998                 325.34              3.07                3.12                2392929.00          18                  3.91                4.60                4.60                28773.00            -1.883885           -47.974776          F 
210135                          2                   0.0001000           998                 325.34              3.07                3.12                2392929.00          0                   0.73                0                   0                   5341.00             -2.690822           -44.632263          F 
211102                          2                   0.0001000           998                 325.34              3.07                3.12                2392929.00          0                   1.67                0                   0                   12278.00            -3.559519           -46.392487          F 
211280                          2                   0.0001000           998                 325.34              3.07                3.12                2392929.00          0                   6.78                0                   0                   49883.00            -3.156166           -45.002041          F 
150796                          2                   0.0001000           998                 325.34              3.07                3.12                2392929.00          0                   1.42                0                   0                   10416.00            -1.003059           -47.848579          F 
211100                          2                   0.0001000           998                 325.34              3.07                3.12                2392929.00          0                   2.72                0                   0                   19997.00            -3.004516           -44.758863          F 
150190                          2                   0.0001000           998                 325.34              3.07                3.12                2392929.00          4                   3.54                1.13                1.13                26053.00            -1.634175           -48.088935          F 
210690                          2                   0.0001000           998                 325.34              3.07                3.12                2392929.00          0                   4.37                0                   0                   32157.00            -3.479863           -45.320156          F 
210240                          2                   0.0001000           998                 325.34              3.07                3.12                2392929.00          0                   1.45                0                   0                   10668.00            -2.863788           -44.573311          F 
150290                          2                   0.0001000           998                 325.34              3.07                3.12                2392929.00          2                   4.75                0.42                0.42                34918.00            -0.743027           -47.863156          F 
210250                          2                   0.0001000           998                 325.34              3.07                3.12                2392929.00          0                   2.51                0                   0                   18472.00            -3.382683           -45.030399          F 
150650                          2                   0.0001000           998                 325.34              3.07                3.12                2392929.00          7                   8.25                0.85                0.85                60712.00            -1.365116           -48.129247          F 
150746                          2                   0.0001000           998                 325.34              3.07                3.12                2392929.00          2                   0.73                2.75                2.75                5359.00             -0.870550           -47.964438          F 
150550                          2                   0.0001000           998                 325.34              3.07                3.12                2392929.00          336                 13.52               24.85               25.06               99459.00            -3.203446           -47.603092          F 
150345                          2                   0.0001000           998                 325.34              3.07                3.12                2392929.00          196                 7.25                27.04               27.17               53318.00            -2.805973           -47.921740          F 
510385                          3                   0.0001000           106                 39.47               2.69                2.69                875643.00           0                   0.29                0                   0                   6423.00             -12.996255          -53.455995          F 
510630                          3                   0.0001000           106                 39.47               2.69                2.69                875643.00           0                   0.88                0                   0                   19593.00            -13.676744          -54.108586          F 
510270                          3                   0.0001000           106                 39.47               2.69                2.69                875643.00           0                   0.86                0                   0                   19011.00            -13.331224          -52.398800          F 
510706                          3                   0.0001000           106                 39.47               2.69                2.69                875643.00           0                   0.61                0                   0                   13475.00            -12.161387          -52.742100          F 
510624                          3                   0.0001000           106                 39.47               2.69                2.69                875643.00           0                   0.43                0                   0                   9492.00             -12.990775          -54.766813          F 
510370                          3                   0.0001000           106                 39.47               2.69                2.69                875643.00           0                   0.51                0                   0                   11253.00            -11.918239          -54.167552          F 
510020                          3                   0.0001000           106                 39.47               2.69                2.69                875643.00           0                   0.96                0                   0                   21325.00            -13.977087          -52.499920          F 
510260                          3                   0.0001000           106                 39.47               2.69                2.69                875643.00           0                   0.65                0                   0                   14450.00            -14.374493          -53.129163          F 
510830                          3                   0.0001000           106                 39.47               2.69                2.69                875643.00           0                   0.17                0                   0                   3727.00             -11.528079          -54.315704          F 
510724                          3                   0.0001000           106                 39.47               2.69                2.69                875643.00           1                   0.19                5.38                5.38                4122.00             -11.935890          -54.903014          F 
510718                          3                   0.0001000           106                 39.47               2.69                2.69                875643.00           0                   0.41                0                   0                   9001.00             -12.874322          -51.567902          F 
510185                          3                   0.0001000           106                 39.47               2.69                2.69                875643.00           0                   0.25                0                   0                   5436.00             -12.216986          -51.739360          F 
510625                          3                   0.0001000           106                 39.47               2.69                2.69                875643.00           0                   0.89                0                   0                   19782.00            -14.592851          -52.409471          F 
510617                          3                   0.0001000           106                 39.47               2.69                2.69                875643.00           0                   0.14                0                   0                   3109.00             -14.155878          -51.889764          F 
510850                          3                   0.0001000           106                 39.47               2.69                2.69                875643.00           0                   0.47                0                   0                   10326.00            -12.420937          -55.345256          F 
510776                          3                   0.0001000           106                 39.47               2.69                2.69                875643.00           0                   0.12                0                   0                   2585.00             -13.832607          -55.294029          F 
510645                          3                   0.0001000           106                 39.47               2.69                2.69                875643.00           0                   0.12                0                   0                   2714.00             -14.589849          -54.673101          F 
510035                          3                   0.0001000           106                 39.47               2.69                2.69                875643.00           0                   0.24                0                   0                   5402.00             -11.810796          -51.749943          F 
510628                          3                   0.0001000           106                 39.47               2.69                2.69                875643.00           0                   0.27                0                   0                   5924.00             -15.078424          -53.240963          F 
510785                          3                   0.0001000           106                 39.47               2.69                2.69                875643.00           0                   0.48                0                   0                   10716.00            -11.452949          -51.961623          F 
510792                          3                   0.0001000           106                 39.47               2.69                2.69                875643.00           0                   3.11                0                   0                   68894.00            -12.741400          -55.677809          F 
510558                          3                   0.0001000           106                 39.47               2.69                2.69                875643.00           0                   0.53                0                   0                   11819.00            -10.886197          -54.053071          F 
510305                          3                   0.0001000           106                 39.47               2.69                2.69                875643.00           0                   0.50                0                   0                   11122.00            -11.448470          -55.048169          F 
510704                          3                   0.0001000           106                 39.47               2.69                2.69                875643.00           0                   2.39                0                   0                   53003.00            -15.098729          -54.219746          F 
510788                          3                   0.0001000           106                 39.47               2.69                2.69                875643.00           0                   0.063               0                   0                   1392.00             -12.022095          -51.362144          F 
510620                          3                   0.0001000           106                 39.47               2.69                2.69                875643.00           0                   0.20                0                   0                   4495.00             -14.787594          -55.044963          F 
510790                          3                   0.0001000           106                 39.47               2.69                2.69                875643.00           5                   5.23                0.96                0.96                116013.00           -11.711912          -55.499834          F 
510269                          3                   0.0001000           106                 39.47               2.69                2.69                875643.00           0                   0.21                0                   0                   4770.00             -11.201057          -51.823179          F 
510310                          3                   0.0001000           106                 39.47               2.69                2.69                875643.00           0                   0.25                0                   0                   5500.00             -13.868782          -51.147459          F 
510735                          3                   0.0001000           106                 39.47               2.69                2.69                875643.00           0                   0.24                0                   0                   5266.00             -10.696430          -52.616401          F 
510619                          3                   0.0001000           106                 39.47               2.69                2.69                875643.00           0                   0.16                0                   0                   3487.00             -10.920430          -54.900941          F 
510180                          3                   0.0001000           106                 39.47               2.69                2.69                875643.00           0                   2.56                0                   0                   56903.00            -15.359689          -52.497248          F 
510390                          3                   0.0001000           106                 39.47               2.69                2.69                875643.00           0                   0.23                0                   0                   5079.00             -15.557947          -53.391736          F 
510631                          3                   0.0001000           106                 39.47               2.69                2.69                875643.00           0                   0.093               0                   0                   2068.00             -12.316068          -50.888796          F 
510525                          3                   0.0001000           106                 39.47               2.69                2.69                875643.00           0                   2.14                0                   0                   47570.00            -13.037820          -56.166103          F 
510590                          3                   0.0001000           106                 39.47               2.69                2.69                875643.00           0                   0.68                0                   0                   15003.00            -14.368474          -55.792674          F 
510622                          3                   0.0001000           106                 39.47               2.69                2.69                875643.00           0                   1.49                0                   0                   33034.00            -13.630225          -56.104794          F 
510100                          3                   0.0001000           106                 39.47               2.69                2.69                875643.00           0                   0.14                0                   0                   3179.00             -15.126839          -51.804091          F 
510452                          3                   0.0001000           106                 39.47               2.69                2.69                875643.00           0                   0.24                0                   0                   5381.00             -12.014634          -56.055922          F 
510677                          3                   0.0001000           106                 39.47               2.69                2.69                875643.00           0                   0.49                0                   0                   10911.00            -10.825476          -51.712660          F 
510267                          3                   0.0001000           106                 39.47               2.69                2.69                875643.00           0                   1.47                0                   0                   32692.00            -15.346163          -54.960330          F 
510455                          3                   0.0001000           106                 39.47               2.69                2.69                875643.00           0                   0.20                0                   0                   4482.00             -11.106900          -55.585363          F 
510642                          3                   0.0001000           106                 39.47               2.69                2.69                875643.00           12                  1.40                8.54                8.54                31169.00            -10.147782          -53.587442          F 
510810                          3                   0.0001000           106                 39.47               2.69                2.69                875643.00           0                   0.15                0                   0                   3436.00             -15.893517          -53.456248          F 
510805                          3                   0.0001000           106                 39.47               2.69                2.69                875643.00           2                   0.50                4.00                4.00                11107.00            -10.507189          -54.979631          F 
510300                          3                   0.0001000           106                 39.47               2.69                2.69                875643.00           0                   0.81                0                   0                   17980.00            -15.110633          -55.540735          F 
510700                          3                   0.0001000           106                 39.47               2.69                2.69                875643.00           0                   0.78                0                   0                   17412.00            -15.853389          -54.182186          F 
510360                          3                   0.0001000           106                 39.47               2.69                2.69                875643.00           0                   0.37                0                   0                   8152.00             -15.658390          -54.773123          F 
510770                          3                   0.0001000           106                 39.47               2.69                2.69                875643.00           0                   0.79                0                   0                   17601.00            -14.767668          -55.935107          F 
510665                          3                   0.0001000           106                 39.47               2.69                2.69                875643.00           0                   0.25                0                   0                   5522.00             -15.931954          -52.721550          F 
510800                          3                   0.0001000           106                 39.47               2.69                2.69                875643.00           0                   0.48                0                   0                   10722.00            -12.570964          -56.531900          F 
521483                          3                   0.0001000           106                 39.47               2.69                2.69                875643.00           0                   0.54                0                   0                   11993.00            -14.133960          -50.561719          F 
520250                          3                   0.0001000           106                 39.47               2.69                2.69                875643.00           0                   0.35                0                   0                   7680.00             -14.805543          -50.937145          F 
510774                          3                   0.0001000           106                 39.47               2.69                2.69                875643.00           0                   0.089               0                   0                   1966.00             -10.064857          -52.541103          F 
510320                          3                   0.0001000           106                 39.47               2.69                2.69                875643.00           86                  1.40                61.60               61.73               30974.00            -10.622571          -55.468060          F 
