140005                          1                   0.0001000           8634                531.33              16.25               26.61               7516439.00          5                   1.16                4.31                4.31                16428.00            3.078187            -62.755259          F 
140002                          1                   0.0001000           8634                531.33              16.25               26.61               7516439.00          1                   0.74                1.36                1.36                10432.00            3.732874            -62.436863          F 
140028                          1                   0.0001000           8634                531.33              16.25               26.61               7516439.00          10                  0.69                14.49               14.50               9762.00             2.186649            -62.468913          F 
140030                          1                   0.0001000           8634                531.33              16.25               26.61               7516439.00          22                  1.12                19.59               19.61               15890.00            2.510145            -61.983632          F 
140010                          1                   0.0001000           8634                531.33              16.25               26.61               7516439.00          419                 21.84               19.18               19.55               308996.00           3.117964            -60.717850          F 
140045                          1                   0.0001000           8634                531.33              16.25               26.61               7516439.00          19                  0.81                23.53               23.55               11423.00            4.168751            -60.839425          F 
140017                          1                   0.0001000           8634                531.33              16.25               26.61               7516439.00          8                   1.09                7.35                7.35                15393.00            2.272838            -60.542067          F 
140020                          1                   0.0001000           8634                531.33              16.25               26.61               7516439.00          4                   1.39                2.87                2.87                19696.00            0.990862            -61.471950          F 
140015                          1                   0.0001000           8634                531.33              16.25               26.61               7516439.00          2                   0.81                2.45                2.46                11525.00            2.787148            -60.100125          F 
140040                          1                   0.0001000           8634                531.33              16.25               26.61               7516439.00          3                   0.69                4.35                4.35                9754.00             3.878942            -60.064912          F 
140070                          1                   0.0001000           8634                531.33              16.25               26.61               7516439.00          1                   0.65                1.55                1.55                9127.00             4.683843            -60.280731          F 
140060                          1                   0.0001000           8634                531.33              16.25               26.61               7516439.00          5                   0.51                9.81                9.81                7210.00             0.884349            -60.151701          F 
140047                          1                   0.0001000           8634                531.33              16.25               26.61               7516439.00          79                  1.86                42.45               42.61               26326.00            0.0378310           -61.010414          F 
130040                          1                   0.0001000           8634                531.33              16.25               26.61               7516439.00          6                   1.92                3.13                3.13                27110.00            -0.465180           -63.434588          F 
140050                          1                   0.0001000           8634                531.33              16.25               26.61               7516439.00          14                  0.51                27.19               27.21               7284.00             0.635650            -59.844809          F 
140023                          1                   0.0001000           8634                531.33              16.25               26.61               7516439.00          7                   0.62                11.22               11.22               8826.00             0.914772            -59.338066          F 
130360                          1                   0.0001000           8634                531.33              16.25               26.61               7516439.00          42                  1.48                28.31               28.37               20986.00            -0.318566           -65.522058          F 
130320                          1                   0.0001000           8634                531.33              16.25               26.61               7516439.00          10                  1.18                8.46                8.46                16719.00            -2.046996           -61.701836          F 
130353                          1                   0.0001000           8634                531.33              16.25               26.61               7516439.00          21                  2.19                9.59                9.60                30978.00            -1.372564           -59.988741          F 
130430                          1                   0.0001000           8634                531.33              16.25               26.61               7516439.00          0                   1.23                0                   0                   17367.00            -0.893871           -59.029898          F 
130380                          1                   0.0001000           8634                531.33              16.25               26.61               7516439.00          11                  2.94                3.74                3.74                41575.00            0.374453            -67.997697          F 
130280                          1                   0.0001000           8634                531.33              16.25               26.61               7516439.00          7                   1.29                5.41                5.41                18310.00            -2.428415           -65.038109          F 
130083                          1                   0.0001000           8634                531.33              16.25               26.61               7516439.00          7                   0.85                8.25                8.25                12004.00            -3.081969           -61.877491          F 
130260                          1                   0.0001000           8634                531.33              16.25               26.61               7516439.00          1432                140.12              10.22               10.88               1982177.00          -2.626021           -60.259483          F 
150530                          1                   0.0001000           8634                531.33              16.25               26.61               7516439.00          4                   4.72                0.85                0.85                66821.00            0.255032            -57.149736          F 
130130                          1                   0.0001000           8634                531.33              16.25               26.61               7516439.00          5                   1.82                2.75                2.75                25696.00            -3.289026           -62.972665          F 
130356                          1                   0.0001000           8634                531.33              16.25               26.61               7516439.00          52                  2.05                25.37               25.43               28999.00            -2.529891           -59.638156          F 
130395                          1                   0.0001000           8634                531.33              16.25               26.61               7516439.00          0                   0.86                0                   0                   12115.00            -1.946118           -58.702338          F 
150300                          1                   0.0001000           8634                531.33              16.25               26.61               7516439.00          0                   0.54                0                   0                   7680.00             -1.158833           -57.806300          F 
130185                          1                   0.0001000           8634                531.33              16.25               26.61               7516439.00          12                  3.15                3.81                3.82                44503.00            -3.095148           -60.480667          F 
130250                          1                   0.0001000           8634                531.33              16.25               26.61               7516439.00          82                  6.49                12.64               12.68               91795.00            -3.291606           -60.958222          F 
130160                          1                   0.0001000           8634                531.33              16.25               26.61               7516439.00          21                  1.55                13.59               13.60               21859.00            -2.492180           -66.358452          F 
130008                          1                   0.0001000           8634                531.33              16.25               26.61               7516439.00          6                   0.82                7.29                7.30                11636.00            -3.502503           -61.716696          F 
130426                          1                   0.0001000           8634                531.33              16.25               26.61               7516439.00          28                  0.90                30.94               30.98               12801.00            -3.167038           -65.411879          F 
130200                          1                   0.0001000           8634                531.33              16.25               26.61               7516439.00          17                  0.62                27.41               27.43               8774.00             -2.498704           -58.619577          F 
130300                          1                   0.0001000           8634                531.33              16.25               26.61               7516439.00          1                   1.40                0.71                0.71                19792.00            -1.680483           -57.656536          F 
130115                          1                   0.0001000           8634                531.33              16.25               26.61               7516439.00          11                  1.89                5.82                5.83                26722.00            -3.286228           -59.599493          F 
130255                          1                   0.0001000           8634                531.33              16.25               26.61               7516439.00          27                  1.88                14.40               14.41               26530.00            -3.779354           -60.697327          F 
130002                          1                   0.0001000           8634                531.33              16.25               26.61               7516439.00          40                  1.07                37.31               37.38               15166.00            -3.701122           -65.330652          F 
130400                          1                   0.0001000           8634                531.33              16.25               26.61               7516439.00          0                   0.63                0                   0                   8946.00             -2.822093           -58.536128          F 
130010                          1                   0.0001000           8634                531.33              16.25               26.61               7516439.00          2                   1.30                1.54                1.54                18351.00            -4.186645           -62.073001          F 
130110                          1                   0.0001000           8634                531.33              16.25               26.61               7516439.00          123                 2.50                49.11               49.39               35431.00            -3.770658           -60.183093          F 
130210                          1                   0.0001000           8634                531.33              16.25               26.61               7516439.00          4                   0.43                9.30                9.30                6083.00             -1.698117           -68.320288          F 
130190                          1                   0.0001000           8634                531.33              16.25               26.61               7516439.00          17                  6.66                2.55                2.55                94278.00            -3.174662           -58.777136          F 
130220                          1                   0.0001000           8634                531.33              16.25               26.61               7516439.00          21                  0.88                23.94               23.96               12408.00            -3.524623           -66.306825          F 
130030                          1                   0.0001000           8634                531.33              16.25               26.61               7516439.00          19                  2.51                7.56                7.57                35554.00            -3.788879           -59.528635          F 
130120                          1                   0.0001000           8634                531.33              16.25               26.61               7516439.00          26                  5.75                4.52                4.53                81325.00            -4.437162           -64.124619          F 
130423                          1                   0.0001000           8634                531.33              16.25               26.61               7516439.00          0                   1.28                0                   0                   18162.00            -2.691643           -67.827923          F 
130440                          1                   0.0001000           8634                531.33              16.25               26.61               7516439.00          0                   1.42                0                   0                   20091.00            -2.812240           -57.770143          F 
130063                          1                   0.0001000           8634                531.33              16.25               26.61               7516439.00          5                   1.23                4.08                4.08                17332.00            -4.603475           -61.787364          F 
150510                          1                   0.0001000           8634                531.33              16.25               26.61               7516439.00          5                   3.55                1.41                1.41                50171.00            -0.170427           -55.674947          F 
130068                          1                   0.0001000           8634                531.33              16.25               26.61               7516439.00          2                   1.19                1.68                1.68                16820.00            -3.138082           -57.669942          F 
130420                          1                   0.0001000           8634                531.33              16.25               26.61               7516439.00          572                 4.45                128.68              132.19              62885.00            -4.468383           -65.529278          F 
150797                          1                   0.0001000           8634                531.33              16.25               26.61               7516439.00          0                   1.25                0                   0                   17614.00            -1.952134           -56.458364          F 
130310                          1                   0.0001000           8634                531.33              16.25               26.61               7516439.00          7                   2.39                2.93                2.93                33829.00            -3.988364           -58.601783          F 
130340                          1                   0.0001000           8634                531.33              16.25               26.61               7516439.00          6                   7.72                0.78                0.78                109225.00           -2.688407           -56.854026          F 
130050                          1                   0.0001000           8634                531.33              16.25               26.61               7516439.00          0                   2.10                0                   0                   29737.00            -3.129157           -57.172390          F 
150040                          1                   0.0001000           8634                531.33              16.25               26.61               7516439.00          2                   3.82                0.52                0.52                54035.00            -0.536230           -55.069883          F 
130006                          1                   0.0001000           8634                531.33              16.25               26.61               7516439.00          26                  0.74                35.24               35.29               10436.00            -3.418321           -68.287308          F 
130080                          1                   0.0001000           8634                531.33              16.25               26.61               7516439.00          1                   2.69                0.37                0.37                38073.00            -4.957034           -59.534428          F 
150390                          1                   0.0001000           8634                531.33              16.25               26.61               7516439.00          6                   3.64                1.65                1.65                51483.00            -2.622585           -56.221232          F 
130370                          1                   0.0001000           8634                531.33              16.25               26.61               7516439.00          14                  1.72                8.14                8.15                24327.00            -3.051175           -69.087897          F 
150285                          1                   0.0001000           8634                531.33              16.25               26.61               7516439.00          1                   0.93                1.08                1.08                13097.00            -1.845743           -55.113264          F 
150050                          1                   0.0001000           8634                531.33              16.25               26.61               7516439.00          1                   2.37                0.42                0.42                33562.00            0.284350            -53.893460          F 
130290                          1                   0.0001000           8634                531.33              16.25               26.61               7516439.00          2                   4.08                0.49                0.49                57663.00            -4.984990           -58.060916          F 
150480                          1                   0.0001000           8634                531.33              16.25               26.61               7516439.00          7                   3.97                1.76                1.76                56147.00            -1.119762           -54.365806          F 
130100                          1                   0.0001000           8634                531.33              16.25               26.61               7516439.00          20                  1.94                10.32               10.33               27405.00            -5.118832           -67.337382          F 
130410                          1                   0.0001000           8634                531.33              16.25               26.61               7516439.00          4                   1.30                3.08                3.08                18383.00            -6.104509           -64.893865          F 
150100                          1                   0.0001000           8634                531.33              16.25               26.61               7516439.00          14                  1.13                12.41               12.42               15959.00            -3.667209           -56.016450          F 
130230                          1                   0.0001000           8634                531.33              16.25               26.61               7516439.00          8                   1.23                6.51                6.52                17376.00            -4.713108           -68.403854          F 
130270                          1                   0.0001000           8634                531.33              16.25               26.61               7516439.00          11                  3.63                3.03                3.03                51331.00            -6.459804           -61.446481          F 
150680                          1                   0.0001000           8634                531.33              16.25               26.61               7516439.00          143                 20.39               7.01                7.05                288462.00           -2.764647           -55.093854          F 
160027                          1                   0.0001000           8634                531.33              16.25               26.61               7516439.00          117                 3.10                37.76               37.96               43832.00            1.096940            -53.306000          F 
130406                          1                   0.0001000           8634                531.33              16.25               26.61               7516439.00          125                 4.12                30.32               30.50               58314.00            -4.027765           -69.681346          F 
150145                          1                   0.0001000           8634                531.33              16.25               26.61               7516439.00          4                   1.19                3.37                3.37                16808.00            -3.191161           -54.992826          F 
130390                          1                   0.0001000           8634                531.33              16.25               26.61               7516439.00          145                 2.47                58.67               59.06               34963.00            -4.497836           -69.450565          F 
130330                          1                   0.0001000           8634                531.33              16.25               26.61               7516439.00          5                   1.66                3.01                3.01                23486.00            -6.825051           -60.477192          F 
160015                          1                   0.0001000           8634                531.33              16.25               26.61               7516439.00          20                  0.91                22.06               22.08               12828.00            1.157828            -52.523712          F 
130170                          1                   0.0001000           8634                531.33              16.25               26.61               7516439.00          83                  3.47                23.90               23.99               49137.00            -7.362897           -62.485394          F 
150600                          1                   0.0001000           8634                531.33              16.25               26.61               7516439.00          0                   2.07                0                   0                   29342.00            -2.120276           -53.660235          F 
150619                          1                   0.0001000           8634                531.33              16.25               26.61               7516439.00          47                  3.13                14.99               15.02               44349.00            -4.241022           -55.210827          F 
130090                          1                   0.0001000           8634                531.33              16.25               26.61               7516439.00          14                  1.04                13.42               13.43               14754.00            -7.403346           -64.096665          F 
160005                          1                   0.0001000           8634                531.33              16.25               26.61               7516439.00          18                  0.34                53.48               53.53               4761.00             1.649528            -52.270468          F 
150805                          1                   0.0001000           8634                531.33              16.25               26.61               7516439.00          155                 1.25                124.09              124.99              17670.00            -5.130084           -56.003417          F 
150565                          1                   0.0001000           8634                531.33              16.25               26.61               7516439.00          7                   1.90                3.69                3.69                26842.00            -3.889977           -54.500599          F 
160050                          1                   0.0001000           8634                531.33              16.25               26.61               7516439.00          21                  1.62                12.92               12.94               22986.00            3.088524            -51.904801          F 
150360                          1                   0.0001000           8634                531.33              16.25               26.61               7516439.00          98                  6.95                14.09               14.15               98363.00            -5.871333           -56.496545          F 
130195                          1                   0.0001000           8634                531.33              16.25               26.61               7516439.00          9                   0.58                15.47               15.47               8232.00             -6.682874           -68.114036          F 
150815                          1                   0.0001000           8634                531.33              16.25               26.61               7516439.00          21                  3.16                6.64                6.65                44731.00            -3.583648           -53.807296          F 
160040                          1                   0.0001000           8634                531.33              16.25               26.61               7516439.00          46                  1.32                34.73               34.80               18739.00            -0.0730322          -51.943908          F 
130014                          1                   0.0001000           8634                531.33              16.25               26.61               7516439.00          11                  1.40                7.84                7.84                19860.00            -7.759871           -59.431439          F 
130060                          1                   0.0001000           8634                531.33              16.25               26.61               7516439.00          355                 2.66                133.69              135.94              37564.00            -5.429327           -70.278296          F 
160053                          1                   0.0001000           8634                531.33              16.25               26.61               7516439.00          131                 1.32                99.06               99.66               18708.00            0.587711            -51.673569          F 
160020                          1                   0.0001000           8634                531.33              16.25               26.61               7516439.00          15                  0.69                21.67               21.68               9793.00             2.430849            -51.404322          F 
150445                          1                   0.0001000           8634                531.33              16.25               26.61               7516439.00          0                   2.05                0                   0                   28987.00            -3.160218           -53.194916          F 
160080                          1                   0.0001000           8634                531.33              16.25               26.61               7516439.00          3                   0.97                3.09                3.09                13724.00            -0.997903           -52.061167          F 
150590                          1                   0.0001000           8634                531.33              16.25               26.61               7516439.00          1                   2.60                0.38                0.38                36841.00            -2.184494           -52.547960          F 
160023                          1                   0.0001000           8634                531.33              16.25               26.61               7516439.00          66                  0.46                143.09              143.53              6525.00             0.958713            -51.419182          F 
160055                          1                   0.0001000           8634                531.33              16.25               26.61               7516439.00          4                   0.30                13.23               13.23               4277.00             1.625299            -51.277065          F 
160060                          1                   0.0001000           8634                531.33              16.25               26.61               7516439.00          373                 7.70                48.46               49.30               108897.00           0.128476            -51.379449          F 
150375                          1                   0.0001000           8634                531.33              16.25               26.61               7516439.00          138                 2.93                47.06               47.36               41487.00            -7.445178           -57.302829          F 
130240                          1                   0.0001000           8634                531.33              16.25               26.61               7516439.00          122                 2.94                41.49               41.72               41600.00            -8.375880           -65.812244          F 
160070                          1                   0.0001000           8634                531.33              16.25               26.61               7516439.00          67                  1.01                66.32               66.52               14292.00            1.294034            -50.985687          F 
150172                          1                   0.0001000           8634                531.33              16.25               26.61               7516439.00          6                   1.08                5.55                5.55                15300.00            -3.292151           -52.685423          F 
150310                          1                   0.0001000           8634                531.33              16.25               26.61               7516439.00          0                   2.17                0                   0                   30727.00            -1.151921           -51.555276          F 
110080                          1                   0.0001000           8634                531.33              16.25               26.61               7516439.00          96                  1.62                59.12               59.38               22973.00            -8.887011           -63.325581          F 
130350                          1                   0.0001000           8634                531.33              16.25               26.61               7516439.00          1                   1.35                0.74                0.74                19149.00            -7.757795           -68.197229          F 
160010                          1                   0.0001000           8634                531.33              16.25               26.61               7516439.00          22                  0.60                36.69               36.72               8483.00             1.764026            -50.581371          F 
110094                          1                   0.0001000           8634                531.33              16.25               26.61               7516439.00          12                  1.37                8.75                8.75                19410.00            -9.170974           -62.565037          F 
110110                          1                   0.0001000           8634                531.33              16.25               26.61               7516439.00          11                  0.68                16.11               16.12               9661.00             -9.170195           -63.044988          F 
110013                          1                   0.0001000           8634                531.33              16.25               26.61               7516439.00          30                  2.52                11.91               11.93               35633.00            -9.204070           -62.010294          F 
160030                          1                   0.0001000           8634                531.33              16.25               26.61               7516439.00          781                 30.91               25.27               26.19               437256.00           0.554818            -50.700863          F 
110020                          1                   0.0001000           8634                531.33              16.25               26.61               7516439.00          397                 34.28               11.58               11.78               484992.00           -9.153039           -64.305489          F 
160025                          1                   0.0001000           8634                531.33              16.25               26.61               7516439.00          2                   0.33                5.99                5.99                4722.00             0.532233            -50.651554          F 
160021                          1                   0.0001000           8634                531.33              16.25               26.61               7516439.00          5                   0.37                13.67               13.68               5173.00             1.030315            -50.483699          F 
150835                          1                   0.0001000           8634                531.33              16.25               26.61               7516439.00          2                   0.99                2.01                2.01                14072.00            -3.141047           -51.973342          F 
150030                          1                   0.0001000           8634                531.33              16.25               26.61               7516439.00          68                  2.59                26.28               26.37               36598.00            -0.263841           -50.727746          F 
130140                          1                   0.0001000           8634                531.33              16.25               26.61               7516439.00          68                  2.34                29.04               29.13               33127.00            -7.022778           -70.222033          F 
150450                          1                   0.0001000           8634                531.33              16.25               26.61               7516439.00          1                   1.83                0.55                0.55                25860.00            -1.607856           -51.104066          F 
130020                          1                   0.0001000           8634                531.33              16.25               26.61               7516439.00          40                  1.21                32.95               33.01               17174.00            -5.711940           -71.742673          F 
510325                          1                   0.0001000           8634                531.33              16.25               26.61               7516439.00          6                   2.18                2.75                2.75                30848.00            -9.292283           -60.305531          F 
110026                          1                   0.0001000           8634                531.33              16.25               26.61               7516439.00          26                  0.26                100.33              100.45              3666.00             -9.645106           -62.790311          F 
110040                          1                   0.0001000           8634                531.33              16.25               26.61               7516439.00          12                  1.38                8.72                8.73                19459.00            -9.649274           -63.394283          F 
510080                          1                   0.0001000           8634                531.33              16.25               26.61               7516439.00          9                   0.64                14.00               14.01               9094.00             -8.753341           -57.827599          F 
150180                          1                   0.0001000           8634                531.33              16.25               26.61               7516439.00          54                  6.82                7.92                7.94                96444.00            -1.121333           -50.628584          F 
110175                          1                   0.0001000           8634                531.33              16.25               26.61               7516439.00          9                   0.74                12.10               12.11               10518.00            -9.732685           -61.939355          F 
130150                          1                   0.0001000           8634                531.33              16.25               26.61               7516439.00          17                  1.28                13.32               13.33               18051.00            -7.573750           -70.054927          F 
130070                          1                   0.0001000           8634                531.33              16.25               26.61               7516439.00          167                 2.32                72.04               72.60               32792.00            -8.772979           -68.047540          F 
110002                          1                   0.0001000           8634                531.33              16.25               26.61               7516439.00          212                 7.16                29.61               29.90               101269.00           -9.951979           -62.957373          F 
150060                          1                   0.0001000           8634                531.33              16.25               26.61               7516439.00          48                  7.43                6.46                6.47                105106.00           -6.486303           -53.886671          F 
150580                          1                   0.0001000           8634                531.33              16.25               26.61               7516439.00          14                  3.97                3.53                3.53                56094.00            -2.565541           -50.955536          F 
150780                          1                   0.0001000           8634                531.33              16.25               26.61               7516439.00          1                   0.87                1.15                1.15                12331.00            -4.171559           -51.773388          F 
110045                          1                   0.0001000           8634                531.33              16.25               26.61               7516439.00          44                  2.58                17.03               17.06               36555.00            -10.052159          -63.941154          F 
110160                          1                   0.0001000           8634                531.33              16.25               26.61               7516439.00          13                  0.80                16.21               16.22               11343.00            -10.121814          -62.342289          F 
150503                          1                   0.0001000           8634                531.33              16.25               26.61               7516439.00          420                 1.78                235.75              240.46              25203.00            -8.062463           -55.612052          F 
510337                          1                   0.0001000           8634                531.33              16.25               26.61               7516439.00          1                   1.18                0.85                0.85                16689.00            -9.536841           -58.677801          F 
150250                          1                   0.0001000           8634                531.33              16.25               26.61               7516439.00          7                   1.56                4.50                4.50                22029.00            -0.0296229          -49.829440          F 
110140                          1                   0.0001000           8634                531.33              16.25               26.61               7516439.00          12                  1.10                10.92               10.93               15541.00            -10.210793          -63.372281          F 
150070                          1                   0.0001000           8634                531.33              16.25               26.61               7516439.00          132                 1.88                70.34               70.77               26547.00            -0.827103           -49.962044          F 
110060                          1                   0.0001000           8634                531.33              16.25               26.61               7516439.00          8                   0.44                18.06               18.06               6268.00             -10.331685          -62.987180          F 
130180                          1                   0.0001000           8634                531.33              16.25               26.61               7516439.00          53                  1.79                29.56               29.63               25362.00            -7.181162           -71.415929          F 
150085                          1                   0.0001000           8634                531.33              16.25               26.61               7516439.00          39                  1.67                23.37               23.41               23609.00            -3.997294           -51.301209          F 
110180                          1                   0.0001000           8634                531.33              16.25               26.61               7516439.00          3                   0.60                5.04                5.04                8425.00             -10.384134          -62.093876          F 
110012                          1                   0.0001000           8634                531.33              16.25               26.61               7516439.00          54                  9.05                5.97                5.98                128026.00           -10.462197          -61.757091          F 
150178                          2                   0.0001000           526                 38.82               13.55               13.87               555186.00           44                  4.06                10.84               10.86               58033.00            -3.733432           -49.370902          F 
150810                          2                   0.0001000           526                 38.82               13.55               13.87               555186.00           233                 7.24                32.16               32.51               103619.00           -3.855790           -49.820813          F 
150309                          2                   0.0001000           526                 38.82               13.55               13.87               555186.00           12                  2.55                4.70                4.70                36500.00            -4.027408           -49.005681          F 
150120                          2                   0.0001000           526                 38.82               13.55               13.87               555186.00           13                  2.88                4.51                4.51                41232.00            -3.129242           -49.698861          F 
150380                          2                   0.0001000           526                 38.82               13.55               13.87               555186.00           28                  3.80                7.37                7.37                54376.00            -4.598468           -49.181178          F 
150795                          2                   0.0001000           526                 38.82               13.55               13.87               555186.00           53                  6.33                8.37                8.39                90552.00            -2.907824           -48.736640          F 
150470                          2                   0.0001000           526                 38.82               13.55               13.87               555186.00           1                   5.23                0.19                0.19                74768.00            -2.683914           -49.073983          F 
150460                          2                   0.0001000           526                 38.82               13.55               13.87               555186.00           0                   1.99                0                   0                   28454.00            -2.576520           -49.465753          F 
150506                          2                   0.0001000           526                 38.82               13.55               13.87               555186.00           142                 4.73                30.02               30.22               67652.00            -4.502833           -50.271560          F 
210632                          3                   0.0001000           30                  2.91                10.32               10.33               49183.00            17                  1.20                14.19               14.20               20268.00            -1.982063           -45.992607          F 
210565                          3                   0.0001000           30                  2.91                10.32               10.33               49183.00            4                   0.22                18.53               18.53               3653.00             -1.917746           -46.115749          F 
210467                          3                   0.0001000           30                  2.91                10.32               10.33               49183.00            9                   1.49                6.03                6.03                25262.00            -2.061555           -45.818133          F 
