140005                          1                   0.0001000           8102                455.40              17.79               31.03               7510035.00          13                  0.99                13.15               13.16               16301.00            3.078187            -62.755259          F 
140002                          1                   0.0001000           8102                455.40              17.79               31.03               7510035.00          2                   0.65                3.08                3.08                10721.00            3.732874            -62.436863          F 
140028                          1                   0.0001000           8102                455.40              17.79               31.03               7510035.00          9                   0.61                14.78               14.79               10043.00            2.186649            -62.468913          F 
140030                          1                   0.0001000           8102                455.40              17.79               31.03               7510035.00          17                  0.98                17.37               17.39               16137.00            2.510145            -61.983632          F 
140010                          1                   0.0001000           8102                455.40              17.79               31.03               7510035.00          453                 19.10               23.72               24.30               314900.00           3.117964            -60.717850          F 
140045                          1                   0.0001000           8102                455.40              17.79               31.03               7510035.00          12                  0.71                16.96               16.97               11667.00            4.168751            -60.839425          F 
140017                          1                   0.0001000           8102                455.40              17.79               31.03               7510035.00          7                   0.96                7.32                7.32                15774.00            2.272838            -60.542067          F 
140020                          1                   0.0001000           8102                455.40              17.79               31.03               7510035.00          3                   1.21                2.48                2.48                19981.00            0.990862            -61.471950          F 
140015                          1                   0.0001000           8102                455.40              17.79               31.03               7510035.00          1                   0.71                1.42                1.42                11632.00            2.787148            -60.100125          F 
140040                          1                   0.0001000           8102                455.40              17.79               31.03               7510035.00          5                   0.60                8.28                8.29                9953.00             3.878942            -60.064912          F 
140070                          1                   0.0001000           8102                455.40              17.79               31.03               7510035.00          1                   0.56                1.77                1.77                9309.00             4.683843            -60.280731          F 
140060                          1                   0.0001000           8102                455.40              17.79               31.03               7510035.00          4                   0.44                9.03                9.03                7309.00             0.884349            -60.151701          F 
140047                          1                   0.0001000           8102                455.40              17.79               31.03               7510035.00          74                  1.63                45.52               45.70               26811.00            0.0378310           -61.010414          F 
130040                          1                   0.0001000           8102                455.40              17.79               31.03               7510035.00          3                   1.65                1.81                1.81                27273.00            -0.465180           -63.434588          F 
140050                          1                   0.0001000           8102                455.40              17.79               31.03               7510035.00          30                  0.45                66.85               66.95               7401.00             0.635650            -59.844809          F 
140023                          1                   0.0001000           8102                455.40              17.79               31.03               7510035.00          5                   0.55                9.16                9.17                8997.00             0.914772            -59.338066          F 
130360                          1                   0.0001000           8102                455.40              17.79               31.03               7510035.00          18                  1.32                13.68               13.69               21702.00            -0.318566           -65.522058          F 
130320                          1                   0.0001000           8102                455.40              17.79               31.03               7510035.00          12                  1.04                11.51               11.51               17199.00            -2.046996           -61.701836          F 
130353                          1                   0.0001000           8102                455.40              17.79               31.03               7510035.00          21                  1.93                10.86               10.87               31903.00            -1.372564           -59.988741          F 
130430                          1                   0.0001000           8102                455.40              17.79               31.03               7510035.00          0                   1.05                0                   0                   17264.00            -0.893871           -59.029898          F 
130380                          1                   0.0001000           8102                455.40              17.79               31.03               7510035.00          4                   2.57                1.56                1.56                42342.00            0.374453            -67.997697          F 
130280                          1                   0.0001000           8102                455.40              17.79               31.03               7510035.00          5                   1.11                4.49                4.49                18367.00            -2.428415           -65.038109          F 
130083                          1                   0.0001000           8102                455.40              17.79               31.03               7510035.00          2                   0.74                2.70                2.70                12214.00            -3.081969           -61.877491          F 
130260                          1                   0.0001000           8102                455.40              17.79               31.03               7510035.00          1211                122.51              9.89                10.51               2020301.00          -2.626021           -60.259483          F 
150530                          1                   0.0001000           8102                455.40              17.79               31.03               7510035.00          0                   4.12                0                   0                   67939.00            0.255032            -57.149736          F 
130130                          1                   0.0001000           8102                455.40              17.79               31.03               7510035.00          3                   1.59                1.89                1.89                26242.00            -3.289026           -62.972665          F 
130356                          1                   0.0001000           8102                455.40              17.79               31.03               7510035.00          24                  1.81                13.29               13.31               29771.00            -2.529891           -59.638156          F 
130395                          1                   0.0001000           8102                455.40              17.79               31.03               7510035.00          0                   0.76                0                   0                   12451.00            -1.946118           -58.702338          F 
150300                          1                   0.0001000           8102                455.40              17.79               31.03               7510035.00          0                   0.46                0                   0                   7504.00             -1.158833           -57.806300          F 
130185                          1                   0.0001000           8102                455.40              17.79               31.03               7510035.00          18                  2.74                6.56                6.57                45250.00            -3.095148           -60.480667          F 
130250                          1                   0.0001000           8102                455.40              17.79               31.03               7510035.00          53                  5.64                9.40                9.42                92996.00            -3.291606           -60.958222          F 
130160                          1                   0.0001000           8102                455.40              17.79               31.03               7510035.00          12                  1.29                9.29                9.30                21295.00            -2.492180           -66.358452          F 
130008                          1                   0.0001000           8102                455.40              17.79               31.03               7510035.00          3                   0.73                4.13                4.13                11981.00            -3.502503           -61.716696          F 
130426                          1                   0.0001000           8102                455.40              17.79               31.03               7510035.00          13                  0.79                16.54               16.55               12963.00            -3.167038           -65.411879          F 
130200                          1                   0.0001000           8102                455.40              17.79               31.03               7510035.00          3                   0.54                5.58                5.58                8864.00             -2.498704           -58.619577          F 
130300                          1                   0.0001000           8102                455.40              17.79               31.03               7510035.00          0                   1.22                0                   0                   20078.00            -1.680483           -57.656536          F 
130115                          1                   0.0001000           8102                455.40              17.79               31.03               7510035.00          31                  1.66                18.69               18.72               27357.00            -3.286228           -59.599493          F 
130255                          1                   0.0001000           8102                455.40              17.79               31.03               7510035.00          0                   1.67                0                   0                   27480.00            -3.779354           -60.697327          F 
130002                          1                   0.0001000           8102                455.40              17.79               31.03               7510035.00          36                  0.93                38.66               38.73               15357.00            -3.701122           -65.330652          F 
130400                          1                   0.0001000           8102                455.40              17.79               31.03               7510035.00          1                   0.55                1.83                1.83                9014.00             -2.822093           -58.536128          F 
130010                          1                   0.0001000           8102                455.40              17.79               31.03               7510035.00          1                   1.14                0.88                0.88                18826.00            -4.186645           -62.073001          F 
130110                          1                   0.0001000           8102                455.40              17.79               31.03               7510035.00          54                  2.18                24.78               24.85               35938.00            -3.770658           -60.183093          F 
130210                          1                   0.0001000           8102                455.40              17.79               31.03               7510035.00          1                   0.34                2.95                2.95                5599.00             -1.698117           -68.320288          F 
130190                          1                   0.0001000           8102                455.40              17.79               31.03               7510035.00          14                  5.80                2.41                2.41                95714.00            -3.174662           -58.777136          F 
130220                          1                   0.0001000           8102                455.40              17.79               31.03               7510035.00          8                   0.78                10.30               10.31               12807.00            -3.524623           -66.306825          F 
130030                          1                   0.0001000           8102                455.40              17.79               31.03               7510035.00          24                  2.20                10.90               10.92               36301.00            -3.788879           -59.528635          F 
130120                          1                   0.0001000           8102                455.40              17.79               31.03               7510035.00          13                  4.99                2.61                2.61                82209.00            -4.437162           -64.124619          F 
130423                          1                   0.0001000           8102                455.40              17.79               31.03               7510035.00          2                   1.11                1.80                1.80                18322.00            -2.691643           -67.827923          F 
130440                          1                   0.0001000           8102                455.40              17.79               31.03               7510035.00          2                   1.25                1.60                1.60                20621.00            -2.812240           -57.770143          F 
130063                          1                   0.0001000           8102                455.40              17.79               31.03               7510035.00          2                   1.08                1.86                1.86                17755.00            -4.603475           -61.787364          F 
150510                          1                   0.0001000           8102                455.40              17.79               31.03               7510035.00          0                   3.05                0                   0                   50317.00            -0.170427           -55.674947          F 
130068                          1                   0.0001000           8102                455.40              17.79               31.03               7510035.00          0                   1.05                0                   0                   17248.00            -3.138082           -57.669942          F 
130420                          1                   0.0001000           8102                455.40              17.79               31.03               7510035.00          341                 3.80                89.74               91.42               62662.00            -4.468383           -65.529278          F 
150797                          1                   0.0001000           8102                455.40              17.79               31.03               7510035.00          0                   1.08                0                   0                   17783.00            -1.952134           -56.458364          F 
130310                          1                   0.0001000           8102                455.40              17.79               31.03               7510035.00          31                  2.09                14.82               14.84               34498.00            -3.988364           -58.601783          F 
130340                          1                   0.0001000           8102                455.40              17.79               31.03               7510035.00          205                 6.70                30.62               30.95               110411.00           -2.688407           -56.854026          F 
130050                          1                   0.0001000           8102                455.40              17.79               31.03               7510035.00          3                   1.83                1.64                1.64                30202.00            -3.129157           -57.172390          F 
150040                          1                   0.0001000           8102                455.40              17.79               31.03               7510035.00          0                   3.30                0                   0                   54353.00            -0.536230           -55.069883          F 
130006                          1                   0.0001000           8102                455.40              17.79               31.03               7510035.00          19                  0.65                29.44               29.47               10644.00            -3.418321           -68.287308          F 
130080                          1                   0.0001000           8102                455.40              17.79               31.03               7510035.00          9                   2.35                3.84                3.84                38688.00            -4.957034           -59.534428          F 
150390                          1                   0.0001000           8102                455.40              17.79               31.03               7510035.00          0                   3.20                0                   0                   52755.00            -2.622585           -56.221232          F 
130370                          1                   0.0001000           8102                455.40              17.79               31.03               7510035.00          8                   1.46                5.50                5.50                24005.00            -3.051175           -69.087897          F 
150285                          1                   0.0001000           8102                455.40              17.79               31.03               7510035.00          0                   0.81                0                   0                   13333.00            -1.845743           -55.113264          F 
150050                          1                   0.0001000           8102                455.40              17.79               31.03               7510035.00          0                   2.03                0                   0                   33466.00            0.284350            -53.893460          F 
130290                          1                   0.0001000           8102                455.40              17.79               31.03               7510035.00          2                   3.57                0.56                0.56                58834.00            -4.984990           -58.060916          F 
150480                          1                   0.0001000           8102                455.40              17.79               31.03               7510035.00          1                   3.41                0.29                0.29                56231.00            -1.119762           -54.365806          F 
130100                          1                   0.0001000           8102                455.40              17.79               31.03               7510035.00          22                  1.68                13.12               13.14               27645.00            -5.118832           -67.337382          F 
130410                          1                   0.0001000           8102                455.40              17.79               31.03               7510035.00          5                   1.11                4.51                4.52                18266.00            -6.104509           -64.893865          F 
150100                          1                   0.0001000           8102                455.40              17.79               31.03               7510035.00          3                   0.97                3.10                3.10                15956.00            -3.667209           -56.016450          F 
130230                          1                   0.0001000           8102                455.40              17.79               31.03               7510035.00          7                   1.03                6.80                6.80                16977.00            -4.713108           -68.403854          F 
130270                          1                   0.0001000           8102                455.40              17.79               31.03               7510035.00          160                 3.17                50.55               50.98               52200.00            -6.459804           -61.446481          F 
150680                          1                   0.0001000           8102                455.40              17.79               31.03               7510035.00          70                  17.62               3.97                3.98                290521.00           -2.764647           -55.093854          F 
160027                          1                   0.0001000           8102                455.40              17.79               31.03               7510035.00          53                  2.72                19.52               19.57               44777.00            1.096940            -53.306000          F 
130406                          1                   0.0001000           8102                455.40              17.79               31.03               7510035.00          74                  3.62                20.45               20.53               59684.00            -4.027765           -69.681346          F 
150145                          1                   0.0001000           8102                455.40              17.79               31.03               7510035.00          5                   1.03                4.87                4.87                16924.00            -3.191161           -54.992826          F 
130390                          1                   0.0001000           8102                455.40              17.79               31.03               7510035.00          43                  2.17                19.83               19.88               35757.00            -4.497836           -69.450565          F 
130330                          1                   0.0001000           8102                455.40              17.79               31.03               7510035.00          1                   1.45                0.69                0.69                23905.00            -6.825051           -60.477192          F 
160015                          1                   0.0001000           8102                455.40              17.79               31.03               7510035.00          115                 0.81                141.41              142.30              13411.00            1.157828            -52.523712          F 
130170                          1                   0.0001000           8102                455.40              17.79               31.03               7510035.00          148                 3.05                48.59               48.98               50230.00            -7.362897           -62.485394          F 
150600                          1                   0.0001000           8102                455.40              17.79               31.03               7510035.00          0                   1.77                0                   0                   29270.00            -2.120276           -53.660235          F 
150619                          1                   0.0001000           8102                455.40              17.79               31.03               7510035.00          6                   2.76                2.17                2.17                45595.00            -4.241022           -55.210827          F 
130090                          1                   0.0001000           8102                455.40              17.79               31.03               7510035.00          8                   0.91                8.83                8.83                14944.00            -7.403346           -64.096665          F 
160005                          1                   0.0001000           8102                455.40              17.79               31.03               7510035.00          71                  0.29                241.42              242.35              4850.00             1.649528            -52.270468          F 
150805                          1                   0.0001000           8102                455.40              17.79               31.03               7510035.00          38                  1.08                35.05               35.12               17880.00            -5.130084           -56.003417          F 
150565                          1                   0.0001000           8102                455.40              17.79               31.03               7510035.00          2                   1.68                1.19                1.19                27700.00            -3.889977           -54.500599          F 
160050                          1                   0.0001000           8102                455.40              17.79               31.03               7510035.00          16                  1.43                11.17               11.18               23628.00            3.088524            -51.904801          F 
150360                          1                   0.0001000           8102                455.40              17.79               31.03               7510035.00          57                  5.97                9.55                9.58                98405.00            -5.871333           -56.496545          F 
130195                          1                   0.0001000           8102                455.40              17.79               31.03               7510035.00          6                   0.50                12.06               12.06               8205.00             -6.682874           -68.114036          F 
150815                          1                   0.0001000           8102                455.40              17.79               31.03               7510035.00          21                  2.70                7.76                7.77                44607.00            -3.583648           -53.807296          F 
160040                          1                   0.0001000           8102                455.40              17.79               31.03               7510035.00          72                  1.16                61.98               62.22               19157.00            -0.0730322          -51.943908          F 
130014                          1                   0.0001000           8102                455.40              17.79               31.03               7510035.00          6                   1.23                4.88                4.89                20258.00            -7.759871           -59.431439          F 
130060                          1                   0.0001000           8102                455.40              17.79               31.03               7510035.00          151                 2.34                64.62               65.15               38533.00            -5.429327           -70.278296          F 
160053                          1                   0.0001000           8102                455.40              17.79               31.03               7510035.00          303                 1.16                260.37              264.72              19191.00            0.587711            -51.673569          F 
160020                          1                   0.0001000           8102                455.40              17.79               31.03               7510035.00          28                  0.61                46.27               46.34               9979.00             2.430849            -51.404322          F 
150445                          1                   0.0001000           8102                455.40              17.79               31.03               7510035.00          3                   1.79                1.68                1.68                29444.00            -3.160218           -53.194916          F 
160080                          1                   0.0001000           8102                455.40              17.79               31.03               7510035.00          4                   0.85                4.70                4.70                14045.00            -0.997903           -52.061167          F 
150590                          1                   0.0001000           8102                455.40              17.79               31.03               7510035.00          0                   2.28                0                   0                   37669.00            -2.184494           -52.547960          F 
160023                          1                   0.0001000           8102                455.40              17.79               31.03               7510035.00          29                  0.41                71.23               71.34               6714.00             0.958713            -51.419182          F 
160055                          1                   0.0001000           8102                455.40              17.79               31.03               7510035.00          1                   0.27                3.74                3.74                4404.00             1.625299            -51.277065          F 
160060                          1                   0.0001000           8102                455.40              17.79               31.03               7510035.00          544                 6.70                81.14               83.58               110565.00           0.128476            -51.379449          F 
150375                          1                   0.0001000           8102                455.40              17.79               31.03               7510035.00          228                 2.52                90.63               91.76               41487.00            -7.445178           -57.302829          F 
130240                          1                   0.0001000           8102                455.40              17.79               31.03               7510035.00          222                 2.57                86.27               87.31               42439.00            -8.375880           -65.812244          F 
160070                          1                   0.0001000           8102                455.40              17.79               31.03               7510035.00          78                  0.89                87.18               87.55               14754.00            1.294034            -50.985687          F 
150172                          1                   0.0001000           8102                455.40              17.79               31.03               7510035.00          7                   0.92                7.63                7.63                15139.00            -3.292151           -52.685423          F 
150310                          1                   0.0001000           8102                455.40              17.79               31.03               7510035.00          1                   1.89                0.53                0.53                31182.00            -1.151921           -51.555276          F 
110080                          1                   0.0001000           8102                455.40              17.79               31.03               7510035.00          116                 1.43                81.15               81.66               23573.00            -8.887011           -63.325581          F 
130350                          1                   0.0001000           8102                455.40              17.79               31.03               7510035.00          8                   1.17                6.85                6.85                19265.00            -7.757795           -68.197229          F 
160010                          1                   0.0001000           8102                455.40              17.79               31.03               7510035.00          18                  0.52                34.71               34.74               8553.00             1.764026            -50.581371          F 
110094                          1                   0.0001000           8102                455.40              17.79               31.03               7510035.00          17                  1.23                13.88               13.89               20204.00            -9.170974           -62.565037          F 
110110                          1                   0.0001000           8102                455.40              17.79               31.03               7510035.00          5                   0.60                8.39                8.39                9831.00             -9.170195           -63.044988          F 
110013                          1                   0.0001000           8102                455.40              17.79               31.03               7510035.00          11                  2.21                4.98                4.98                36412.00            -9.204070           -62.010294          F 
160030                          1                   0.0001000           8102                455.40              17.79               31.03               7510035.00          961                 27.09               35.47               37.38               446757.00           0.554818            -50.700863          F 
110020                          1                   0.0001000           8102                455.40              17.79               31.03               7510035.00          351                 29.96               11.72               11.93               494013.00           -9.153039           -64.305489          F 
160025                          1                   0.0001000           8102                455.40              17.79               31.03               7510035.00          2                   0.29                6.82                6.82                4836.00             0.532233            -50.651554          F 
160021                          1                   0.0001000           8102                455.40              17.79               31.03               7510035.00          12                  0.32                37.40               37.43               5291.00             1.030315            -50.483699          F 
150835                          1                   0.0001000           8102                455.40              17.79               31.03               7510035.00          4                   0.86                4.63                4.63                14242.00            -3.141047           -51.973342          F 
150030                          1                   0.0001000           8102                455.40              17.79               31.03               7510035.00          145                 2.24                64.62               65.13               37004.00            -0.263841           -50.727746          F 
130140                          1                   0.0001000           8102                455.40              17.79               31.03               7510035.00          31                  2.04                15.22               15.25               33580.00            -7.022778           -70.222033          F 
150450                          1                   0.0001000           8102                455.40              17.79               31.03               7510035.00          1                   1.58                0.63                0.63                26133.00            -1.607856           -51.104066          F 
130020                          1                   0.0001000           8102                455.40              17.79               31.03               7510035.00          21                  1.07                19.61               19.63               17658.00            -5.711940           -71.742673          F 
510325                          1                   0.0001000           8102                455.40              17.79               31.03               7510035.00          21                  1.95                10.75               10.76               32230.00            -9.292283           -60.305531          F 
110026                          1                   0.0001000           8102                455.40              17.79               31.03               7510035.00          16                  0.22                71.14               71.20               3709.00             -9.645106           -62.790311          F 
110040                          1                   0.0001000           8102                455.40              17.79               31.03               7510035.00          29                  1.20                24.10               24.14               19841.00            -9.649274           -63.394283          F 
510080                          1                   0.0001000           8102                455.40              17.79               31.03               7510035.00          4                   0.56                7.13                7.13                9249.00             -8.753341           -57.827599          F 
150180                          1                   0.0001000           8102                455.40              17.79               31.03               7510035.00          45                  5.90                7.62                7.64                97351.00            -1.121333           -50.628584          F 
110175                          1                   0.0001000           8102                455.40              17.79               31.03               7510035.00          9                   0.65                13.89               13.90               10682.00            -9.732685           -61.939355          F 
130150                          1                   0.0001000           8102                455.40              17.79               31.03               7510035.00          39                  1.12                34.91               34.98               18422.00            -7.573750           -70.054927          F 
130070                          1                   0.0001000           8102                455.40              17.79               31.03               7510035.00          308                 2.01                153.23              155.82              33148.00            -8.772979           -68.047540          F 
110002                          1                   0.0001000           8102                455.40              17.79               31.03               7510035.00          92                  6.24                14.75               14.82               102860.00           -9.951979           -62.957373          F 
150060                          1                   0.0001000           8102                455.40              17.79               31.03               7510035.00          18                  6.47                2.78                2.78                106768.00           -6.486303           -53.886671          F 
150580                          1                   0.0001000           8102                455.40              17.79               31.03               7510035.00          9                   3.47                2.59                2.60                57205.00            -2.565541           -50.955536          F 
150780                          1                   0.0001000           8102                455.40              17.79               31.03               7510035.00          7                   0.73                9.56                9.56                12075.00            -4.171559           -51.773388          F 
110045                          1                   0.0001000           8102                455.40              17.79               31.03               7510035.00          18                  2.26                7.98                7.98                37207.00            -10.052159          -63.941154          F 
110160                          1                   0.0001000           8102                455.40              17.79               31.03               7510035.00          1                   0.69                1.45                1.45                11345.00            -10.121814          -62.342289          F 
150503                          1                   0.0001000           8102                455.40              17.79               31.03               7510035.00          221                 1.53                144.80              146.55              25169.00            -8.062463           -55.612052          F 
510337                          1                   0.0001000           8102                455.40              17.79               31.03               7510035.00          0                   1.04                0                   0                   17209.00            -9.536841           -58.677801          F 
150250                          1                   0.0001000           8102                455.40              17.79               31.03               7510035.00          1                   1.35                0.74                0.74                22302.00            -0.0296229          -49.829440          F 
110140                          1                   0.0001000           8102                455.40              17.79               31.03               7510035.00          6                   0.95                6.30                6.30                15710.00            -10.210793          -63.372281          F 
150070                          1                   0.0001000           8102                455.40              17.79               31.03               7510035.00          65                  1.64                39.63               39.76               27051.00            -0.827103           -49.962044          F 
110060                          1                   0.0001000           8102                455.40              17.79               31.03               7510035.00          0                   0.38                0                   0                   6318.00             -10.331685          -62.987180          F 
130180                          1                   0.0001000           8102                455.40              17.79               31.03               7510035.00          15                  1.58                9.47                9.48                26118.00            -7.181162           -71.415929          F 
150085                          1                   0.0001000           8102                455.40              17.79               31.03               7510035.00          15                  1.49                10.09               10.09               24525.00            -3.997294           -51.301209          F 
110180                          1                   0.0001000           8102                455.40              17.79               31.03               7510035.00          3                   0.50                5.94                5.94                8327.00             -10.384134          -62.093876          F 
150810                          2                   0.0001000           219                 19.14               11.44               11.57               320792.00           59                  6.29                9.38                9.41                105431.00           -3.855790           -49.820813          F 
150178                          2                   0.0001000           219                 19.14               11.44               11.57               320792.00           9                   3.56                2.53                2.53                59651.00            -3.733432           -49.370902          F 
150120                          2                   0.0001000           219                 19.14               11.44               11.57               320792.00           2                   2.54                0.79                0.79                42513.00            -3.129242           -49.698861          F 
150506                          2                   0.0001000           219                 19.14               11.44               11.57               320792.00           130                 4.13                31.46               31.68               69267.00            -4.502833           -50.271560          F 
150548                          2                   0.0001000           219                 19.14               11.44               11.57               320792.00           19                  2.62                7.25                7.26                43930.00            -3.684058           -50.631545          F 
210055                          3                   0.0001000           130                 4.00                32.51               32.73               65946.00            4                   0.41                9.80                9.80                6731.00             -1.673095           -45.948022          F 
210197                          3                   0.0001000           130                 4.00                32.51               32.73               65946.00            5                   0.53                9.35                9.36                8816.00             -1.762813           -46.178716          F 
210260                          3                   0.0001000           130                 4.00                32.51               32.73               65946.00            44                  1.19                37.08               37.17               19567.00            -1.618742           -45.675606          F 
210620                          3                   0.0001000           130                 4.00                32.51               32.73               65946.00            0                   0.41                0                   0                   6744.00             -1.390162           -45.890423          F 
210565                          3                   0.0001000           130                 4.00                32.51               32.73               65946.00            3                   0.21                13.98               13.98               3539.00             -1.917746           -46.115749          F 
210632                          3                   0.0001000           130                 4.00                32.51               32.73               65946.00            74                  1.25                59.39               59.62               20549.00            -1.982063           -45.992607          F 
210095                          4                   0.0001000           32                  0.64                49.83               49.92               31944.00            32                  0.64                49.83               49.92               31944.00            -5.060040           -45.954318          F 
171750                          5                   0.0001000           183                 106.25              1.72                1.73                1781215.00          0                   0.43                0                   0                   7264.00             -10.210136          -49.872433          F 
171250                          5                   0.0001000           183                 106.25              1.72                1.73                1781215.00          0                   0.29                0                   0                   4814.00             -9.787699           -49.699800          F 
170460                          5                   0.0001000           183                 106.25              1.72                1.73                1781215.00          0                   0.083               0                   0                   1391.00             -10.165599          -49.196403          F 
170610                          5                   0.0001000           183                 106.25              1.72                1.73                1781215.00          0                   0.44                0                   0                   7393.00             -10.637071          -49.313222          F 
170710                          5                   0.0001000           183                 106.25              1.72                1.73                1781215.00          0                   0.40                0                   0                   6729.00             -9.694686           -49.354809          F 
170390                          5                   0.0001000           183                 106.25              1.72                1.73                1781215.00          0                   0.30                0                   0                   5043.00             -9.400390           -49.848105          F 
171190                          5                   0.0001000           183                 106.25              1.72                1.73                1781215.00          0                   0.71                0                   0                   11859.00            -11.035890          -50.160454          F 
510777                          5                   0.0001000           183                 106.25              1.72                1.73                1781215.00          0                   0.47                0                   0                   7798.00             -10.332303          -50.792279          F 
170025                          5                   0.0001000           183                 106.25              1.72                1.73                1781215.00          0                   0.15                0                   0                   2523.00             -9.480412           -49.309816          F 
171500                          5                   0.0001000           183                 106.25              1.72                1.73                1781215.00          0                   0.24                0                   0                   4066.00             -10.549682          -48.974513          F 
171889                          5                   0.0001000           183                 106.25              1.72                1.73                1781215.00          0                   0.14                0                   0                   2278.00             -10.971089          -49.295639          F 
171845                          5                   0.0001000           183                 106.25              1.72                1.73                1781215.00          0                   0.15                0                   0                   2561.00             -10.422585          -48.883228          F 
171610                          5                   0.0001000           183                 106.25              1.72                1.73                1781215.00          0                   2.89                0                   0                   48409.00            -10.221048          -48.826153          F 
150670                          5                   0.0001000           183                 106.25              1.72                1.73                1781215.00          0                   3.88                0                   0                   65062.00            -9.364016           -50.611231          F 
170755                          5                   0.0001000           183                 106.25              1.72                1.73                1781215.00          0                   0.23                0                   0                   3889.00             -10.809587          -48.874459          F 
170720                          5                   0.0001000           183                 106.25              1.72                1.73                1781215.00          0                   0.44                0                   0                   7311.00             -9.271299           -49.066506          F 
170730                          5                   0.0001000           183                 106.25              1.72                1.73                1781215.00          0                   0.28                0                   0                   4720.00             -11.428493          -49.390895          F 
510530                          5                   0.0001000           183                 106.25              1.72                1.73                1781215.00          0                   0.13                0                   0                   2121.00             -11.007852          -50.935617          F 
170190                          5                   0.0001000           183                 106.25              1.72                1.73                1781215.00          0                   0.41                0                   0                   6791.00             -8.939322           -49.504685          F 
171320                          5                   0.0001000           183                 106.25              1.72                1.73                1781215.00          0                   1.19                0                   0                   19934.00            -9.754121           -48.551251          F 
171820                          5                   0.0001000           183                 106.25              1.72                1.73                1781215.00          0                   3.09                0                   0                   51846.00            -10.544219          -48.496576          F 
171330                          5                   0.0001000           183                 106.25              1.72                1.73                1781215.00          0                   0.79                0                   0                   13232.00            -9.417515           -48.683039          F 
170035                          5                   0.0001000           183                 106.25              1.72                1.73                1781215.00          0                   0.34                0                   0                   5645.00             -11.332291          -48.908276          F 
510860                          5                   0.0001000           183                 106.25              1.72                1.73                1781215.00          0                   1.40                0                   0                   23469.00            -9.980623           -51.404814          F 
170830                          5                   0.0001000           183                 106.25              1.72                1.73                1781215.00          0                   0.31                0                   0                   5125.00             -8.873690           -49.010009          F 
171200                          5                   0.0001000           183                 106.25              1.72                1.73                1781215.00          0                   0.18                0                   0                   2991.00             -9.848403           -48.290044          F 
150658                          5                   0.0001000           183                 106.25              1.72                1.73                1781215.00          0                   1.16                0                   0                   19437.00            -8.633727           -50.314447          F 
172100                          5                   0.0001000           183                 106.25              1.72                1.73                1781215.00          0                   15.83               0                   0                   265409.00           -10.218663          -48.153597          F 
171870                          5                   0.0001000           183                 106.25              1.72                1.73                1781215.00          0                   0.16                0                   0                   2740.00             -9.235825           -48.451896          F 
170950                          5                   0.0001000           183                 106.25              1.72                1.73                1781215.00          0                   4.94                0                   0                   82762.00            -11.652181          -48.886813          F 
171670                          5                   0.0001000           183                 106.25              1.72                1.73                1781215.00          0                   0.51                0                   0                   8581.00             -8.837011           -48.764716          F 
170820                          5                   0.0001000           183                 106.25              1.72                1.73                1781215.00          0                   1.12                0                   0                   18773.00            -11.959003          -50.097998          F 
510335                          5                   0.0001000           183                 106.25              1.72                1.73                1781215.00          0                   1.66                0                   0                   27749.00            -10.403493          -51.698039          F 
172110                          5                   0.0001000           183                 106.25              1.72                1.73                1781215.00          0                   0.43                0                   0                   7236.00             -9.602798           -48.140289          F 
170110                          5                   0.0001000           183                 106.25              1.72                1.73                1781215.00          0                   0.27                0                   0                   4561.00             -9.987984           -48.000776          F 
170600                          5                   0.0001000           183                 106.25              1.72                1.73                1781215.00          0                   0.32                0                   0                   5370.00             -8.436865           -49.162374          F 
510677                          5                   0.0001000           183                 106.25              1.72                1.73                1781215.00          0                   0.69                0                   0                   11508.00            -10.825476          -51.712660          F 
172125                          5                   0.0001000           183                 106.25              1.72                1.73                1781215.00          0                   0.10                0                   0                   1751.00             -8.938316           -48.259466          F 
170930                          5                   0.0001000           183                 106.25              1.72                1.73                1781215.00          0                   1.48                0                   0                   24892.00            -8.739062           -48.441524          F 
172065                          5                   0.0001000           183                 106.25              1.72                1.73                1781215.00          0                   0.32                0                   0                   5318.00             -11.132211          -48.007819          F 
150270                          5                   0.0001000           183                 106.25              1.72                1.73                1781215.00          2                   2.76                0.72                0.72                46302.00            -8.182560           -49.512625          F 
171665                          5                   0.0001000           183                 106.25              1.72                1.73                1781215.00          0                   0.32                0                   0                   5344.00             -8.379551           -48.917014          F 
171650                          5                   0.0001000           183                 106.25              1.72                1.73                1781215.00          0                   0.76                0                   0                   12698.00            -9.227345           -48.034066          F 
171110                          5                   0.0001000           183                 106.25              1.72                1.73                1781215.00          0                   0.15                0                   0                   2482.00             -8.451479           -48.752157          F 
171900                          5                   0.0001000           183                 106.25              1.72                1.73                1781215.00          0                   0.16                0                   0                   2729.00             -10.299184          -47.741870          F 
170765                          5                   0.0001000           183                 106.25              1.72                1.73                1781215.00          0                   0.32                0                   0                   5403.00             -12.264141          -49.283001          F 
510269                          5                   0.0001000           183                 106.25              1.72                1.73                1781215.00          0                   0.28                0                   0                   4703.00             -11.201057          -51.823179          F 
150613                          5                   0.0001000           183                 106.25              1.72                1.73                1781215.00          60                  4.77                12.59               12.62               79917.00            -8.069353           -50.198021          F 
171884                          5                   0.0001000           183                 106.25              1.72                1.73                1781215.00          0                   0.20                0                   0                   3411.00             -12.401973          -49.876147          F 
150276                          5                   0.0001000           183                 106.25              1.72                1.73                1781215.00          0                   0.72                0                   0                   12069.00            -8.458321           -51.221011          F 
171180                          5                   0.0001000           183                 106.25              1.72                1.73                1781215.00          0                   0.13                0                   0                   2253.00             -8.140277           -49.110602          F 
171660                          5                   0.0001000           183                 106.25              1.72                1.73                1781215.00          0                   0.67                0                   0                   11209.00            -11.996815          -48.555155          F 
170330                          5                   0.0001000           183                 106.25              1.72                1.73                1781215.00          0                   0.26                0                   0                   4361.00             -9.012931           -47.879306          F 
172049                          5                   0.0001000           183                 106.25              1.72                1.73                1781215.00          0                   0.25                0                   0                   4267.00             -11.804060          -48.170606          F 
170070                          5                   0.0001000           183                 106.25              1.72                1.73                1781215.00          0                   0.51                0                   0                   8546.00             -12.408706          -49.113225          F 
510788                          5                   0.0001000           183                 106.25              1.72                1.73                1781215.00          0                   0.089               0                   0                   1492.00             -12.022095          -51.362144          F 
510631                          5                   0.0001000           183                 106.25              1.72                1.73                1781215.00          0                   0.14                0                   0                   2301.00             -12.316068          -50.888796          F 
170510                          5                   0.0001000           183                 106.25              1.72                1.73                1781215.00          0                   0.20                0                   0                   3363.00             -11.542013          -47.846212          F 
510785                          5                   0.0001000           183                 106.25              1.72                1.73                1781215.00          0                   0.66                0                   0                   11039.00            -11.452949          -51.961623          F 
171875                          5                   0.0001000           183                 106.25              1.72                1.73                1781215.00          0                   0.39                0                   0                   6473.00             -9.648150           -47.496205          F 
171888                          5                   0.0001000           183                 106.25              1.72                1.73                1781215.00          0                   0.19                0                   0                   3198.00             -8.824490           -47.848520          F 
510035                          5                   0.0001000           183                 106.25              1.72                1.73                1781215.00          0                   0.36                0                   0                   5980.00             -11.810796          -51.749943          F 
171700                          5                   0.0001000           183                 106.25              1.72                1.73                1781215.00          0                   0.27                0                   0                   4562.00             -11.160193          -47.559309          F 
172130                          5                   0.0001000           183                 106.25              1.72                1.73                1781215.00          0                   0.14                0                   0                   2402.00             -8.356626           -48.211064          F 
150555                          5                   0.0001000           183                 106.25              1.72                1.73                1781215.00          0                   0.34                0                   0                   5637.00             -7.737187           -50.123353          F 
170550                          5                   0.0001000           183                 106.25              1.72                1.73                1781215.00          0                   2.00                0                   0                   33535.00            -8.076361           -48.529741          F 
510774                          5                   0.0001000           183                 106.25              1.72                1.73                1781215.00          0                   0.13                0                   0                   2213.00             -10.064857          -52.541103          F 
170230                          5                   0.0001000           183                 106.25              1.72                1.73                1781215.00          0                   0.41                0                   0                   6821.00             -7.723272           -48.999890          F 
170200                          5                   0.0001000           183                 106.25              1.72                1.73                1781215.00          0                   0.53                0                   0                   8822.00             -12.841080          -49.696345          F 
170410                          5                   0.0001000           183                 106.25              1.72                1.73                1781215.00          0                   0.17                0                   0                   2771.00             -9.073960           -47.444991          F 
150304                          5                   0.0001000           183                 106.25              1.72                1.73                1781215.00          0                   1.13                0                   0                   19005.00            -7.548373           -49.576097          F 
171420                          5                   0.0001000           183                 106.25              1.72                1.73                1781215.00          0                   0.55                0                   0                   9279.00             -11.798772          -47.648855          F 
510185                          5                   0.0001000           183                 106.25              1.72                1.73                1781215.00          0                   0.35                0                   0                   5889.00             -12.216986          -51.739360          F 
171050                          5                   0.0001000           183                 106.25              1.72                1.73                1781215.00          0                   0.44                0                   0                   7388.00             -8.571292           -47.668879          F 
510735                          5                   0.0001000           183                 106.25              1.72                1.73                1781215.00          0                   0.32                0                   0                   5354.00             -10.696430          -52.616401          F 
172025                          5                   0.0001000           183                 106.25              1.72                1.73                1781215.00          0                   0.18                0                   0                   3044.00             -12.578212          -48.365182          F 
171150                          5                   0.0001000           183                 106.25              1.72                1.73                1781215.00          0                   0.22                0                   0                   3730.00             -12.748297          -48.645919          F 
150125                          5                   0.0001000           183                 106.25              1.72                1.73                1781215.00          0                   0.20                0                   0                   3303.00             -7.486340           -50.634226          F 
150616                          5                   0.0001000           183                 106.25              1.72                1.73                1781215.00          1                   1.06                0.94                0.94                17755.00            -7.340746           -49.895407          F 
171570                          5                   0.0001000           183                 106.25              1.72                1.73                1781215.00          0                   0.33                0                   0                   5543.00             -7.886432           -48.155852          F 
170040                          5                   0.0001000           183                 106.25              1.72                1.73                1781215.00          0                   0.45                0                   0                   7480.00             -11.429933          -47.210353          F 
522020                          5                   0.0001000           183                 106.25              1.72                1.73                1781215.00          0                   1.36                0                   0                   22750.00            -13.145623          -50.249100          F 
171488                          5                   0.0001000           183                 106.25              1.72                1.73                1781215.00          0                   0.68                0                   0                   11408.00            -7.637938           -48.360190          F 
171800                          5                   0.0001000           183                 106.25              1.72                1.73                1781215.00          0                   0.18                0                   0                   3007.00             -11.511474          -47.046598          F 
150543                          5                   0.0001000           183                 106.25              1.72                1.73                1781215.00          8                   1.80                4.45                4.45                30171.00            -7.525492           -51.432537          F 
510718                          5                   0.0001000           183                 106.25              1.72                1.73                1781215.00          0                   0.56                0                   0                   9440.00             -12.874322          -51.567902          F 
170210                          5                   0.0001000           183                 106.25              1.72                1.73                1781215.00          0                   9.97                0                   0                   167176.00           -7.331699           -48.587995          F 
521800                          5                   0.0001000           183                 106.25              1.72                1.73                1781215.00          0                   2.66                0                   0                   44534.00            -13.292789          -49.230989          F 
172015                          5                   0.0001000           183                 106.25              1.72                1.73                1781215.00          0                   0.091               0                   0                   1532.00             -10.069039          -46.678465          F 
170560                          5                   0.0001000           183                 106.25              1.72                1.73                1781215.00          0                   0.25                0                   0                   4224.00             -12.169411          -47.303325          F 
171620                          5                   0.0001000           183                 106.25              1.72                1.73                1781215.00          0                   0.63                0                   0                   10579.00            -12.695829          -47.812163          F 
171886                          5                   0.0001000           183                 106.25              1.72                1.73                1781215.00          0                   0.43                0                   0                   7144.00             -7.093920           -48.973845          F 
150840                          5                   0.0001000           183                 106.25              1.72                1.73                1781215.00          0                   2.53                0                   0                   42465.00            -6.917853           -49.635135          F 
171270                          5                   0.0001000           183                 106.25              1.72                1.73                1781215.00          0                   0.15                0                   0                   2478.00             -10.576795          -46.506760          F 
170700                          5                   0.0001000           183                 106.25              1.72                1.73                1781215.00          0                   1.24                0                   0                   20870.00            -11.700197          -46.809137          F 
150775                          5                   0.0001000           183                 106.25              1.72                1.73                1781215.00          0                   0.33                0                   0                   5492.00             -6.838854           -49.569799          F 
170770                          5                   0.0001000           183                 106.25              1.72                1.73                1781215.00          0                   0.53                0                   0                   8824.00             -7.496709           -47.793945          F 
172093                          5                   0.0001000           183                 106.25              1.72                1.73                1781215.00          0                   0.12                0                   0                   2075.00             -12.140223          -46.994389          F 
510706                          5                   0.0001000           183                 106.25              1.72                1.73                1781215.00          0                   0.90                0                   0                   15121.00            -12.161387          -52.742100          F 
521960                          5                   0.0001000           183                 106.25              1.72                1.73                1781215.00          0                   0.23                0                   0                   3868.00             -13.572310          -48.982115          F 
150034                          5                   0.0001000           183                 106.25              1.72                1.73                1781215.00          0                   1.56                0                   0                   26105.00            -6.773035           -50.430070          F 
170130                          5                   0.0001000           183                 106.25              1.72                1.73                1781215.00          0                   0.35                0                   0                   5933.00             -6.945681           -48.633226          F 
170388                          5                   0.0001000           183                 106.25              1.72                1.73                1781215.00          0                   0.15                0                   0                   2482.00             -7.045626           -48.374851          F 
521410                          5                   0.0001000           183                 106.25              1.72                1.73                1781215.00          0                   0.23                0                   0                   3922.00             -13.707006          -49.309074          F 
521405                          5                   0.0001000           183                 106.25              1.72                1.73                1781215.00          0                   0.36                0                   0                   6046.00             -13.798766          -50.203361          F 
521308                          5                   0.0001000           183                 106.25              1.72                1.73                1781215.00          0                   1.86                0                   0                   31206.00            -13.498812          -48.348949          F 
171525                          5                   0.0001000           183                 106.25              1.72                1.73                1781215.00          0                   0.16                0                   0                   2625.00             -11.771209          -46.550144          F 
170300                          5                   0.0001000           183                 106.25              1.72                1.73                1781215.00          0                   0.64                0                   0                   10728.00            -7.175027           -47.855975          F 
510642                          5                   0.0001000           183                 106.25              1.72                1.73                1781215.00          1                   1.94                0.52                0.52                32464.00            -10.147782          -53.587442          F 
170215                          5                   0.0001000           183                 106.25              1.72                1.73                1781215.00          0                   0.32                0                   0                   5448.00             -6.791078           -48.525078          F 
150808                          5                   0.0001000           183                 106.25              1.72                1.73                1781215.00          111                 2.19                50.74               51.04               36674.00            -6.820174           -51.391396          F 
