140047                          1                   0.0001000           17401               1128.49             15.42               24.46               7160341.00          3                   4.18                0.72                0.72                26546.00            0.0378310           -61.010414          F 
140020                          1                   0.0001000           17401               1128.49             15.42               24.46               7160341.00          16                  3.03                5.28                5.28                19235.00            0.990862            -61.471950          F 
140060                          1                   0.0001000           17401               1128.49             15.42               24.46               7160341.00          1                   0.94                1.06                1.06                5979.00             0.884349            -60.151701          F 
140050                          1                   0.0001000           17401               1128.49             15.42               24.46               7160341.00          36                  0.95                37.89               37.92               6028.00             0.635650            -59.844809          F 
130353                          1                   0.0001000           17401               1128.49             15.42               24.46               7160341.00          132                 4.14                31.87               31.96               26282.00            -1.372564           -59.988741          F 
140023                          1                   0.0001000           17401               1128.49             15.42               24.46               7160341.00          3                   1.19                2.51                2.51                7569.00             0.914772            -59.338066          F 
130430                          1                   0.0001000           17401               1128.49             15.42               24.46               7160341.00          23                  2.49                9.25                9.25                15780.00            -0.893871           -59.029898          F 
130320                          1                   0.0001000           17401               1128.49             15.42               24.46               7160341.00          55                  2.51                21.93               21.95               15915.00            -2.046996           -61.701836          F 
140017                          1                   0.0001000           17401               1128.49             15.42               24.46               7160341.00          4                   1.88                2.13                2.13                11942.00            2.272838            -60.542067          F 
130040                          1                   0.0001000           17401               1128.49             15.42               24.46               7160341.00          6                   4.00                1.50                1.50                25410.00            -0.465180           -63.434588          F 
140028                          1                   0.0001000           17401               1128.49             15.42               24.46               7160341.00          66                  0.99                67.00               67.10               6250.00             2.186649            -62.468913          F 
140030                          1                   0.0001000           17401               1128.49             15.42               24.46               7160341.00          79                  2.08                38.01               38.07               13188.00            2.510145            -61.983632          F 
130260                          1                   0.0001000           17401               1128.49             15.42               24.46               7160341.00          2091                274.01              7.63                7.95                1738641.00          -2.626021           -60.259483          F 
140015                          1                   0.0001000           17401               1128.49             15.42               24.46               7160341.00          28                  1.69                16.56               16.57               10726.00            2.787148            -60.100125          F 
130356                          1                   0.0001000           17401               1128.49             15.42               24.46               7160341.00          102                 4.23                24.11               24.16               26847.00            -2.529891           -59.638156          F 
130395                          1                   0.0001000           17401               1128.49             15.42               24.46               7160341.00          49                  1.46                33.55               33.58               9268.00             -1.946118           -58.702338          F 
140010                          1                   0.0001000           17401               1128.49             15.42               24.46               7160341.00          1280                42.06               30.43               31.29               266901.00           3.117964            -60.717850          F 
130185                          1                   0.0001000           17401               1128.49             15.42               24.46               7160341.00          81                  5.34                15.17               15.19               33884.00            -3.095148           -60.480667          F 
130083                          1                   0.0001000           17401               1128.49             15.42               24.46               7160341.00          3                   1.76                1.70                1.70                11170.00            -3.081969           -61.877491          F 
130250                          1                   0.0001000           17401               1128.49             15.42               24.46               7160341.00          140                 13.63               10.27               10.30               86472.00            -3.291606           -60.958222          F 
150300                          1                   0.0001000           17401               1128.49             15.42               24.46               7160341.00          0                   3.09                0                   0                   19585.00            -1.158833           -57.806300          F 
130200                          1                   0.0001000           17401               1128.49             15.42               24.46               7160341.00          20                  1.53                13.04               13.04               9733.00             -2.498704           -58.619577          F 
140005                          1                   0.0001000           17401               1128.49             15.42               24.46               7160341.00          11                  2.24                4.91                4.91                14205.00            3.078187            -62.755259          F 
130008                          1                   0.0001000           17401               1128.49             15.42               24.46               7160341.00          6                   1.37                4.39                4.39                8673.00             -3.502503           -61.716696          F 
130115                          1                   0.0001000           17401               1128.49             15.42               24.46               7160341.00          32                  3.89                8.22                8.22                24704.00            -3.286228           -59.599493          F 
130300                          1                   0.0001000           17401               1128.49             15.42               24.46               7160341.00          1                   2.91                0.34                0.34                18474.00            -1.680483           -57.656536          F 
130400                          1                   0.0001000           17401               1128.49             15.42               24.46               7160341.00          9                   1.35                6.68                6.69                8543.00             -2.822093           -58.536128          F 
130255                          1                   0.0001000           17401               1128.49             15.42               24.46               7160341.00          44                  3.28                13.40               13.41               20836.00            -3.779354           -60.697327          F 
130130                          1                   0.0001000           17401               1128.49             15.42               24.46               7160341.00          9                   2.57                3.51                3.51                16291.00            -3.289026           -62.972665          F 
150530                          1                   0.0001000           17401               1128.49             15.42               24.46               7160341.00          3                   9.25                0.32                0.32                58683.00            0.255032            -57.149736          F 
130110                          1                   0.0001000           17401               1128.49             15.42               24.46               7160341.00          55                  5.14                10.69               10.70               32638.00            -3.770658           -60.183093          F 
130190                          1                   0.0001000           17401               1128.49             15.42               24.46               7160341.00          133                 14.10               9.44                9.46                89440.00            -3.174662           -58.777136          F 
140040                          1                   0.0001000           17401               1128.49             15.42               24.46               7160341.00          4                   1.19                3.37                3.37                7527.00             3.878942            -60.064912          F 
140002                          1                   0.0001000           17401               1128.49             15.42               24.46               7160341.00          10                  1.30                7.69                7.69                8249.00             3.732874            -62.436863          F 
130030                          1                   0.0001000           17401               1128.49             15.42               24.46               7160341.00          66                  5.01                13.18               13.20               31774.00            -3.788879           -59.528635          F 
140045                          1                   0.0001000           17401               1128.49             15.42               24.46               7160341.00          14                  1.45                9.63                9.64                9220.00             4.168751            -60.839425          F 
130440                          1                   0.0001000           17401               1128.49             15.42               24.46               7160341.00          5                   2.92                1.71                1.71                18541.00            -2.812240           -57.770143          F 
130010                          1                   0.0001000           17401               1128.49             15.42               24.46               7160341.00          8                   2.31                3.46                3.46                14688.00            -4.186645           -62.073001          F 
130360                          1                   0.0001000           17401               1128.49             15.42               24.46               7160341.00          45                  2.92                15.43               15.44               18506.00            -0.318566           -65.522058          F 
130068                          1                   0.0001000           17401               1128.49             15.42               24.46               7160341.00          5                   2.21                2.27                2.27                13994.00            -3.138082           -57.669942          F 
130310                          1                   0.0001000           17401               1128.49             15.42               24.46               7160341.00          63                  4.89                12.89               12.91               31012.00            -3.988364           -58.601783          F 
140070                          1                   0.0001000           17401               1128.49             15.42               24.46               7160341.00          2                   1.25                1.60                1.60                7934.00             4.683843            -60.280731          F 
130063                          1                   0.0001000           17401               1128.49             15.42               24.46               7160341.00          14                  2.32                6.04                6.04                14705.00            -4.603475           -61.787364          F 
130280                          1                   0.0001000           17401               1128.49             15.42               24.46               7160341.00          4                   2.86                1.40                1.40                18135.00            -2.428415           -65.038109          F 
150797                          1                   0.0001000           17401               1128.49             15.42               24.46               7160341.00          6                   2.52                2.38                2.38                16004.00            -1.952134           -56.458364          F 
130340                          1                   0.0001000           17401               1128.49             15.42               24.46               7160341.00          35                  16.90               2.07                2.07                107250.00           -2.688407           -56.854026          F 
130050                          1                   0.0001000           17401               1128.49             15.42               24.46               7160341.00          2                   4.44                0.45                0.45                28162.00            -3.129157           -57.172390          F 
130080                          1                   0.0001000           17401               1128.49             15.42               24.46               7160341.00          20                  5.12                3.91                3.91                32496.00            -4.957034           -59.534428          F 
150510                          1                   0.0001000           17401               1128.49             15.42               24.46               7160341.00          10                  7.63                1.31                1.31                48429.00            -0.170427           -55.674947          F 
130426                          1                   0.0001000           17401               1128.49             15.42               24.46               7160341.00          22                  1.59                13.81               13.82               10108.00            -3.167038           -65.411879          F 
130120                          1                   0.0001000           17401               1128.49             15.42               24.46               7160341.00          42                  10.56               3.98                3.98                66991.00            -4.437162           -64.124619          F 
150390                          1                   0.0001000           17401               1128.49             15.42               24.46               7160341.00          0                   5.60                0                   0                   35530.00            -2.622585           -56.221232          F 
130002                          1                   0.0001000           17401               1128.49             15.42               24.46               7160341.00          552                 2.14                258.18              261.36              13566.00            -3.701122           -65.330652          F 
130290                          1                   0.0001000           17401               1128.49             15.42               24.46               7160341.00          4                   7.83                0.51                0.51                49666.00            -4.984990           -58.060916          F 
130160                          1                   0.0001000           17401               1128.49             15.42               24.46               7160341.00          24                  2.96                8.10                8.10                18803.00            -2.492180           -66.358452          F 
150040                          1                   0.0001000           17401               1128.49             15.42               24.46               7160341.00          8                   8.99                0.89                0.89                57067.00            -0.536230           -55.069883          F 
150285                          1                   0.0001000           17401               1128.49             15.42               24.46               7160341.00          4                   2.05                1.95                1.95                12984.00            -1.845743           -55.113264          F 
150100                          1                   0.0001000           17401               1128.49             15.42               24.46               7160341.00          5                   3.19                1.57                1.57                20266.00            -3.667209           -56.016450          F 
130420                          1                   0.0001000           17401               1128.49             15.42               24.46               7160341.00          738                 10.19               72.41               73.59               64671.00            -4.468383           -65.529278          F 
130220                          1                   0.0001000           17401               1128.49             15.42               24.46               7160341.00          34                  1.46                23.26               23.28               9275.00             -3.524623           -66.306825          F 
130270                          1                   0.0001000           17401               1128.49             15.42               24.46               7160341.00          41                  7.37                5.56                5.57                46773.00            -6.459804           -61.446481          F 
150680                          1                   0.0001000           17401               1128.49             15.42               24.46               7160341.00          187                 43.60               4.29                4.30                276665.00           -2.764647           -55.093854          F 
150480                          1                   0.0001000           17401               1128.49             15.42               24.46               7160341.00          15                  10.08               1.49                1.49                63941.00            -1.119762           -54.365806          F 
150145                          1                   0.0001000           17401               1128.49             15.42               24.46               7160341.00          4                   2.00                2.00                2.00                12671.00            -3.191161           -54.992826          F 
130330                          1                   0.0001000           17401               1128.49             15.42               24.46               7160341.00          34                  2.99                11.38               11.39               18952.00            -6.825051           -60.477192          F 
130380                          1                   0.0001000           17401               1128.49             15.42               24.46               7160341.00          1                   6.60                0.15                0.15                41885.00            0.374453            -67.997697          F 
150050                          1                   0.0001000           17401               1128.49             15.42               24.46               7160341.00          3                   4.92                0.61                0.61                31192.00            0.284350            -53.893460          F 
150805                          1                   0.0001000           17401               1128.49             15.42               24.46               7160341.00          115                 2.70                42.59               42.69               17134.00            -5.130084           -56.003417          F 
150619                          1                   0.0001000           17401               1128.49             15.42               24.46               7160341.00          10                  5.68                1.76                1.76                36068.00            -4.241022           -55.210827          F 
130410                          1                   0.0001000           17401               1128.49             15.42               24.46               7160341.00          10                  3.13                3.19                3.19                19884.00            -6.104509           -64.893865          F 
130423                          1                   0.0001000           17401               1128.49             15.42               24.46               7160341.00          5                   3.20                1.56                1.56                20286.00            -2.691643           -67.827923          F 
150360                          1                   0.0001000           17401               1128.49             15.42               24.46               7160341.00          299                 20.15               14.84               14.93               127848.00           -5.871333           -56.496545          F 
130210                          1                   0.0001000           17401               1128.49             15.42               24.46               7160341.00          2                   0.67                2.99                2.99                4238.00             -1.698117           -68.320288          F 
130170                          1                   0.0001000           17401               1128.49             15.42               24.46               7160341.00          169                 6.42                26.32               26.42               40735.00            -7.362897           -62.485394          F 
150565                          1                   0.0001000           17401               1128.49             15.42               24.46               7160341.00          0                   3.09                0                   0                   19592.00            -3.889977           -54.500599          F 
150600                          1                   0.0001000           17401               1128.49             15.42               24.46               7160341.00          48                  4.19                11.46               11.47               26570.00            -2.120276           -53.660235          F 
160027                          1                   0.0001000           17401               1128.49             15.42               24.46               7160341.00          13                  6.36                2.04                2.04                40357.00            1.096940            -53.306000          F 
130014                          1                   0.0001000           17401               1128.49             15.42               24.46               7160341.00          186                 2.93                63.46               63.72               18597.00            -7.759871           -59.431439          F 
130006                          1                   0.0001000           17401               1128.49             15.42               24.46               7160341.00          30                  1.39                21.56               21.58               8828.00             -3.418321           -68.287308          F 
130090                          1                   0.0001000           17401               1128.49             15.42               24.46               7160341.00          22                  1.88                11.68               11.69               11948.00            -7.403346           -64.096665          F 
150815                          1                   0.0001000           17401               1128.49             15.42               24.46               7160341.00          104                 9.44                11.02               11.04               59881.00            -3.583648           -53.807296          F 
130100                          1                   0.0001000           17401               1128.49             15.42               24.46               7160341.00          9                   4.13                2.18                2.18                26187.00            -5.118832           -67.337382          F 
150375                          1                   0.0001000           17401               1128.49             15.42               24.46               7160341.00          6                   6.54                0.92                0.92                41487.00            -7.445178           -57.302829          F 
150445                          1                   0.0001000           17401               1128.49             15.42               24.46               7160341.00          27                  3.73                7.23                7.24                23682.00            -3.160218           -53.194916          F 
160015                          1                   0.0001000           17401               1128.49             15.42               24.46               7160341.00          22                  1.29                17.06               17.07               8182.00             1.157828            -52.523712          F 
130370                          1                   0.0001000           17401               1128.49             15.42               24.46               7160341.00          10                  4.78                2.09                2.09                30351.00            -3.051175           -69.087897          F 
150590                          1                   0.0001000           17401               1128.49             15.42               24.46               7160341.00          2                   4.43                0.45                0.45                28091.00            -2.184494           -52.547960          F 
130230                          1                   0.0001000           17401               1128.49             15.42               24.46               7160341.00          5                   2.65                1.89                1.89                16791.00            -4.713108           -68.403854          F 
160005                          1                   0.0001000           17401               1128.49             15.42               24.46               7160341.00          147                 0.63                234.24              235.00              3982.00             1.649528            -52.270468          F 
150172                          1                   0.0001000           17401               1128.49             15.42               24.46               7160341.00          46                  3.11                14.78               14.79               19754.00            -3.292151           -52.685423          F 
160080                          1                   0.0001000           17401               1128.49             15.42               24.46               7160341.00          2                   1.82                1.10                1.10                11519.00            -0.997903           -52.061167          F 
160040                          1                   0.0001000           17401               1128.49             15.42               24.46               7160341.00          42                  2.31                18.18               18.20               14655.00            -0.0730322          -51.943908          F 
110080                          1                   0.0001000           17401               1128.49             15.42               24.46               7160341.00          117                 2.77                42.31               42.41               17547.00            -8.887011           -63.325581          F 
110013                          1                   0.0001000           17401               1128.49             15.42               24.46               7160341.00          58                  5.23                11.10               11.11               33159.00            -9.204070           -62.010294          F 
110094                          1                   0.0001000           17401               1128.49             15.42               24.46               7160341.00          53                  2.35                22.59               22.61               14889.00            -9.170974           -62.565037          F 
510080                          1                   0.0001000           17401               1128.49             15.42               24.46               7160341.00          1                   1.32                0.76                0.76                8381.00             -8.753341           -57.827599          F 
160053                          1                   0.0001000           17401               1128.49             15.42               24.46               7160341.00          168                 2.36                71.30               71.56               14951.00            0.587711            -51.673569          F 
510325                          1                   0.0001000           17401               1128.49             15.42               24.46               7160341.00          38                  4.98                7.63                7.64                31597.00            -9.292283           -60.305531          F 
110110                          1                   0.0001000           17401               1128.49             15.42               24.46               7160341.00          53                  1.30                40.84               40.88               8235.00             -9.170195           -63.044988          F 
150310                          1                   0.0001000           17401               1128.49             15.42               24.46               7160341.00          2                   4.02                0.50                0.50                25511.00            -1.151921           -51.555276          F 
130406                          1                   0.0001000           17401               1128.49             15.42               24.46               7160341.00          226                 7.56                29.91               30.05               47948.00            -4.027765           -69.681346          F 
130390                          1                   0.0001000           17401               1128.49             15.42               24.46               7160341.00          116                 5.19                22.33               22.39               32958.00            -4.497836           -69.450565          F 
150835                          1                   0.0001000           17401               1128.49             15.42               24.46               7160341.00          8                   1.52                5.25                5.25                9664.00             -3.141047           -51.973342          F 
160050                          1                   0.0001000           17401               1128.49             15.42               24.46               7160341.00          8                   3.30                2.42                2.42                20962.00            3.088524            -51.904801          F 
160060                          1                   0.0001000           17401               1128.49             15.42               24.46               7160341.00          349                 15.32               22.78               22.95               97220.00            0.128476            -51.379449          F 
160023                          1                   0.0001000           17401               1128.49             15.42               24.46               7160341.00          11                  0.86                12.75               12.75               5475.00             0.958713            -51.419182          F 
150060                          1                   0.0001000           17401               1128.49             15.42               24.46               7160341.00          196                 15.56               12.59               12.64               98750.00            -6.486303           -53.886671          F 
130240                          1                   0.0001000           17401               1128.49             15.42               24.46               7160341.00          35                  6.21                5.64                5.64                39393.00            -8.375880           -65.812244          F 
150503                          1                   0.0001000           17401               1128.49             15.42               24.46               7160341.00          600                 3.39                177.04              179.41              21504.00            -8.062463           -55.612052          F 
110020                          1                   0.0001000           17401               1128.49             15.42               24.46               7160341.00          589                 60.33               9.76                9.88                382829.00           -9.153039           -64.305489          F 
130195                          1                   0.0001000           17401               1128.49             15.42               24.46               7160341.00          22                  1.31                16.86               16.86               8281.00             -6.682874           -68.114036          F 
110175                          1                   0.0001000           17401               1128.49             15.42               24.46               7160341.00          42                  1.43                29.28               29.31               9100.00             -9.732685           -61.939355          F 
110026                          1                   0.0001000           17401               1128.49             15.42               24.46               7160341.00          20                  0.52                38.57               38.59               3290.00             -9.645106           -62.790311          F 
510337                          1                   0.0001000           17401               1128.49             15.42               24.46               7160341.00          0                   2.36                0                   0                   14965.00            -9.536841           -58.677801          F 
160055                          1                   0.0001000           17401               1128.49             15.42               24.46               7160341.00          1                   0.58                1.73                1.73                3658.00             1.625299            -51.277065          F 
160020                          1                   0.0001000           17401               1128.49             15.42               24.46               7160341.00          12                  1.46                8.20                8.20                9291.00             2.430849            -51.404322          F 
110040                          1                   0.0001000           17401               1128.49             15.42               24.46               7160341.00          123                 2.77                44.42               44.54               17569.00            -9.649274           -63.394283          F 
150450                          1                   0.0001000           17401               1128.49             15.42               24.46               7160341.00          1                   2.78                0.36                0.36                17657.00            -1.607856           -51.104066          F 
160070                          1                   0.0001000           17401               1128.49             15.42               24.46               7160341.00          39                  2.17                17.97               17.99               13769.00            1.294034            -50.985687          F 
150780                          1                   0.0001000           17401               1128.49             15.42               24.46               7160341.00          22                  2.27                9.67                9.68                14434.00            -4.171559           -51.773388          F 
110002                          1                   0.0001000           17401               1128.49             15.42               24.46               7160341.00          534                 13.48               39.61               40.07               85541.00            -9.951979           -62.957373          F 
510615                          1                   0.0001000           17401               1128.49             15.42               24.46               7160341.00          0                   2.22                0                   0                   14078.00            -9.768714           -58.076318          F 
110160                          1                   0.0001000           17401               1128.49             15.42               24.46               7160341.00          32                  1.63                19.67               19.68               10325.00            -10.121814          -62.342289          F 
150030                          1                   0.0001000           17401               1128.49             15.42               24.46               7160341.00          596                 5.14                115.88              117.42              32633.00            -0.263841           -50.727746          F 
510140                          1                   0.0001000           17401               1128.49             15.42               24.46               7160341.00          1                   3.23                0.31                0.31                20511.00            -10.187963          -59.839297          F 
160030                          1                   0.0001000           17401               1128.49             15.42               24.46               7160341.00          560                 57.76               9.70                9.80                366484.00           0.554818            -50.700863          F 
160025                          1                   0.0001000           17401               1128.49             15.42               24.46               7160341.00          9                   0.58                15.65               15.65               3650.00             0.532233            -50.651554          F 
150580                          1                   0.0001000           17401               1128.49             15.42               24.46               7160341.00          32                  7.71                4.15                4.15                48945.00            -2.565541           -50.955536          F 
150180                          1                   0.0001000           17401               1128.49             15.42               24.46               7160341.00          386                 15.93               24.23               24.43               101094.00           -1.121333           -50.628584          F 
110180                          1                   0.0001000           17401               1128.49             15.42               24.46               7160341.00          12                  1.40                8.54                8.54                8913.00             -10.384134          -62.093876          F 
510757                          1                   0.0001000           17401               1128.49             15.42               24.46               7160341.00          0                   0.55                0                   0                   3484.00             -10.463060          -61.010088          F 
110045                          1                   0.0001000           17401               1128.49             15.42               24.46               7160341.00          232                 5.47                42.43               42.64               34693.00            -10.052159          -63.941154          F 
150085                          1                   0.0001000           17401               1128.49             15.42               24.46               7160341.00          175                 3.22                54.37               54.58               20421.00            -3.997294           -51.301209          F 
110140                          1                   0.0001000           17401               1128.49             15.42               24.46               7160341.00          79                  2.00                39.44               39.51               12708.00            -10.210793          -63.372281          F 
110012                          1                   0.0001000           17401               1128.49             15.42               24.46               7160341.00          125                 17.50               7.14                7.16                111010.00           -10.462197          -61.757091          F 
510629                          1                   0.0001000           17401               1128.49             15.42               24.46               7160341.00          0                   1.91                0                   0                   12113.00            -9.593078           -56.684722          F 
110060                          1                   0.0001000           17401               1128.49             15.42               24.46               7160341.00          9                   0.90                9.96                9.96                5736.00             -10.331685          -62.987180          F 
160010                          1                   0.0001000           17401               1128.49             15.42               24.46               7160341.00          10                  1.23                8.13                8.13                7802.00             1.764026            -50.581371          F 
160021                          1                   0.0001000           17401               1128.49             15.42               24.46               7160341.00          2                   0.73                2.73                2.73                4652.00             1.030315            -50.483699          F 
130350                          1                   0.0001000           17401               1128.49             15.42               24.46               7160341.00          40                  3.01                13.28               13.29               19111.00            -7.757795           -68.197229          F 
510517                          1                   0.0001000           17401               1128.49             15.42               24.46               7160341.00          3                   1.51                1.98                1.98                9595.00             -10.359620          -58.592177          F 
510895                          1                   0.0001000           17401               1128.49             15.42               24.46               7160341.00          0                   1.36                0                   0                   8602.00             -9.964637           -57.251389          F 
110015                          1                   0.0001000           17401               1128.49             15.42               24.46               7160341.00          70                  5.79                12.09               12.11               36725.00            -10.610539          -62.172424          F 
110011                          1                   0.0001000           17401               1128.49             15.42               24.46               7160341.00          192                 8.50                22.58               22.68               53943.00            -10.592446          -62.584788          F 
130060                          1                   0.0001000           17401               1128.49             15.42               24.46               7160341.00          1250                4.92                254.25              261.46              31195.00            -5.429327           -70.278296          F 
110070                          1                   0.0001000           17401               1128.49             15.42               24.46               7160341.00          39                  2.04                19.16               19.18               12915.00            -10.485091          -63.799446          F 
110100                          1                   0.0001000           17401               1128.49             15.42               24.46               7160341.00          16                  1.83                8.76                8.76                11593.00            -10.748055          -63.183884          F 
150548                          1                   0.0001000           17401               1128.49             15.42               24.46               7160341.00          10                  6.61                1.51                1.51                41953.00            -3.684058           -50.631545          F 
110033                          1                   0.0001000           17401               1128.49             15.42               24.46               7160341.00          123                 3.52                34.94               35.03               22337.00            -10.382239          -64.629270          F 
110143                          1                   0.0001000           17401               1128.49             15.42               24.46               7160341.00          18                  1.25                14.38               14.38               7944.00             -10.889526          -62.532438          F 
110155                          1                   0.0001000           17401               1128.49             15.42               24.46               7160341.00          8                   0.79                10.13               10.13               5010.00             -10.943464          -62.279708          F 
150070                          1                   0.0001000           17401               1128.49             15.42               24.46               7160341.00          1304                4.32                302.12              311.08              27386.00            -0.827103           -49.962044          F 
150110                          1                   0.0001000           17401               1128.49             15.42               24.46               7160341.00          7                   3.21                2.18                2.18                20386.00            -2.372794           -50.181886          F 
510025                          1                   0.0001000           17401               1128.49             15.42               24.46               7160341.00          0                   8.10                0                   0                   51414.00            -10.054593          -56.366407          F 
150280                          1                   0.0001000           17401               1128.49             15.42               24.46               7160341.00          11                  4.34                2.53                2.53                27543.00            -1.583580           -49.988115          F 
150250                          1                   0.0001000           17401               1128.49             15.42               24.46               7160341.00          16                  3.23                4.95                4.95                20506.00            -0.0296229          -49.829440          F 
110120                          1                   0.0001000           17401               1128.49             15.42               24.46               7160341.00          3                   1.67                1.80                1.80                10572.00            -11.160345          -61.568926          F 
110170                          1                   0.0001000           17401               1128.49             15.42               24.46               7160341.00          41                  2.15                19.04               19.06               13661.00            -11.103908          -62.424021          F 
110025                          1                   0.0001000           17401               1128.49             15.42               24.46               7160341.00          44                  3.55                12.40               12.41               22519.00            -11.166190          -61.877898          F 
510285                          1                   0.0001000           17401               1128.49             15.42               24.46               7160341.00          2                   1.27                1.57                1.57                8059.00             -10.955815          -58.604328          F 
130070                          1                   0.0001000           17401               1128.49             15.42               24.46               7160341.00          267                 4.92                54.26               54.58               31221.00            -8.772979           -68.047540          F 
110130                          1                   0.0001000           17401               1128.49             15.42               24.46               7160341.00          22                  1.95                11.29               11.30               12363.00            -11.076985          -62.848279          F 
510626                          1                   0.0001000           17401               1128.49             15.42               24.46               7160341.00          0                   1.14                0                   0                   7216.00             -9.752651           -55.402225          F 
110004                          1                   0.0001000           17401               1128.49             15.42               24.46               7160341.00          328                 12.40               26.45               26.64               78675.00            -11.301237          -61.324689          F 
150309                          2                   0.0001000           4934                149.05              33.10               37.04               940576.00           82                  4.62                17.74               17.77               29164.00            -4.027408           -49.005681          F 
150178                          2                   0.0001000           4934                149.05              33.10               37.04               940576.00           196                 8.27                23.69               23.79               52200.00            -3.733432           -49.370902          F 
150380                          2                   0.0001000           4934                149.05              33.10               37.04               940576.00           763                 8.86                86.14               87.60               55900.00            -4.598468           -49.181178          F 
150618                          2                   0.0001000           4934                149.05              33.10               37.04               940576.00           11                  7.57                1.45                1.45                47772.00            -4.517001           -48.459948          F 
150810                          2                   0.0001000           4934                149.05              33.10               37.04               940576.00           607                 15.21               39.90               40.43               96010.00            -3.855790           -49.820813          F 
150497                          2                   0.0001000           4934                149.05              33.10               37.04               940576.00           72                  2.39                30.10               30.14               15097.00            -4.980996           -49.230674          F 
150157                          2                   0.0001000           4934                149.05              33.10               37.04               940576.00           2                   2.15                0.93                0.93                13593.00            -5.054285           -48.763593          F 
150013                          2                   0.0001000           4934                149.05              33.10               37.04               940576.00           1                   1.10                0.91                0.91                6967.00             -4.957467           -48.424677          F 
150293                          2                   0.0001000           4934                149.05              33.10               37.04               940576.00           22                  6.19                3.55                3.55                39088.00            -4.186537           -47.898194          F 
150120                          2                   0.0001000           4934                149.05              33.10               37.04               940576.00           49                  4.48                10.93               10.94               28299.00            -3.129242           -49.698861          F 
150795                          2                   0.0001000           4934                149.05              33.10               37.04               940576.00           835                 11.52               72.46               73.81               72720.00            -2.907824           -48.736640          F 
211153                          2                   0.0001000           4934                149.05              33.10               37.04               940576.00           0                   1.82                0                   0                   11481.00            -5.133802           -48.369497          F 
150470                          2                   0.0001000           4934                149.05              33.10               37.04               940576.00           8                   10.87               0.74                0.74                68600.00            -2.683914           -49.073983          F 
150506                          2                   0.0001000           4934                149.05              33.10               37.04               940576.00           325                 8.84                36.78               37.04               55762.00            -4.502833           -50.271560          F 
170740                          2                   0.0001000           4934                149.05              33.10               37.04               940576.00           0                   1.34                0                   0                   8445.00             -5.326535           -48.540410          F 
172030                          2                   0.0001000           4934                149.05              33.10               37.04               940576.00           0                   0.70                0                   0                   4441.00             -5.240695           -48.331520          F 
150370                          2                   0.0001000           4934                149.05              33.10               37.04               940576.00           35                  6.58                5.32                5.32                41541.00            -5.114819           -49.869663          F 
211285                          2                   0.0001000           4934                149.05              33.10               37.04               940576.00           0                   1.46                0                   0                   9185.00             -5.074890           -48.080618          F 
150750                          2                   0.0001000           4934                149.05              33.10               37.04               940576.00           36                  1.89                19.05               19.07               11923.00            -5.447389           -48.696990          F 
150460                          2                   0.0001000           4934                149.05              33.10               37.04               940576.00           21                  3.91                5.37                5.37                24695.00            -2.576520           -49.465753          F 
150812                          2                   0.0001000           4934                149.05              33.10               37.04               940576.00           97                  5.71                16.99               17.03               36020.00            -3.809797           -47.493553          F 
210325                          2                   0.0001000           4934                149.05              33.10               37.04               940576.00           0                   2.04                0                   0                   12866.00            -5.057171           -47.829843          F 
170380                          2                   0.0001000           4934                149.05              33.10               37.04               940576.00           0                   1.34                0                   0                   8454.00             -5.337853           -48.137952          F 
150800                          2                   0.0001000           4934                149.05              33.10               37.04               940576.00           89                  7.70                11.55               11.58               48607.00            -2.635991           -48.267573          F 
150550                          2                   0.0001000           4934                149.05              33.10               37.04               940576.00           1397                15.43               90.56               93.42               97350.00            -3.203446           -47.603092          F 
150345                          2                   0.0001000           4934                149.05              33.10               37.04               940576.00           286                 7.04                40.65               40.91               44396.00            -2.805973           -47.921740          F 
211150                          3                   0.0001000           115                 5.79                19.87               19.92               73831.00            68                  3.11                21.90               21.93               39622.00            -3.987537           -44.527403          F 
210663                          3                   0.0001000           115                 5.79                19.87               19.92               73831.00            2                   0.89                2.26                2.26                11295.00            -3.758787           -44.476339          F 
210043                          3                   0.0001000           115                 5.79                19.87               19.92               73831.00            45                  1.80                25.06               25.08               22914.00            -4.209394           -44.393550          F 
210237                          4                   0.2095              8                   0.73                10.99               10.99               9286.00             8                   0.73                10.99               10.99               9286.00             -3.120051           -43.931229          F 
