140023                          1                   0.0001000           12339               585.61              21.07               41.57               7458419.00          6                   0.75                8.05                8.05                9493.00             0.914772            -59.338066          F 
140050                          1                   0.0001000           12339               585.61              21.07               41.57               7458419.00          7                   0.61                11.52               11.52               7740.00             0.635650            -59.844809          F 
140060                          1                   0.0001000           12339               585.61              21.07               41.57               7458419.00          18                  0.60                30.18               30.20               7597.00             0.884349            -60.151701          F 
140017                          1                   0.0001000           12339               585.61              21.07               41.57               7458419.00          7                   1.33                5.28                5.28                16877.00            2.272838            -60.542067          F 
130430                          1                   0.0001000           12339               585.61              21.07               41.57               7458419.00          56                  1.33                42.03               42.13               16968.00            -0.893871           -59.029898          F 
140047                          1                   0.0001000           12339               585.61              21.07               41.57               7458419.00          114                 2.22                51.46               51.70               28215.00            0.0378310           -61.010414          F 
140015                          1                   0.0001000           12339               585.61              21.07               41.57               7458419.00          4                   0.94                4.26                4.27                11945.00            2.787148            -60.100125          F 
140020                          1                   0.0001000           12339               585.61              21.07               41.57               7458419.00          20                  1.63                12.24               12.25               20807.00            0.990862            -61.471950          F 
150530                          1                   0.0001000           12339               585.61              21.07               41.57               7458419.00          2                   5.58                0.36                0.36                71078.00            0.255032            -57.149736          F 
130353                          1                   0.0001000           12339               585.61              21.07               41.57               7458419.00          73                  2.71                26.89               26.97               34574.00            -1.372564           -59.988741          F 
150300                          1                   0.0001000           12339               585.61              21.07               41.57               7458419.00          1                   0.55                1.82                1.82                7009.00             -1.158833           -57.806300          F 
140010                          1                   0.0001000           12339               585.61              21.07               41.57               7458419.00          1152                26.07               44.19               46.33               332020.00           3.117964            -60.717850          F 
130395                          1                   0.0001000           12339               585.61              21.07               41.57               7458419.00          34                  1.05                32.26               32.31               13421.00            -1.946118           -58.702338          F 
140040                          1                   0.0001000           12339               585.61              21.07               41.57               7458419.00          1                   0.83                1.21                1.21                10527.00            3.878942            -60.064912          F 
140030                          1                   0.0001000           12339               585.61              21.07               41.57               7458419.00          151                 1.32                114.12              114.82              16852.00            2.510145            -61.983632          F 
130300                          1                   0.0001000           12339               585.61              21.07               41.57               7458419.00          0                   1.64                0                   0                   20902.00            -1.680483           -57.656536          F 
140028                          1                   0.0001000           12339               585.61              21.07               41.57               7458419.00          36                  0.85                42.22               42.28               10859.00            2.186649            -62.468913          F 
130356                          1                   0.0001000           12339               585.61              21.07               41.57               7458419.00          112                 2.51                44.57               44.78               32001.00            -2.529891           -59.638156          F 
130200                          1                   0.0001000           12339               585.61              21.07               41.57               7458419.00          18                  0.72                25.12               25.14               9125.00             -2.498704           -58.619577          F 
140045                          1                   0.0001000           12339               585.61              21.07               41.57               7458419.00          14                  0.97                14.41               14.42               12375.00            4.168751            -60.839425          F 
130260                          1                   0.0001000           12339               585.61              21.07               41.57               7458419.00          2644                167.26              15.81               17.61               2130264.00          -2.626021           -60.259483          F 
130320                          1                   0.0001000           12339               585.61              21.07               41.57               7458419.00          148                 1.46                101.42              102.03              18586.00            -2.046996           -61.701836          F 
150510                          1                   0.0001000           12339               585.61              21.07               41.57               7458419.00          0                   3.98                0                   0                   50727.00            -0.170427           -55.674947          F 
130400                          1                   0.0001000           12339               585.61              21.07               41.57               7458419.00          8                   0.72                11.06               11.06               9211.00             -2.822093           -58.536128          F 
140070                          1                   0.0001000           12339               585.61              21.07               41.57               7458419.00          2                   0.77                2.59                2.59                9836.00             4.683843            -60.280731          F 
140005                          1                   0.0001000           12339               585.61              21.07               41.57               7458419.00          32                  1.25                25.58               25.61               15933.00            3.078187            -62.755259          F 
130440                          1                   0.0001000           12339               585.61              21.07               41.57               7458419.00          4                   1.74                2.30                2.30                22148.00            -2.812240           -57.770143          F 
150797                          1                   0.0001000           12339               585.61              21.07               41.57               7458419.00          0                   1.43                0                   0                   18257.00            -1.952134           -56.458364          F 
130190                          1                   0.0001000           12339               585.61              21.07               41.57               7458419.00          76                  7.84                9.69                9.72                99854.00            -3.174662           -58.777136          F 
130185                          1                   0.0001000           12339               585.61              21.07               41.57               7458419.00          30                  3.72                8.06                8.07                47407.00            -3.095148           -60.480667          F 
140002                          1                   0.0001000           12339               585.61              21.07               41.57               7458419.00          10                  0.91                11.02               11.02               11560.00            3.732874            -62.436863          F 
130115                          1                   0.0001000           12339               585.61              21.07               41.57               7458419.00          59                  2.29                25.74               25.80               29190.00            -3.286228           -59.599493          F 
130040                          1                   0.0001000           12339               585.61              21.07               41.57               7458419.00          37                  2.18                16.99               17.01               27743.00            -0.465180           -63.434588          F 
130340                          1                   0.0001000           12339               585.61              21.07               41.57               7458419.00          30                  8.94                3.36                3.36                113832.00           -2.688407           -56.854026          F 
130068                          1                   0.0001000           12339               585.61              21.07               41.57               7458419.00          3                   1.45                2.07                2.07                18483.00            -3.138082           -57.669942          F 
130250                          1                   0.0001000           12339               585.61              21.07               41.57               7458419.00          155                 7.57                20.47               20.59               96460.00            -3.291606           -60.958222          F 
150040                          1                   0.0001000           12339               585.61              21.07               41.57               7458419.00          1                   4.34                0.23                0.23                55246.00            -0.536230           -55.069883          F 
130050                          1                   0.0001000           12339               585.61              21.07               41.57               7458419.00          14                  2.48                5.65                5.66                31542.00            -3.129157           -57.172390          F 
130030                          1                   0.0001000           12339               585.61              21.07               41.57               7458419.00          90                  3.02                29.81               29.91               38454.00            -3.788879           -59.528635          F 
150390                          1                   0.0001000           12339               585.61              21.07               41.57               7458419.00          0                   4.42                0                   0                   56325.00            -2.622585           -56.221232          F 
130083                          1                   0.0001000           12339               585.61              21.07               41.57               7458419.00          17                  1.01                16.89               16.90               12820.00            -3.081969           -61.877491          F 
130110                          1                   0.0001000           12339               585.61              21.07               41.57               7458419.00          292                 2.94                99.44               100.63              37399.00            -3.770658           -60.183093          F 
130255                          1                   0.0001000           12339               585.61              21.07               41.57               7458419.00          17                  2.37                7.16                7.17                30222.00            -3.779354           -60.697327          F 
130310                          1                   0.0001000           12339               585.61              21.07               41.57               7458419.00          17                  2.86                5.94                5.95                36431.00            -3.988364           -58.601783          F 
130008                          1                   0.0001000           12339               585.61              21.07               41.57               7458419.00          9                   1.02                8.83                8.84                12978.00            -3.502503           -61.716696          F 
150285                          1                   0.0001000           12339               585.61              21.07               41.57               7458419.00          0                   1.10                0                   0                   13996.00            -1.845743           -55.113264          F 
150480                          1                   0.0001000           12339               585.61              21.07               41.57               7458419.00          1                   4.43                0.23                0.23                56466.00            -1.119762           -54.365806          F 
150050                          1                   0.0001000           12339               585.61              21.07               41.57               7458419.00          0                   2.61                0                   0                   33195.00            0.284350            -53.893460          F 
130130                          1                   0.0001000           12339               585.61              21.07               41.57               7458419.00          12                  2.18                5.49                5.50                27817.00            -3.289026           -62.972665          F 
150680                          1                   0.0001000           12339               585.61              21.07               41.57               7458419.00          46                  23.26               1.98                1.98                296302.00           -2.764647           -55.093854          F 
150100                          1                   0.0001000           12339               585.61              21.07               41.57               7458419.00          0                   1.25                0                   0                   15947.00            -3.667209           -56.016450          F 
130010                          1                   0.0001000           12339               585.61              21.07               41.57               7458419.00          0                   1.59                0                   0                   20196.00            -4.186645           -62.073001          F 
130080                          1                   0.0001000           12339               585.61              21.07               41.57               7458419.00          34                  3.18                10.70               10.72               40464.00            -4.957034           -59.534428          F 
150145                          1                   0.0001000           12339               585.61              21.07               41.57               7458419.00          1                   1.35                0.74                0.74                17249.00            -3.191161           -54.992826          F 
160027                          1                   0.0001000           12339               585.61              21.07               41.57               7458419.00          100                 3.73                26.78               26.89               47554.00            1.096940            -53.306000          F 
130290                          1                   0.0001000           12339               585.61              21.07               41.57               7458419.00          9                   4.88                1.84                1.84                62212.00            -4.984990           -58.060916          F 
130063                          1                   0.0001000           12339               585.61              21.07               41.57               7458419.00          6                   1.49                4.03                4.03                18978.00            -4.603475           -61.787364          F 
130360                          1                   0.0001000           12339               585.61              21.07               41.57               7458419.00          73                  1.87                39.12               39.24               23765.00            -0.318566           -65.522058          F 
150600                          1                   0.0001000           12339               585.61              21.07               41.57               7458419.00          0                   2.28                0                   0                   29067.00            -2.120276           -53.660235          F 
150619                          1                   0.0001000           12339               585.61              21.07               41.57               7458419.00          2                   3.85                0.52                0.52                49093.00            -4.241022           -55.210827          F 
130280                          1                   0.0001000           12339               585.61              21.07               41.57               7458419.00          7                   1.45                4.81                4.81                18531.00            -2.428415           -65.038109          F 
150565                          1                   0.0001000           12339               585.61              21.07               41.57               7458419.00          0                   2.36                0                   0                   30109.00            -3.889977           -54.500599          F 
160015                          1                   0.0001000           12339               585.61              21.07               41.57               7458419.00          72                  1.19                60.63               60.80               15125.00            1.157828            -52.523712          F 
150805                          1                   0.0001000           12339               585.61              21.07               41.57               7458419.00          12                  1.45                8.28                8.28                18469.00            -5.130084           -56.003417          F 
160005                          1                   0.0001000           12339               585.61              21.07               41.57               7458419.00          17                  0.40                42.36               42.39               5111.00             1.649528            -52.270468          F 
150815                          1                   0.0001000           12339               585.61              21.07               41.57               7458419.00          2                   3.48                0.58                0.58                44258.00            -3.583648           -53.807296          F 
130120                          1                   0.0001000           12339               585.61              21.07               41.57               7458419.00          18                  6.66                2.70                2.71                84762.00            -4.437162           -64.124619          F 
130426                          1                   0.0001000           12339               585.61              21.07               41.57               7458419.00          6                   1.05                5.69                5.69                13428.00            -3.167038           -65.411879          F 
150360                          1                   0.0001000           12339               585.61              21.07               41.57               7458419.00          57                  7.74                7.37                7.38                98523.00            -5.871333           -56.496545          F 
150445                          1                   0.0001000           12339               585.61              21.07               41.57               7458419.00          0                   2.41                0                   0                   30726.00            -3.160218           -53.194916          F 
160040                          1                   0.0001000           12339               585.61              21.07               41.57               7458419.00          212                 1.60                132.44              133.59              20387.00            -0.0730322          -51.943908          F 
150590                          1                   0.0001000           12339               585.61              21.07               41.57               7458419.00          0                   3.14                0                   0                   39991.00            -2.184494           -52.547960          F 
160080                          1                   0.0001000           12339               585.61              21.07               41.57               7458419.00          31                  1.18                26.34               26.37               14991.00            -0.997903           -52.061167          F 
130002                          1                   0.0001000           12339               585.61              21.07               41.57               7458419.00          38                  1.25                30.42               30.47               15908.00            -3.701122           -65.330652          F 
130270                          1                   0.0001000           12339               585.61              21.07               41.57               7458419.00          21                  4.30                4.89                4.89                54708.00            -6.459804           -61.446481          F 
160053                          1                   0.0001000           12339               585.61              21.07               41.57               7458419.00          209                 1.62                129.15              130.25              20611.00            0.587711            -51.673569          F 
160050                          1                   0.0001000           12339               585.61              21.07               41.57               7458419.00          15                  2.00                7.49                7.49                25514.00            3.088524            -51.904801          F 
130160                          1                   0.0001000           12339               585.61              21.07               41.57               7458419.00          8                   1.54                5.18                5.18                19669.00            -2.492180           -66.358452          F 
130330                          1                   0.0001000           12339               585.61              21.07               41.57               7458419.00          10                  1.97                5.07                5.07                25112.00            -6.825051           -60.477192          F 
150172                          1                   0.0001000           12339               585.61              21.07               41.57               7458419.00          5                   1.15                4.34                4.34                14689.00            -3.292151           -52.685423          F 
160023                          1                   0.0001000           12339               585.61              21.07               41.57               7458419.00          16                  0.57                28.03               28.05               7270.00             0.958713            -51.419182          F 
160060                          1                   0.0001000           12339               585.61              21.07               41.57               7458419.00          489                 9.07                53.94               55.02               115471.00           0.128476            -51.379449          F 
150310                          1                   0.0001000           12339               585.61              21.07               41.57               7458419.00          0                   2.55                0                   0                   32458.00            -1.151921           -51.555276          F 
160020                          1                   0.0001000           12339               585.61              21.07               41.57               7458419.00          18                  0.83                21.78               21.80               10525.00            2.430849            -51.404322          F 
160055                          1                   0.0001000           12339               585.61              21.07               41.57               7458419.00          5                   0.38                13.33               13.33               4779.00             1.625299            -51.277065          F 
130420                          1                   0.0001000           12339               585.61              21.07               41.57               7458419.00          301                 4.87                61.81               62.57               62021.00            -4.468383           -65.529278          F 
130220                          1                   0.0001000           12339               585.61              21.07               41.57               7458419.00          7                   1.10                6.39                6.39                13956.00            -3.524623           -66.306825          F 
160070                          1                   0.0001000           12339               585.61              21.07               41.57               7458419.00          52                  1.27                41.10               41.19               16112.00            1.294034            -50.985687          F 
150835                          1                   0.0001000           12339               585.61              21.07               41.57               7458419.00          0                   1.16                0                   0                   14719.00            -3.141047           -51.973342          F 
150375                          1                   0.0001000           12339               585.61              21.07               41.57               7458419.00          53                  0.63                83.76               83.94               8059.00             -7.445178           -57.302829          F 
150450                          1                   0.0001000           12339               585.61              21.07               41.57               7458419.00          16                  2.11                7.58                7.58                26897.00            -1.607856           -51.104066          F 
160030                          1                   0.0001000           12339               585.61              21.07               41.57               7458419.00          1074                37.27               28.81               30.09               474706.00           0.554818            -50.700863          F 
130014                          1                   0.0001000           12339               585.61              21.07               41.57               7458419.00          15                  1.68                8.92                8.93                21406.00            -7.759871           -59.431439          F 
130380                          1                   0.0001000           12339               585.61              21.07               41.57               7458419.00          106                 3.50                30.30               30.43               44553.00            0.374453            -67.997697          F 
150030                          1                   0.0001000           12339               585.61              21.07               41.57               7458419.00          272                 2.99                90.82               91.83               38144.00            -0.263841           -50.727746          F 
160025                          1                   0.0001000           12339               585.61              21.07               41.57               7458419.00          0                   0.41                0                   0                   5172.00             0.532233            -50.651554          F 
160010                          1                   0.0001000           12339               585.61              21.07               41.57               7458419.00          13                  0.69                18.91               18.92               8757.00             1.764026            -50.581371          F 
130170                          1                   0.0001000           12339               585.61              21.07               41.57               7458419.00          188                 4.19                44.85               45.19               53383.00            -7.362897           -62.485394          F 
160021                          1                   0.0001000           12339               585.61              21.07               41.57               7458419.00          4                   0.44                9.04                9.04                5637.00             1.030315            -50.483699          F 
150180                          1                   0.0001000           12339               585.61              21.07               41.57               7458419.00          561                 7.84                71.52               73.18               99896.00            -1.121333           -50.628584          F 
130410                          1                   0.0001000           12339               585.61              21.07               41.57               7458419.00          10                  1.41                7.10                7.11                17930.00            -6.104509           -64.893865          F 
150580                          1                   0.0001000           12339               585.61              21.07               41.57               7458419.00          74                  4.74                15.62               15.67               60322.00            -2.565541           -50.955536          F 
150780                          1                   0.0001000           12339               585.61              21.07               41.57               7458419.00          6                   0.89                6.73                6.73                11357.00            -4.171559           -51.773388          F 
150060                          1                   0.0001000           12339               585.61              21.07               41.57               7458419.00          7                   8.75                0.80                0.80                111435.00           -6.486303           -53.886671          F 
130423                          1                   0.0001000           12339               585.61              21.07               41.57               7458419.00          1                   1.47                0.68                0.68                18782.00            -2.691643           -67.827923          F 
130210                          1                   0.0001000           12339               585.61              21.07               41.57               7458419.00          12                  0.33                36.35               36.36               4205.00             -1.698117           -68.320288          F 
150085                          1                   0.0001000           12339               585.61              21.07               41.57               7458419.00          26                  2.13                12.22               12.23               27096.00            -3.997294           -51.301209          F 
150070                          1                   0.0001000           12339               585.61              21.07               41.57               7458419.00          193                 2.24                86.35               87.03               28466.00            -0.827103           -49.962044          F 
150250                          1                   0.0001000           12339               585.61              21.07               41.57               7458419.00          21                  1.81                11.60               11.60               23066.00            -0.0296229          -49.829440          F 
130090                          1                   0.0001000           12339               585.61              21.07               41.57               7458419.00          6                   1.22                4.93                4.93                15490.00            -7.403346           -64.096665          F 
150280                          1                   0.0001000           12339               585.61              21.07               41.57               7458419.00          220                 2.63                83.67               84.42               33490.00            -1.583580           -49.988115          F 
150503                          1                   0.0001000           12339               585.61              21.07               41.57               7458419.00          74                  1.97                37.59               37.70               25071.00            -8.062463           -55.612052          F 
150110                          1                   0.0001000           12339               585.61              21.07               41.57               7458419.00          130                 2.34                55.55               55.84               29808.00            -2.372794           -50.181886          F 
510080                          1                   0.0001000           12339               585.61              21.07               41.57               7458419.00          0                   0.76                0                   0                   9694.00             -8.753341           -57.827599          F 
150548                          1                   0.0001000           12339               585.61              21.07               41.57               7458419.00          59                  3.64                16.20               16.24               46383.00            -3.684058           -50.631545          F 
150770                          1                   0.0001000           12339               585.61              21.07               41.57               7458419.00          235                 2.03                115.54              116.65              25904.00            -1.434046           -49.680194          F 
130006                          1                   0.0001000           12339               585.61              21.07               41.57               7458419.00          1                   0.88                1.13                1.13                11242.00            -3.418321           -68.287308          F 
150520                          1                   0.0001000           12339               585.61              21.07               41.57               7458419.00          610                 2.48                245.71              251.98              31619.00            -2.278960           -49.902322          F 
130100                          1                   0.0001000           12339               585.61              21.07               41.57               7458419.00          24                  2.22                10.79               10.80               28337.00            -5.118832           -67.337382          F 
150640                          1                   0.0001000           12339               585.61              21.07               41.57               7458419.00          10                  0.77                12.94               12.94               9845.00             -0.583158           -49.314290          F 
150400                          1                   0.0001000           12339               585.61              21.07               41.57               7458419.00          33                  2.21                14.94               14.96               28138.00            -1.864288           -49.469256          F 
510325                          1                   0.0001000           12339               585.61              21.07               41.57               7458419.00          3                   2.84                1.06                1.06                36161.00            -9.292283           -60.305531          F 
150490                          1                   0.0001000           12339               585.61              21.07               41.57               7458419.00          35                  3.08                11.36               11.38               39231.00            -1.355540           -49.309395          F 
150210                          1                   0.0001000           12339               585.61              21.07               41.57               7458419.00          218                 10.53               20.70               20.88               134100.00           -2.253113           -49.513615          F 
150120                          1                   0.0001000           12339               585.61              21.07               41.57               7458419.00          174                 3.62                48.06               48.40               46110.00            -3.129242           -49.698861          F 
150570                          1                   0.0001000           12339               585.61              21.07               41.57               7458419.00          22                  2.37                9.27                9.28                30219.00            -1.117579           -49.077239          F 
110013                          1                   0.0001000           12339               585.61              21.07               41.57               7458419.00          10                  3.03                3.30                3.30                38609.00            -9.204070           -62.010294          F 
150460                          1                   0.0001000           12339               585.61              21.07               41.57               7458419.00          1                   2.38                0.42                0.42                30277.00            -2.576520           -49.465753          F 
510337                          1                   0.0001000           12339               585.61              21.07               41.57               7458419.00          2                   1.47                1.36                1.36                18689.00            -9.536841           -58.677801          F 
130370                          1                   0.0001000           12339               585.61              21.07               41.57               7458419.00          6                   1.81                3.31                3.31                23075.00            -3.051175           -69.087897          F 
150506                          1                   0.0001000           12339               585.61              21.07               41.57               7458419.00          121                 5.79                20.88               20.98               73802.00            -4.502833           -50.271560          F 
110080                          1                   0.0001000           12339               585.61              21.07               41.57               7458419.00          98                  1.98                49.40               49.59               25266.00            -8.887011           -63.325581          F 
110094                          1                   0.0001000           12339               585.61              21.07               41.57               7458419.00          7                   1.76                3.97                3.97                22443.00            -9.170974           -62.565037          F 
150200                          1                   0.0001000           12339               585.61              21.07               41.57               7458419.00          0                   1.81                0                   0                   23110.00            -0.869047           -48.877684          F 
150330                          1                   0.0001000           12339               585.61              21.07               41.57               7458419.00          29                  4.79                6.06                6.06                60994.00            -2.062684           -49.130853          F 
150810                          1                   0.0001000           12339               585.61              21.07               41.57               7458419.00          126                 8.68                14.52               14.59               110516.00           -3.855790           -49.820813          F 
210197                          2                   0.0001000           58                  5.79                10.02               10.05               73692.00            0                   0.73                0                   0                   9320.00             -1.762813           -46.178716          F 
210565                          2                   0.0001000           58                  5.79                10.02               10.05               73692.00            2                   0.25                7.87                7.87                3237.00             -1.917746           -46.115749          F 
210055                          2                   0.0001000           58                  5.79                10.02               10.05               73692.00            16                  0.54                29.55               29.57               6895.00             -1.673095           -45.948022          F 
210632                          2                   0.0001000           58                  5.79                10.02               10.05               73692.00            11                  1.67                6.58                6.58                21293.00            -1.982063           -45.992607          F 
150195                          2                   0.0001000           58                  5.79                10.02               10.05               73692.00            29                  2.59                11.21               11.22               32947.00            -1.991029           -46.439673          F 
211245                          3                   0.001300            13                  1.33                9.78                9.78                25533.00            13                  1.33                9.78                9.78                25533.00            -2.159310           -45.437701          F 
312160                          4                   0.6133              9                   1.21                7.41                7.41                48230.00            9                   1.21                7.41                7.41                48230.00            -17.993755          -43.610452          F 
210047                          5                   0.9495              7                   0.82                8.59                8.59                31312.00            7                   0.82                8.59                8.59                31312.00            -3.880456           -46.007745          F 
510335                          6                   0.9855              29                  12.07               2.40                2.40                479608.00           0                   0.74                0                   0                   29471.00            -10.403493          -51.698039          F 
510677                          6                   0.9855              29                  12.07               2.40                2.40                479608.00           0                   0.30                0                   0                   11995.00            -10.825476          -51.712660          F 
510860                          6                   0.9855              29                  12.07               2.40                2.40                479608.00           0                   0.63                0                   0                   24835.00            -9.980623           -51.404814          F 
510269                          6                   0.9855              29                  12.07               2.40                2.40                479608.00           0                   0.12                0                   0                   4630.00             -11.201057          -51.823179          F 
510777                          6                   0.9855              29                  12.07               2.40                2.40                479608.00           0                   0.20                0                   0                   8049.00             -10.332303          -50.792279          F 
510774                          6                   0.9855              29                  12.07               2.40                2.40                479608.00           0                   0.061               0                   0                   2421.00             -10.064857          -52.541103          F 
510735                          6                   0.9855              29                  12.07               2.40                2.40                479608.00           0                   0.14                0                   0                   5416.00             -10.696430          -52.616401          F 
510530                          6                   0.9855              29                  12.07               2.40                2.40                479608.00           0                   0.051               0                   0                   2043.00             -11.007852          -50.935617          F 
510785                          6                   0.9855              29                  12.07               2.40                2.40                479608.00           0                   0.28                0                   0                   11290.00            -11.452949          -51.961623          F 
510035                          6                   0.9855              29                  12.07               2.40                2.40                479608.00           0                   0.16                0                   0                   6466.00             -11.810796          -51.749943          F 
150670                          6                   0.9855              29                  12.07               2.40                2.40                479608.00           1                   1.78                0.56                0.56                70764.00            -9.364016           -50.611231          F 
171190                          6                   0.9855              29                  12.07               2.40                2.40                479608.00           0                   0.32                0                   0                   12808.00            -11.035890          -50.160454          F 
510788                          6                   0.9855              29                  12.07               2.40                2.40                479608.00           0                   0.040               0                   0                   1575.00             -12.022095          -51.362144          F 
171750                          6                   0.9855              29                  12.07               2.40                2.40                479608.00           0                   0.19                0                   0                   7536.00             -10.210136          -49.872433          F 
510185                          6                   0.9855              29                  12.07               2.40                2.40                479608.00           0                   0.16                0                   0                   6266.00             -12.216986          -51.739360          F 
510642                          6                   0.9855              29                  12.07               2.40                2.40                479608.00           0                   0.85                0                   0                   33630.00            -10.147782          -53.587442          F 
150276                          6                   0.9855              29                  12.07               2.40                2.40                479608.00           0                   0.33                0                   0                   13093.00            -8.458321           -51.221011          F 
510706                          6                   0.9855              29                  12.07               2.40                2.40                479608.00           0                   0.42                0                   0                   16512.00            -12.161387          -52.742100          F 
171250                          6                   0.9855              29                  12.07               2.40                2.40                479608.00           0                   0.13                0                   0                   5054.00             -9.787699           -49.699800          F 
510631                          6                   0.9855              29                  12.07               2.40                2.40                479608.00           0                   0.063               0                   0                   2498.00             -12.316068          -50.888796          F 
170390                          6                   0.9855              29                  12.07               2.40                2.40                479608.00           0                   0.13                0                   0                   5265.00             -9.400390           -49.848105          F 
170820                          6                   0.9855              29                  12.07               2.40                2.40                479608.00           0                   0.47                0                   0                   18684.00            -11.959003          -50.097998          F 
150658                          6                   0.9855              29                  12.07               2.40                2.40                479608.00           2                   0.52                3.81                3.81                20849.00            -8.633727           -50.314447          F 
170610                          6                   0.9855              29                  12.07               2.40                2.40                479608.00           0                   0.19                0                   0                   7374.00             -10.637071          -49.313222          F 
510558                          6                   0.9855              29                  12.07               2.40                2.40                479608.00           0                   0.26                0                   0                   10422.00            -10.886197          -54.053071          F 
170710                          6                   0.9855              29                  12.07               2.40                2.40                479608.00           0                   0.17                0                   0                   6868.00             -9.694686           -49.354809          F 
171889                          6                   0.9855              29                  12.07               2.40                2.40                479608.00           0                   0.059               0                   0                   2343.00             -10.971089          -49.295639          F 
170460                          6                   0.9855              29                  12.07               2.40                2.40                479608.00           0                   0.035               0                   0                   1407.00             -10.165599          -49.196403          F 
510718                          6                   0.9855              29                  12.07               2.40                2.40                479608.00           0                   0.25                0                   0                   9796.00             -12.874322          -51.567902          F 
170730                          6                   0.9855              29                  12.07               2.40                2.40                479608.00           0                   0.12                0                   0                   4727.00             -11.428493          -49.390895          F 
170025                          6                   0.9855              29                  12.07               2.40                2.40                479608.00           0                   0.065               0                   0                   2571.00             -9.480412           -49.309816          F 
170190                          6                   0.9855              29                  12.07               2.40                2.40                479608.00           0                   0.18                0                   0                   7003.00             -8.939322           -49.504685          F 
510560                          6                   0.9855              29                  12.07               2.40                2.40                479608.00           0                   0.40                0                   0                   15870.00            -10.011788          -54.361207          F 
171884                          6                   0.9855              29                  12.07               2.40                2.40                479608.00           0                   0.086               0                   0                   3410.00             -12.401973          -49.876147          F 
171500                          6                   0.9855              29                  12.07               2.40                2.40                479608.00           0                   0.11                0                   0                   4203.00             -10.549682          -48.974513          F 
150613                          6                   0.9855              29                  12.07               2.40                2.40                479608.00           26                  2.08                12.52               12.54               82464.00            -8.069353           -50.198021          F 
