1                   1                   1                   5834                140.62              41.49               61.30               2166428.00          
2                   1                   1                   578                 2.33                248.24              256.56              35872.00            
3                   1                   1                   1189                413.91              2.87                3.01                6411792.00          
4                   1                   1                   89                  0.40                223.07              224.18              6147.00             
5                   1                   1                   71                  1.05                67.64               67.90               16173.00            
6                   1                   1                   42                  4.28                9.82                9.84                101051.00           
7                   1                   1                   16                  1.00                15.92               15.93               48285.00            
8                   1                   1                   76                  33.42               2.27                2.28                770309.00           
9                   1                   1                   12                  1.81                6.65                6.65                27819.00            
10                  1                   1                   6                   0.41                14.72               14.72               19587.00            
11                  1                   1                   13                  2.99                4.35                4.36                94038.00            
12                  1                   1                   7                   1.00                7.01                7.01                45669.00            
