510325                          1                   0.0001000           3065                81.87               37.44               54.07               2563358.00          23                  0.82                27.96               28.02               25756.00            -9.292441           -60.304194          F 
510140                          1                   0.0001000           3065                81.87               37.44               54.07               2563358.00          4                   0.79                5.09                5.09                24626.00            -10.179664          -59.856308          F 
510757                          1                   0.0001000           3065                81.87               37.44               54.07               2563358.00          0                   0.11                0                   0                   3505.00             -10.463060          -61.009966          F 
510337                          1                   0.0001000           3065                81.87               37.44               54.07               2563358.00          1                   0.35                2.84                2.84                11011.00            -9.537854           -58.675155          F 
110175                          1                   0.0001000           3065                81.87               37.44               54.07               2563358.00          4                   0.25                16.08               16.09               7788.00             -9.732434           -61.939101          F 
110013                          1                   0.0001000           3065                81.87               37.44               54.07               2563358.00          73                  0.98                74.43               74.98               30707.00            -9.204091           -62.010380          F 
130014                          1                   0.0001000           3065                81.87               37.44               54.07               2563358.00          8                   0.66                12.13               12.14               20647.00            -7.759951           -59.432108          F 
110012                          1                   0.0001000           3065                81.87               37.44               54.07               2563358.00          26                  3.97                6.55                6.56                124333.00           -10.462221          -61.757253          F 
510517                          1                   0.0001000           3065                81.87               37.44               54.07               2563358.00          1                   0.33                3.07                3.07                10213.00            -10.397452          -58.624826          F 
110180                          1                   0.0001000           3065                81.87               37.44               54.07               2563358.00          3                   0.21                14.50               14.50               6479.00             -10.384257          -62.094047          F 
110009                          1                   0.0001000           3065                81.87               37.44               54.07               2563358.00          0                   0.94                0                   0                   29397.00            -11.351342          -60.784831          F 
110160                          1                   0.0001000           3065                81.87               37.44               54.07               2563358.00          7                   0.26                27.01               27.03               8113.00             -10.121769          -62.342505          F 
110094                          1                   0.0001000           3065                81.87               37.44               54.07               2563358.00          8                   0.47                16.85               16.87               14863.00            -9.171094           -62.565336          F 
110120                          1                   0.0001000           3065                81.87               37.44               54.07               2563358.00          0                   0.21                0                   0                   6466.00             -11.160294          -61.568969          F 
110004                          1                   0.0001000           3065                81.87               37.44               54.07               2563358.00          47                  2.78                16.93               17.01               86895.00            -11.301287          -61.324729          F 
510615                          1                   0.0001000           3065                81.87               37.44               54.07               2563358.00          0                   0.44                0                   0                   13635.00            -9.768441           -58.076941          F 
110015                          1                   0.0001000           3065                81.87               37.44               54.07               2563358.00          16                  1.12                14.29               14.32               35044.00            -10.610553          -62.172532          F 
510285                          1                   0.0001000           3065                81.87               37.44               54.07               2563358.00          0                   0.24                0                   0                   7506.00             -10.940726          -58.602797          F 
110025                          1                   0.0001000           3065                81.87               37.44               54.07               2563358.00          2                   0.62                3.24                3.24                19327.00            -11.166274          -61.877953          F 
510515                          1                   0.0001000           3065                81.87               37.44               54.07               2563358.00          11                  1.47                7.51                7.52                45869.00            -11.532095          -59.324495          F 
130330                          1                   0.0001000           3065                81.87               37.44               54.07               2563358.00          1                   0.76                1.31                1.31                23817.00            -6.824013           -60.477155          F 
110026                          1                   0.0001000           3065                81.87               37.44               54.07               2563358.00          1                   0.11                9.02                9.02                3471.00             -9.645212           -62.790074          F 
510080                          1                   0.0001000           3065                81.87               37.44               54.07               2563358.00          5                   0.27                18.22               18.23               8590.00             -8.758636           -57.825998          F 
110155                          1                   0.0001000           3065                81.87               37.44               54.07               2563358.00          0                   0.14                0                   0                   4256.00             -10.943453          -62.279772          F 
110011                          1                   0.0001000           3065                81.87               37.44               54.07               2563358.00          23                  1.62                14.23               14.27               50591.00            -10.592448          -62.584866          F 
110018                          1                   0.0001000           3065                81.87               37.44               54.07               2563358.00          6                   1.12                5.37                5.37                34998.00            -11.894467          -60.830397          F 
110090                          1                   0.0001000           3065                81.87               37.44               54.07               2563358.00          0                   0.10                0                   0                   3233.00             -11.470802          -61.880070          F 
110002                          1                   0.0001000           3065                81.87               37.44               54.07               2563358.00          135                 3.09                43.65               44.25               96833.00            -9.951890           -62.957255          F 
110110                          1                   0.0001000           3065                81.87               37.44               54.07               2563358.00          6                   0.27                21.99               22.01               8541.00             -9.170210           -63.044941          F 
110143                          1                   0.0001000           3065                81.87               37.44               54.07               2563358.00          0                   0.20                0                   0                   6200.00             -10.889344          -62.532357          F 
110170                          1                   0.0001000           3065                81.87               37.44               54.07               2563358.00          6                   0.34                17.52               17.53               10725.00            -11.103953          -62.424410          F 
110147                          1                   0.0001000           3065                81.87               37.44               54.07               2563358.00          0                   0.098               0                   0                   3074.00             -11.878686          -61.315335          F 
110030                          1                   0.0001000           3065                81.87               37.44               54.07               2563358.00          12                  3.06                3.92                3.92                95832.00            -12.095622          -60.248420          F 
110028                          1                   0.0001000           3065                81.87               37.44               54.07               2563358.00          4                   1.80                2.22                2.22                56406.00            -11.732558          -61.771556          F 
110060                          1                   0.0001000           3065                81.87               37.44               54.07               2563358.00          0                   0.13                0                   0                   4150.00             -10.331603          -62.987261          F 
110148                          1                   0.0001000           3065                81.87               37.44               54.07               2563358.00          0                   0.17                0                   0                   5258.00             -11.904968          -61.467070          F 
130170                          1                   0.0001000           3065                81.87               37.44               54.07               2563358.00          28                  1.84                15.25               15.29               57473.00            -7.361218           -62.486435          F 
110050                          1                   0.0001000           3065                81.87               37.44               54.07               2563358.00          7                   0.24                28.59               28.61               7667.00             -11.681094          -62.083202          F 
110034                          1                   0.0001000           3065                81.87               37.44               54.07               2563358.00          0                   0.42                0                   0                   13117.00            -11.311421          -62.544992          F 
110080                          1                   0.0001000           3065                81.87               37.44               54.07               2563358.00          8                   0.71                11.26               11.27               22238.00            -8.886994           -63.325621          F 
110014                          1                   0.0001000           3065                81.87               37.44               54.07               2563358.00          1                   0.50                2.00                2.00                15679.00            -11.643119          -62.280238          F 
130270                          1                   0.0001000           3065                81.87               37.44               54.07               2563358.00          7                   1.72                4.07                4.07                53914.00            -6.459960           -61.446773          F 
110029                          1                   0.0001000           3065                81.87               37.44               54.07               2563358.00          0                   0.24                0                   0                   7419.00             -12.026968          -61.701091          F 
110040                          1                   0.0001000           3065                81.87               37.44               54.07               2563358.00          9                   0.52                17.27               17.28               16320.00            -9.649310           -63.394322          F 
110130                          1                   0.0001000           3065                81.87               37.44               54.07               2563358.00          3                   0.29                10.17               10.17               9235.00             -11.076838          -62.847979          F 
510895                          1                   0.0001000           3065                81.87               37.44               54.07               2563358.00          0                   0.27                0                   0                   8313.00             -9.970186           -57.245656          F 
510510                          1                   0.0001000           3065                81.87               37.44               54.07               2563358.00          0                   1.11                0                   0                   34906.00            -11.023732          -57.618403          F 
110140                          1                   0.0001000           3065                81.87               37.44               54.07               2563358.00          10                  0.37                27.11               27.14               11548.00            -10.210832          -63.372393          F 
110145                          1                   0.0001000           3065                81.87               37.44               54.07               2563358.00          0                   0.13                0                   0                   4125.00             -12.262327          -61.415384          F 
110100                          1                   0.0001000           3065                81.87               37.44               54.07               2563358.00          0                   0.26                0                   0                   8001.00             -10.748029          -63.184012          F 
110092                          1                   0.0001000           3065                81.87               37.44               54.07               2563358.00          3                   0.30                10.07               10.08               9324.00             -12.537328          -60.898384          F 
150375                          1                   0.0001000           3065                81.87               37.44               54.07               2563358.00          910                 0.77                1185.06             1306.54             24042.00            -7.445287           -57.302705          F 
110032                          1                   0.0001000           3065                81.87               37.44               54.07               2563358.00          6                   0.69                8.68                8.69                21635.00            -11.614969          -62.983248          F 
510629                          1                   0.0001000           3065                81.87               37.44               54.07               2563358.00          0                   0.37                0                   0                   11671.00            -9.593574           -56.682589          F 
510627                          1                   0.0001000           3065                81.87               37.44               54.07               2563358.00          0                   0.11                0                   0                   3349.00             -11.383602          -57.303519          F 
110070                          1                   0.0001000           3065                81.87               37.44               54.07               2563358.00          3                   0.28                10.62               10.62               8844.00             -10.484934          -63.799716          F 
110037                          1                   0.0001000           3065                81.87               37.44               54.07               2563358.00          1                   0.37                2.73                2.73                11479.00            -12.593736          -61.880807          F 
110045                          1                   0.0001000           3065                81.87               37.44               54.07               2563358.00          28                  0.89                31.32               31.41               27992.00            -10.052115          -63.941163          F 
110007                          1                   0.0001000           3065                81.87               37.44               54.07               2563358.00          0                   0.24                0                   0                   7519.00             -12.926629          -61.091646          F 
110001                          1                   0.0001000           3065                81.87               37.44               54.07               2563358.00          3                   0.69                4.37                4.37                21495.00            -12.470132          -62.274661          F 
110150                          1                   0.0001000           3065                81.87               37.44               54.07               2563358.00          1                   0.36                2.80                2.80                11171.00            -11.807218          -63.230699          F 
510190                          1                   0.0001000           3065                81.87               37.44               54.07               2563358.00          0                   0.54                0                   0                   17004.00            -12.423104          -57.998837          F 
110006                          1                   0.0001000           3065                81.87               37.44               54.07               2563358.00          1                   0.50                2.00                2.00                15663.00            -13.159153          -60.550244          F 
510330                          1                   0.0001000           3065                81.87               37.44               54.07               2563358.00          0                   0.58                0                   0                   18238.00            -13.193665          -59.751363          F 
110020                          1                   0.0001000           3065                81.87               37.44               54.07               2563358.00          899                 14.71               61.13               67.22               460413.00           -9.153593           -64.306814          F 
510025                          1                   0.0001000           3065                81.87               37.44               54.07               2563358.00          9                   1.87                4.81                4.81                58613.00            -10.055805          -56.367708          F 
110005                          1                   0.0001000           3065                81.87               37.44               54.07               2563358.00          0                   0.51                0                   0                   15890.00            -13.203562          -61.260950          F 
110146                          1                   0.0001000           3065                81.87               37.44               54.07               2563358.00          1                   0.069               14.52               14.52               2156.00             -13.173876          -61.545307          F 
110149                          1                   0.0001000           3065                81.87               37.44               54.07               2563358.00          17                  0.52                32.68               32.74               16286.00            -12.368688          -63.122113          F 
510787                          1                   0.0001000           3065                81.87               37.44               54.07               2563358.00          6                   0.92                6.49                6.49                28944.00            -13.154436          -58.653550          F 
110003                          1                   0.0001000           3065                81.87               37.44               54.07               2563358.00          1                   0.17                5.84                5.84                5363.00             -13.474879          -60.639807          F 
510794                          1                   0.0001000           3065                81.87               37.44               54.07               2563358.00          2                   0.31                6.38                6.38                9812.00             -11.214129          -56.496442          F 
130090                          1                   0.0001000           3065                81.87               37.44               54.07               2563358.00          22                  0.54                40.83               40.92               16869.00            -7.300758           -64.061903          F 
510680                          1                   0.0001000           3065                81.87               37.44               54.07               2563358.00          0                   0.18                0                   0                   5593.00             -11.734958          -56.745698          F 
110033                          1                   0.0001000           3065                81.87               37.44               54.07               2563358.00          10                  0.81                12.31               12.32               25444.00            -10.382167          -64.629100          F 
130080                          1                   0.0001000           3065                81.87               37.44               54.07               2563358.00          2                   1.06                1.89                1.89                33056.00            -4.957617           -59.534694          F 
510268                          1                   0.0001000           3065                81.87               37.44               54.07               2563358.00          1                   0.28                3.55                3.55                8822.00             -13.579846          -59.193054          F 
510621                          1                   0.0001000           3065                81.87               37.44               54.07               2563358.00          2                   0.37                5.35                5.35                11707.00            -10.700279          -56.041728          F 
510279                          1                   0.0001000           3065                81.87               37.44               54.07               2563358.00          0                   0.33                0                   0                   10332.00            -10.106383          -55.834159          F 
510454                          1                   0.0001000           3065                81.87               37.44               54.07               2563358.00          0                   0.24                0                   0                   7539.00             -12.140392          -56.754878          F 
510890                          1                   0.0001000           3065                81.87               37.44               54.07               2563358.00          0                   0.19                0                   0                   5846.00             -12.783863          -57.220274          F 
110010                          1                   0.0001000           3065                81.87               37.44               54.07               2563358.00          9                   1.26                7.15                7.16                39386.00            -11.305636          -64.537557          F 
110008                          1                   0.0001000           3065                81.87               37.44               54.07               2563358.00          3                   0.40                7.44                7.44                12627.00            -12.147250          -64.058772          F 
150503                          1                   0.0001000           3065                81.87               37.44               54.07               2563358.00          25                  1.07                23.27               23.33               33638.00            -8.062277           -55.612026          F 
130290                          1                   0.0001000           3065                81.87               37.44               54.07               2563358.00          216                 1.95                110.50              112.97              61204.00            -4.984781           -58.060923          F 
510626                          1                   0.0001000           3065                81.87               37.44               54.07               2563358.00          4                   0.21                19.21               19.22               6520.00             -9.752155           -55.403681          F 
130063                          1                   0.0001000           3065                81.87               37.44               54.07               2563358.00          0                   0.66                0                   0                   20718.00            -4.606233           -61.804353          F 
510800                          1                   0.0001000           3065                81.87               37.44               54.07               2563358.00          0                   0.46                0                   0                   14370.00            -12.568009          -56.531764          F 
510320                          1                   0.0001000           3065                81.87               37.44               54.07               2563358.00          4                   1.00                3.99                3.99                31370.00            -10.630985          -55.468584          F 
510263                          1                   0.0001000           3065                81.87               37.44               54.07               2563358.00          2                   1.47                1.36                1.36                45899.00            -13.688300          -57.930953          F 
510452                          1                   0.0001000           3065                81.87               37.44               54.07               2563358.00          0                   0.25                0                   0                   7815.00             -12.017026          -56.058659          F 
510455                          1                   0.0001000           3065                81.87               37.44               54.07               2563358.00          2                   0.16                12.47               12.48               5020.00             -11.110992          -55.589811          F 
510880                          1                   0.0001000           3065                81.87               37.44               54.07               2563358.00          3                   0.15                20.47               20.48               4588.00             -10.293863          -55.338178          F 
510618                          1                   0.0001000           3065                81.87               37.44               54.07               2563358.00          0                   0.21                0                   0                   6670.00             -14.299834          -59.771456          F 
150360                          1                   0.0001000           3065                81.87               37.44               54.07               2563358.00          363                 3.94                92.17               95.68               123312.00           -5.871135           -56.496715          F 
210047                          2                   0.0001000           568                 59.82               9.50                10.02               1903870.00          18                  0.81                22.28               22.32               25710.00            -3.870264           -46.001686          F 
211000                          2                   0.0001000           568                 59.82               9.50                10.02               1903870.00          62                  1.81                34.24               34.45               57635.00            -4.269898           -45.931601          F 
210200                          2                   0.0001000           568                 59.82               9.50                10.02               1903870.00          44                  1.04                42.25               42.44               33145.00            -3.900404           -46.418267          F 
211227                          2                   0.0001000           568                 59.82               9.50                10.02               1903870.00          1                   0.17                5.78                5.78                5507.00             -3.758069           -45.581291          F 
210465                          2                   0.0001000           568                 59.82               9.50                10.02               1903870.00          4                   0.34                11.88               11.89               10713.00            -3.419099           -45.925892          F 
211102                          2                   0.0001000           568                 59.82               9.50                10.02               1903870.00          5                   0.38                12.99               13.00               12251.00            -3.510843           -46.379052          F 
210990                          2                   0.0001000           568                 59.82               9.50                10.02               1903870.00          24                  2.67                8.99                9.00                85014.00            -3.873519           -45.436753          F 
210040                          2                   0.0001000           568                 59.82               9.50                10.02               1903870.00          1                   0.20                4.94                4.94                6447.00             -4.167027           -45.502813          F 
210850                          2                   0.0001000           568                 59.82               9.50                10.02               1903870.00          2                   0.99                2.03                2.03                31414.00            -3.693276           -45.440160          F 
210215                          2                   0.0001000           568                 59.82               9.50                10.02               1903870.00          7                   0.29                24.17               24.19               9218.00             -4.365104           -45.650059          F 
211400                          2                   0.0001000           568                 59.82               9.50                10.02               1903870.00          15                  1.28                11.70               11.72               40801.00            -3.259882           -45.912613          F 
210232                          2                   0.0001000           568                 59.82               9.50                10.02               1903870.00          20                  1.74                11.47               11.49               55507.00            -4.493788           -46.342416          F 
210177                          2                   0.0001000           568                 59.82               9.50                10.02               1903870.00          1                   0.37                2.71                2.71                11750.00            -3.757828           -45.265953          F 
211172                          2                   0.0001000           568                 59.82               9.50                10.02               1903870.00          4                   0.28                14.49               14.50               8784.00             -3.938628           -45.259220          F 
210690                          2                   0.0001000           568                 59.82               9.50                10.02               1903870.00          0                   0.87                0                   0                   27751.00            -3.490651           -45.321052          F 
211300                          2                   0.0001000           568                 59.82               9.50                10.02               1903870.00          14                  0.97                14.45               14.47               30845.00            -4.243726           -45.312499          F 
210087                          2                   0.0001000           568                 59.82               9.50                10.02               1903870.00          0                   0.35                0                   0                   11182.00            -3.079096           -45.787334          F 
210810                          2                   0.0001000           568                 59.82               9.50                10.02               1903870.00          34                  0.64                53.20               53.38               20341.00            -4.521937           -45.394354          F 
210515                          2                   0.0001000           568                 59.82               9.50                10.02               1903870.00          1                   0.44                2.28                2.28                13974.00            -3.656466           -45.123829          F 
210870                          2                   0.0001000           568                 59.82               9.50                10.02               1903870.00          5                   0.69                7.27                7.27                21886.00            -3.851529           -45.093158          F 
210740                          2                   0.0001000           568                 59.82               9.50                10.02               1903870.00          0                   0.56                0                   0                   17919.00            -4.094633           -45.120349          F 
210635                          2                   0.0001000           568                 59.82               9.50                10.02               1903870.00          15                  0.22                67.87               67.98               7034.00             -4.705012           -45.628516          F 
210830                          2                   0.0001000           568                 59.82               9.50                10.02               1903870.00          3                   1.02                2.94                2.94                32511.00            -3.251578           -45.297794          F 
210317                          2                   0.0001000           568                 59.82               9.50                10.02               1903870.00          2                   0.51                3.91                3.91                16267.00            -3.070710           -46.533634          F 
210735                          2                   0.0001000           568                 59.82               9.50                10.02               1903870.00          4                   0.45                8.89                8.90                14314.00            -2.896042           -45.955277          F 
210203                          2                   0.0001000           568                 59.82               9.50                10.02               1903870.00          2                   0.90                2.23                2.23                28599.00            -4.600800           -46.688635          F 
210825                          2                   0.0001000           568                 59.82               9.50                10.02               1903870.00          6                   0.76                7.85                7.86                24320.00            -2.989011           -45.430761          F 
210250                          2                   0.0001000           568                 59.82               9.50                10.02               1903870.00          0                   0.52                0                   0                   16412.00            -3.390636           -45.052726          F 
210207                          2                   0.0001000           568                 59.82               9.50                10.02               1903870.00          0                   0.38                0                   0                   12212.00            -4.346634           -45.020965          F 
211290                          2                   0.0001000           568                 59.82               9.50                10.02               1903870.00          0                   0.97                0                   0                   30805.00            -3.568091           -44.922140          F 
210590                          2                   0.0001000           568                 59.82               9.50                10.02               1903870.00          2                   0.46                4.31                4.31                14769.00            -3.989454           -44.882058          F 
210095                          2                   0.0001000           568                 59.82               9.50                10.02               1903870.00          16                  0.80                19.95               19.99               25520.00            -5.027710           -45.945968          F 
210355                          2                   0.0001000           568                 59.82               9.50                10.02               1903870.00          0                   0.47                0                   0                   14915.00            -3.797024           -44.838523          F 
210570                          2                   0.0001000           568                 59.82               9.50                10.02               1903870.00          67                  1.40                48.03               48.35               44403.00            -4.738995           -45.205306          F 
210580                          2                   0.0001000           568                 59.82               9.50                10.02               1903870.00          2                   0.30                6.70                6.70                9506.00             -4.522554           -44.976570          F 
210596                          2                   0.0001000           568                 59.82               9.50                10.02               1903870.00          0                   0.36                0                   0                   11411.00            -4.929710           -45.403033          F 
211280                          2                   0.0001000           568                 59.82               9.50                10.02               1903870.00          0                   1.62                0                   0                   51442.00            -3.156305           -45.002503          F 
210120                          2                   0.0001000           568                 59.82               9.50                10.02               1903870.00          0                   3.26                0                   0                   103711.00           -4.171105           -44.761881          F 
210650                          2                   0.0001000           568                 59.82               9.50                10.02               1903870.00          0                   0.69                0                   0                   22034.00            -3.071444           -45.001809          F 
210594                          2                   0.0001000           568                 59.82               9.50                10.02               1903870.00          0                   0.28                0                   0                   8758.00             -4.588605           -44.930918          F 
210100                          2                   0.0001000           568                 59.82               9.50                10.02               1903870.00          3                   0.93                3.24                3.24                29472.00            -3.533381           -44.727374          F 
210542                          2                   0.0001000           568                 59.82               9.50                10.02               1903870.00          3                   0.71                4.24                4.24                22513.00            -4.271291           -47.260522          F 
210745                          2                   0.0001000           568                 59.82               9.50                10.02               1903870.00          4                   0.43                9.38                9.38                13577.00            -2.975552           -45.008851          F 
211003                          2                   0.0001000           568                 59.82               9.50                10.02               1903870.00          9                   0.76                11.78               11.79               24307.00            -2.539928           -45.772286          F 
210535                          2                   0.0001000           568                 59.82               9.50                10.02               1903870.00          7                   0.43                16.11               16.12               13828.00            -5.185123           -45.678149          F 
210520                          2                   0.0001000           568                 59.82               9.50                10.02               1903870.00          0                   0.32                0                   0                   10231.00            -4.592091           -44.826240          F 
210890                          2                   0.0001000           568                 59.82               9.50                10.02               1903870.00          0                   0.54                0                   0                   17161.00            -4.786829           -44.911837          F 
210927                          2                   0.0001000           568                 59.82               9.50                10.02               1903870.00          2                   0.55                3.64                3.64                17470.00            -2.586656           -45.361528          F 
210315                          2                   0.0001000           568                 59.82               9.50                10.02               1903870.00          1                   0.39                2.58                2.58                12342.00            -2.428720           -46.117003          F 
211170                          2                   0.0001000           568                 59.82               9.50                10.02               1903870.00          2                   0.61                3.26                3.27                19498.00            -2.877208           -44.941541          F 
210637                          2                   0.0001000           568                 59.82               9.50                10.02               1903870.00          2                   0.43                4.63                4.63                13761.00            -2.412554           -45.946908          F 
211140                          2                   0.0001000           568                 59.82               9.50                10.02               1903870.00          2                   0.56                3.57                3.57                17818.00            -4.377375           -44.623137          F 
211050                          2                   0.0001000           568                 59.82               9.50                10.02               1903870.00          12                  1.46                8.23                8.24                46397.00            -2.798068           -44.999279          F 
211150                          2                   0.0001000           568                 59.82               9.50                10.02               1903870.00          0                   1.22                0                   0                   38829.00            -3.990213           -44.527659          F 
211223                          2                   0.0001000           568                 59.82               9.50                10.02               1903870.00          1                   0.71                1.42                1.42                22484.00            -4.539301           -44.681778          F 
211163                          2                   0.0001000           568                 59.82               9.50                10.02               1903870.00          1                   0.18                5.63                5.63                5650.00             -5.089682           -45.146173          F 
150812                          2                   0.0001000           568                 59.82               9.50                10.02               1903870.00          1                   1.19                0.84                0.84                37972.00            -3.809840           -47.493609          F 
211167                          2                   0.0001000           568                 59.82               9.50                10.02               1903870.00          0                   0.14                0                   0                   4544.00             -5.018790           -45.034746          F 
211100                          2                   0.0001000           568                 59.82               9.50                10.02               1903870.00          0                   0.58                0                   0                   18544.00            -3.006026           -44.764600          F 
210675                          2                   0.0001000           568                 59.82               9.50                10.02               1903870.00          0                   0.75                0                   0                   23864.00            -3.531420           -44.526852          F 
210400                          2                   0.0001000           568                 59.82               9.50                10.02               1903870.00          0                   0.58                0                   0                   18311.00            -4.899065           -44.890502          F 
210060                          2                   0.0001000           568                 59.82               9.50                10.02               1903870.00          22                  1.17                18.88               18.92               37091.00            -5.278402           -46.582005          F 
210663                          2                   0.0001000           568                 59.82               9.50                10.02               1903870.00          0                   0.55                0                   0                   17432.00            -3.756649           -44.477689          F 
210070                          2                   0.0001000           568                 59.82               9.50                10.02               1903870.00          0                   0.80                0                   0                   25322.00            -3.255634           -44.599229          F 
210760                          2                   0.0001000           568                 59.82               9.50                10.02               1903870.00          0                   0.66                0                   0                   21059.00            -2.691991           -45.023395          F 
210193                          2                   0.0001000           568                 59.82               9.50                10.02               1903870.00          1                   0.18                5.45                5.45                5840.00             -4.680138           -44.687837          F 
210923                          2                   0.0001000           568                 59.82               9.50                10.02               1903870.00          5                   0.15                33.89               33.91               4696.00             -2.318955           -45.773369          F 
210547                          2                   0.0001000           568                 59.82               9.50                10.02               1903870.00          1                   0.54                1.86                1.86                17076.00            -5.392410           -45.575837          F 
210980                          2                   0.0001000           568                 59.82               9.50                10.02               1903870.00          9                   1.31                6.89                6.90                41561.00            -2.418953           -45.371084          F 
210820                          2                   0.0001000           568                 59.82               9.50                10.02               1903870.00          14                  1.16                12.03               12.04               37050.00            -4.618024           -44.581377          F 
210005                          2                   0.0001000           568                 59.82               9.50                10.02               1903870.00          11                  3.35                3.29                3.29                106550.00           -4.785821           -47.332429          F 
210860                          2                   0.0001000           568                 59.82               9.50                10.02               1903870.00          59                  2.66                22.19               22.32               84614.00            -2.498115           -45.126903          F 
210043                          2                   0.0001000           568                 59.82               9.50                10.02               1903870.00          0                   0.76                0                   0                   24048.00            -4.210628           -44.395839          F 
210600                          2                   0.0001000           568                 59.82               9.50                10.02               1903870.00          0                   0.35                0                   0                   11297.00            -4.556896           -44.464742          F 
210560                          2                   0.0001000           568                 59.82               9.50                10.02               1903870.00          15                  0.47                31.99               32.04               14924.00            -5.016049           -44.755579          F 
160027                          3                   0.0001000           183                 1.12                163.17              166.26              35114.00            183                 1.12                163.17              166.26              35114.00            1.101364            -53.310546          F 
510035                          4                   0.0002000           36                  9.89                3.64                3.65                372327.00           0                   0.15                0                   0                   5639.00             -11.811502          -51.750223          F 
510185                          4                   0.0002000           36                  9.89                3.64                3.65                372327.00           0                   0.19                0                   0                   7280.00             -12.217809          -51.739478          F 
510785                          4                   0.0002000           36                  9.89                3.64                3.65                372327.00           0                   0.36                0                   0                   13612.00            -11.454590          -51.969599          F 
510788                          4                   0.0002000           36                  9.89                3.64                3.65                372327.00           0                   0.048               0                   0                   1800.00             -12.023007          -51.362098          F 
510269                          4                   0.0002000           36                  9.89                3.64                3.65                372327.00           0                   0.12                0                   0                   4485.00             -11.201583          -51.823634          F 
510631                          4                   0.0002000           36                  9.89                3.64                3.65                372327.00           0                   0.054               0                   0                   2015.00             -12.313386          -50.887946          F 
510677                          4                   0.0002000           36                  9.89                3.64                3.65                372327.00           0                   0.37                0                   0                   13865.00            -10.826171          -51.713579          F 
510706                          4                   0.0002000           36                  9.89                3.64                3.65                372327.00           0                   0.71                0                   0                   26769.00            -12.158720          -52.743437          F 
510718                          4                   0.0002000           36                  9.89                3.64                3.65                372327.00           0                   0.26                0                   0                   9896.00             -12.874754          -51.568331          F 
510530                          4                   0.0002000           36                  9.89                3.64                3.65                372327.00           2                   0.067               30.01               30.02               2509.00             -11.014675          -50.945799          F 
510735                          4                   0.0002000           36                  9.89                3.64                3.65                372327.00           6                   0.16                37.87               37.90               5965.00             -10.696453          -52.616919          F 
510335                          4                   0.0002000           36                  9.89                3.64                3.65                372327.00           0                   0.93                0                   0                   35075.00            -10.404167          -51.698573          F 
170820                          4                   0.0002000           36                  9.89                3.64                3.65                372327.00           0                   0.50                0                   0                   18881.00            -11.958273          -50.098091          F 
510270                          4                   0.0002000           36                  9.89                3.64                3.65                372327.00           0                   0.69                0                   0                   25843.00            -13.329839          -52.398915          F 
171190                          4                   0.0002000           36                  9.89                3.64                3.65                372327.00           0                   0.41                0                   0                   15288.00            -11.034999          -50.160722          F 
510777                          4                   0.0002000           36                  9.89                3.64                3.65                372327.00           0                   0.20                0                   0                   7596.00             -10.332638          -50.792314          F 
510860                          4                   0.0002000           36                  9.89                3.64                3.65                372327.00           0                   0.53                0                   0                   19888.00            -9.980647           -51.406349          F 
510774                          4                   0.0002000           36                  9.89                3.64                3.65                372327.00           0                   0.071               0                   0                   2661.00             -10.064499          -52.541463          F 
171884                          4                   0.0002000           36                  9.89                3.64                3.65                372327.00           0                   0.099               0                   0                   3723.00             -12.400984          -49.876145          F 
522020                          4                   0.0002000           36                  9.89                3.64                3.65                372327.00           0                   0.58                0                   0                   21900.00            -13.144903          -50.249390          F 
510385                          4                   0.0002000           36                  9.89                3.64                3.65                372327.00           0                   0.23                0                   0                   8646.00             -12.995962          -53.456177          F 
510310                          4                   0.0002000           36                  9.89                3.64                3.65                372327.00           0                   0.17                0                   0                   6220.00             -13.869823          -51.148446          F 
170200                          4                   0.0002000           36                  9.89                3.64                3.65                372327.00           0                   0.22                0                   0                   8133.00             -12.839858          -49.696354          F 
510020                          4                   0.0002000           36                  9.89                3.64                3.65                372327.00           1                   0.78                1.29                1.29                29219.00            -13.977564          -52.500253          F 
170730                          4                   0.0002000           36                  9.89                3.64                3.65                372327.00           0                   0.11                0                   0                   4248.00             -11.427228          -49.391277          F 
510617                          4                   0.0002000           36                  9.89                3.64                3.65                372327.00           0                   0.11                0                   0                   4200.00             -14.156238          -51.889950          F 
510370                          4                   0.0002000           36                  9.89                3.64                3.65                372327.00           0                   0.28                0                   0                   10521.00            -11.932901          -54.184804          F 
510558                          4                   0.0002000           36                  9.89                3.64                3.65                372327.00           1                   0.30                3.30                3.30                11397.00            -10.886264          -54.053416          F 
171750                          4                   0.0002000           36                  9.89                3.64                3.65                372327.00           0                   0.19                0                   0                   7128.00             -10.209534          -49.871887          F 
521525                          4                   0.0002000           36                  9.89                3.64                3.65                372327.00           0                   0                   0                   0                   0                   -13.250499          -49.726747          F 
170765                          4                   0.0002000           36                  9.89                3.64                3.65                372327.00           0                   0.14                0                   0                   5211.00             -12.263471          -49.282792          F 
510642                          4                   0.0002000           36                  9.89                3.64                3.65                372327.00           26                  0.87                29.93               30.00               32714.00            -10.149515          -53.593947          F 
