130002                          1                   0.0001000           2891                153.56              18.83               32.52               7176132.00          0                   0.34                0                   0                   15908.00            -3.701122           -65.330652          F 
130426                          1                   0.0001000           2891                153.56              18.83               32.52               7176132.00          0                   0.29                0                   0                   13428.00            -3.167038           -65.411879          F 
130420                          1                   0.0001000           2891                153.56              18.83               32.52               7176132.00          0                   1.33                0                   0                   62021.00            -4.468383           -65.529278          F 
130220                          1                   0.0001000           2891                153.56              18.83               32.52               7176132.00          0                   0.30                0                   0                   13956.00            -3.524623           -66.306825          F 
130280                          1                   0.0001000           2891                153.56              18.83               32.52               7176132.00          0                   0.40                0                   0                   18531.00            -2.428415           -65.038109          F 
130120                          1                   0.0001000           2891                153.56              18.83               32.52               7176132.00          0                   1.81                0                   0                   84762.00            -4.437162           -64.124619          F 
130160                          1                   0.0001000           2891                153.56              18.83               32.52               7176132.00          0                   0.42                0                   0                   19669.00            -2.492180           -66.358452          F 
130130                          1                   0.0001000           2891                153.56              18.83               32.52               7176132.00          0                   0.60                0                   0                   27817.00            -3.289026           -62.972665          F 
130410                          1                   0.0001000           2891                153.56              18.83               32.52               7176132.00          0                   0.38                0                   0                   17930.00            -6.104509           -64.893865          F 
130100                          1                   0.0001000           2891                153.56              18.83               32.52               7176132.00          0                   0.61                0                   0                   28337.00            -5.118832           -67.337382          F 
130423                          1                   0.0001000           2891                153.56              18.83               32.52               7176132.00          0                   0.40                0                   0                   18782.00            -2.691643           -67.827923          F 
130006                          1                   0.0001000           2891                153.56              18.83               32.52               7176132.00          0                   0.24                0                   0                   11242.00            -3.418321           -68.287308          F 
130230                          1                   0.0001000           2891                153.56              18.83               32.52               7176132.00          0                   0.34                0                   0                   15824.00            -4.713108           -68.403854          F 
130010                          1                   0.0001000           2891                153.56              18.83               32.52               7176132.00          0                   0.43                0                   0                   20196.00            -4.186645           -62.073001          F 
130360                          1                   0.0001000           2891                153.56              18.83               32.52               7176132.00          0                   0.51                0                   0                   23765.00            -0.318566           -65.522058          F 
130083                          1                   0.0001000           2891                153.56              18.83               32.52               7176132.00          0                   0.27                0                   0                   12820.00            -3.081969           -61.877491          F 
130210                          1                   0.0001000           2891                153.56              18.83               32.52               7176132.00          0                   0.090               0                   0                   4205.00             -1.698117           -68.320288          F 
130008                          1                   0.0001000           2891                153.56              18.83               32.52               7176132.00          0                   0.28                0                   0                   12978.00            -3.502503           -61.716696          F 
130063                          1                   0.0001000           2891                153.56              18.83               32.52               7176132.00          0                   0.41                0                   0                   18978.00            -4.603475           -61.787364          F 
130040                          1                   0.0001000           2891                153.56              18.83               32.52               7176132.00          4                   0.59                6.74                6.74                27743.00            -0.465180           -63.434588          F 
130370                          1                   0.0001000           2891                153.56              18.83               32.52               7176132.00          0                   0.49                0                   0                   23075.00            -3.051175           -69.087897          F 
130090                          1                   0.0001000           2891                153.56              18.83               32.52               7176132.00          0                   0.33                0                   0                   15490.00            -7.403346           -64.096665          F 
130320                          1                   0.0001000           2891                153.56              18.83               32.52               7176132.00          4                   0.40                10.06               10.06               18586.00            -2.046996           -61.701836          F 
130195                          1                   0.0001000           2891                153.56              18.83               32.52               7176132.00          2                   0.17                11.50               11.50               8128.00             -6.682874           -68.114036          F 
130390                          1                   0.0001000           2891                153.56              18.83               32.52               7176132.00          0                   0.81                0                   0                   38047.00            -4.497836           -69.450565          F 
130406                          1                   0.0001000           2891                153.56              18.83               32.52               7176132.00          0                   1.36                0                   0                   63635.00            -4.027765           -69.681346          F 
130250                          1                   0.0001000           2891                153.56              18.83               32.52               7176132.00          7                   2.06                3.39                3.39                96460.00            -3.291606           -60.958222          F 
130255                          1                   0.0001000           2891                153.56              18.83               32.52               7176132.00          1                   0.65                1.55                1.55                30222.00            -3.779354           -60.697327          F 
130170                          1                   0.0001000           2891                153.56              18.83               32.52               7176132.00          28                  1.14                24.51               24.61               53383.00            -7.362897           -62.485394          F 
130240                          1                   0.0001000           2891                153.56              18.83               32.52               7176132.00          9                   0.96                9.38                9.39                44861.00            -8.375880           -65.812244          F 
130270                          1                   0.0001000           2891                153.56              18.83               32.52               7176132.00          1                   1.17                0.85                0.85                54708.00            -6.459804           -61.446481          F 
130380                          1                   0.0001000           2891                153.56              18.83               32.52               7176132.00          0                   0.95                0                   0                   44553.00            0.374453            -67.997697          F 
130185                          1                   0.0001000           2891                153.56              18.83               32.52               7176132.00          1                   1.01                0.99                0.99                47407.00            -3.095148           -60.480667          F 
130350                          1                   0.0001000           2891                153.56              18.83               32.52               7176132.00          0                   0.42                0                   0                   19597.00            -7.757795           -68.197229          F 
130110                          1                   0.0001000           2891                153.56              18.83               32.52               7176132.00          0                   0.80                0                   0                   37399.00            -3.770658           -60.183093          F 
130260                          1                   0.0001000           2891                153.56              18.83               32.52               7176132.00          112                 45.59               2.46                2.48                2130264.00          -2.626021           -60.259483          F 
130060                          1                   0.0001000           2891                153.56              18.83               32.52               7176132.00          0                   0.88                0                   0                   41329.00            -5.429327           -70.278296          F 
110020                          1                   0.0001000           2891                153.56              18.83               32.52               7176132.00          681                 11.12               61.27               68.14               519436.00           -9.153039           -64.305489          F 
110080                          1                   0.0001000           2891                153.56              18.83               32.52               7176132.00          8                   0.54                14.80               14.81               25266.00            -8.887011           -63.325581          F 
140047                          1                   0.0001000           2891                153.56              18.83               32.52               7176132.00          9                   0.60                14.91               14.92               28215.00            0.0378310           -61.010414          F 
130115                          1                   0.0001000           2891                153.56              18.83               32.52               7176132.00          0                   0.62                0                   0                   29190.00            -3.286228           -59.599493          F 
130070                          1                   0.0001000           2891                153.56              18.83               32.52               7176132.00          4                   0.73                5.47                5.47                34176.00            -8.772979           -68.047540          F 
130330                          1                   0.0001000           2891                153.56              18.83               32.52               7176132.00          0                   0.54                0                   0                   25112.00            -6.825051           -60.477192          F 
130030                          1                   0.0001000           2891                153.56              18.83               32.52               7176132.00          0                   0.82                0                   0                   38454.00            -3.788879           -59.528635          F 
130356                          1                   0.0001000           2891                153.56              18.83               32.52               7176132.00          2                   0.68                2.92                2.92                32001.00            -2.529891           -59.638156          F 
130353                          1                   0.0001000           2891                153.56              18.83               32.52               7176132.00          6                   0.74                8.11                8.12                34574.00            -1.372564           -59.988741          F 
130140                          1                   0.0001000           2891                153.56              18.83               32.52               7176132.00          5                   0.75                6.70                6.70                34888.00            -7.022778           -70.222033          F 
130080                          1                   0.0001000           2891                153.56              18.83               32.52               7176132.00          1                   0.87                1.15                1.15                40464.00            -4.957034           -59.534428          F 
110110                          1                   0.0001000           2891                153.56              18.83               32.52               7176132.00          0                   0.22                0                   0                   10310.00            -9.170195           -63.044988          F 
140020                          1                   0.0001000           2891                153.56              18.83               32.52               7176132.00          6                   0.45                13.48               13.49               20807.00            0.990862            -61.471950          F 
130150                          1                   0.0001000           2891                153.56              18.83               32.52               7176132.00          1                   0.42                2.40                2.40                19492.00            -7.573750           -70.054927          F 
110094                          1                   0.0001000           2891                153.56              18.83               32.52               7176132.00          0                   0.48                0                   0                   22443.00            -9.170974           -62.565037          F 
110040                          1                   0.0001000           2891                153.56              18.83               32.52               7176132.00          9                   0.45                20.11               20.13               20916.00            -9.649274           -63.394283          F 
120080                          1                   0.0001000           2891                153.56              18.83               32.52               7176132.00          0                   0.37                0                   0                   17459.00            -9.629475           -67.701064          F 
110013                          1                   0.0001000           2891                153.56              18.83               32.52               7176132.00          62                  0.83                75.04               75.74               38609.00            -9.204070           -62.010294          F 
120001                          1                   0.0001000           2891                153.56              18.83               32.52               7176132.00          18                  0.31                58.55               58.71               14366.00            -9.934392           -66.948427          F 
110026                          1                   0.0001000           2891                153.56              18.83               32.52               7176132.00          0                   0.082               0                   0                   3829.00             -9.645106           -62.790311          F 
110045                          1                   0.0001000           2891                153.56              18.83               32.52               7176132.00          10                  0.84                11.97               11.99               39044.00            -10.052159          -63.941154          F 
140028                          1                   0.0001000           2891                153.56              18.83               32.52               7176132.00          2                   0.23                8.61                8.61                10859.00            2.186649            -62.468913          F 
120013                          1                   0.0001000           2891                153.56              18.83               32.52               7176132.00          0                   0.21                0                   0                   9664.00             -9.613848           -68.175429          F 
130190                          1                   0.0001000           2891                153.56              18.83               32.52               7176132.00          2                   2.14                0.94                0.94                99854.00            -3.174662           -58.777136          F 
120045                          1                   0.0001000           2891                153.56              18.83               32.52               7176132.00          12                  0.46                26.02               26.06               21552.00            -9.996928           -67.427266          F 
110002                          1                   0.0001000           2891                153.56              18.83               32.52               7176132.00          65                  2.30                28.30               28.57               107345.00           -9.951979           -62.957373          F 
130020                          1                   0.0001000           2891                153.56              18.83               32.52               7176132.00          0                   0.41                0                   0                   19054.00            -5.711940           -71.742673          F 
110033                          1                   0.0001000           2891                153.56              18.83               32.52               7176132.00          4                   0.62                6.47                6.47                28891.00            -10.382239          -64.629270          F 
130310                          1                   0.0001000           2891                153.56              18.83               32.52               7176132.00          1                   0.78                1.28                1.28                36431.00            -3.988364           -58.601783          F 
110140                          1                   0.0001000           2891                153.56              18.83               32.52               7176132.00          5                   0.35                14.44               14.45               16186.00            -10.210793          -63.372281          F 
130200                          1                   0.0001000           2891                153.56              18.83               32.52               7176132.00          0                   0.20                0                   0                   9125.00             -2.498704           -58.619577          F 
130400                          1                   0.0001000           2891                153.56              18.83               32.52               7176132.00          0                   0.20                0                   0                   9211.00             -2.822093           -58.536128          F 
120038                          1                   0.0001000           2891                153.56              18.83               32.52               7176132.00          5                   0.40                12.62               12.63               18510.00            -10.248624          -67.339671          F 
130395                          1                   0.0001000           2891                153.56              18.83               32.52               7176132.00          0                   0.29                0                   0                   13421.00            -1.946118           -58.702338          F 
130430                          1                   0.0001000           2891                153.56              18.83               32.52               7176132.00          3                   0.36                8.26                8.27                16968.00            -0.893871           -59.029898          F 
110175                          1                   0.0001000           2891                153.56              18.83               32.52               7176132.00          6                   0.24                25.15               25.17               11149.00            -9.732685           -61.939355          F 
140060                          1                   0.0001000           2891                153.56              18.83               32.52               7176132.00          1                   0.16                6.15                6.15                7597.00             0.884349            -60.151701          F 
110070                          1                   0.0001000           2891                153.56              18.83               32.52               7176132.00          0                   0.31                0                   0                   14484.00            -10.485091          -63.799446          F 
130180                          1                   0.0001000           2891                153.56              18.83               32.52               7176132.00          10                  0.61                16.51               16.54               28299.00            -7.181162           -71.415929          F 
140050                          1                   0.0001000           2891                153.56              18.83               32.52               7176132.00          2                   0.17                12.08               12.08               7740.00             0.635650            -59.844809          F 
110060                          1                   0.0001000           2891                153.56              18.83               32.52               7176132.00          0                   0.14                0                   0                   6460.00             -10.331685          -62.987180          F 
120040                          1                   0.0001000           2891                153.56              18.83               32.52               7176132.00          108                 8.21                13.16               13.36               383443.00           -10.066358          -68.371440          F 
140030                          1                   0.0001000           2891                153.56              18.83               32.52               7176132.00          3                   0.36                8.32                8.32                16852.00            2.510145            -61.983632          F 
110160                          1                   0.0001000           2891                153.56              18.83               32.52               7176132.00          0                   0.24                0                   0                   11350.00            -10.121814          -62.342289          F 
130014                          1                   0.0001000           2891                153.56              18.83               32.52               7176132.00          1                   0.46                2.18                2.18                21406.00            -7.759871           -59.431439          F 
120017                          1                   0.0001000           2891                153.56              18.83               32.52               7176132.00          1                   0.24                4.20                4.20                11136.00            -10.474157          -67.835782          F 
120034                          1                   0.0001000           2891                153.56              18.83               32.52               7176132.00          2                   0.19                10.52               10.52               8886.00             -9.380351           -69.854989          F 
140005                          1                   0.0001000           2891                153.56              18.83               32.52               7176132.00          0                   0.34                0                   0                   15933.00            3.078187            -62.755259          F 
120050                          1                   0.0001000           2891                153.56              18.83               32.52               7176132.00          2                   0.92                2.17                2.17                43139.00            -9.771845           -69.382700          F 
110100                          1                   0.0001000           2891                153.56              18.83               32.52               7176132.00          0                   0.21                0                   0                   9745.00             -10.748055          -63.183884          F 
130290                          1                   0.0001000           2891                153.56              18.83               32.52               7176132.00          299                 1.33                224.59              235.11              62212.00            -4.984990           -58.060916          F 
110011                          1                   0.0001000           2891                153.56              18.83               32.52               7176132.00          27                  1.20                22.58               22.67               55871.00            -10.592446          -62.584788          F 
110180                          1                   0.0001000           2891                153.56              18.83               32.52               7176132.00          1                   0.17                5.81                5.81                8047.00             -10.384134          -62.093876          F 
510325                          1                   0.0001000           2891                153.56              18.83               32.52               7176132.00          55                  0.77                71.08               71.66               36161.00            -9.292283           -60.305531          F 
120030                          1                   0.0001000           2891                153.56              18.83               32.52               7176132.00          0                   0.69                0                   0                   32360.00            -8.926430           -70.747840          F 
120070                          1                   0.0001000           2891                153.56              18.83               32.52               7176132.00          0                   0.39                0                   0                   18174.00            -10.575880          -68.505122          F 
140023                          1                   0.0001000           2891                153.56              18.83               32.52               7176132.00          1                   0.20                4.92                4.92                9493.00             0.914772            -59.338066          F 
110015                          1                   0.0001000           2891                153.56              18.83               32.52               7176132.00          17                  0.85                19.98               20.03               39759.00            -10.610539          -62.172424          F 
120060                          1                   0.0001000           2891                153.56              18.83               32.52               7176132.00          0                   0.86                0                   0                   40024.00            -8.238234           -71.446466          F 
130440                          1                   0.0001000           2891                153.56              18.83               32.52               7176132.00          0                   0.47                0                   0                   22148.00            -2.812240           -57.770143          F 
120043                          1                   0.0001000           2891                153.56              18.83               32.52               7176132.00          0                   0.13                0                   0                   6230.00             -9.412364           -70.398018          F 
110012                          1                   0.0001000           2891                153.56              18.83               32.52               7176132.00          26                  2.84                9.16                9.19                132667.00           -10.462197          -61.757091          F 
110010                          1                   0.0001000           2891                153.56              18.83               32.52               7176132.00          2                   1.02                1.97                1.97                47451.00            -11.305773          -64.537463          F 
140017                          1                   0.0001000           2891                153.56              18.83               32.52               7176132.00          0                   0.36                0                   0                   16877.00            2.272838            -60.542067          F 
130068                          1                   0.0001000           2891                153.56              18.83               32.52               7176132.00          0                   0.40                0                   0                   18483.00            -3.138082           -57.669942          F 
110143                          1                   0.0001000           2891                153.56              18.83               32.52               7176132.00          0                   0.17                0                   0                   7769.00             -10.889526          -62.532438          F 
110130                          1                   0.0001000           2891                153.56              18.83               32.52               7176132.00          2                   0.26                7.62                7.63                12258.00            -11.076985          -62.848279          F 
110155                          1                   0.0001000           2891                153.56              18.83               32.52               7176132.00          0                   0.11                0                   0                   4931.00             -10.943464          -62.279708          F 
120025                          1                   0.0001000           2891                153.56              18.83               32.52               7176132.00          1                   0.37                2.69                2.70                17340.00            -10.889162          -68.618498          F 
130300                          1                   0.0001000           2891                153.56              18.83               32.52               7176132.00          0                   0.45                0                   0                   20902.00            -1.680483           -57.656536          F 
150300                          1                   0.0001000           2891                153.56              18.83               32.52               7176132.00          2                   0.15                13.33               13.34               7009.00             -1.158833           -57.806300          F 
110170                          1                   0.0001000           2891                153.56              18.83               32.52               7176132.00          1                   0.28                3.57                3.57                13106.00            -11.103908          -62.424021          F 
140002                          1                   0.0001000           2891                153.56              18.83               32.52               7176132.00          0                   0.25                0                   0                   11560.00            3.732874            -62.436863          F 
510757                          1                   0.0001000           2891                153.56              18.83               32.52               7176132.00          0                   0.082               0                   0                   3854.00             -10.463060          -61.010088          F 
120010                          1                   0.0001000           2891                153.56              18.83               32.52               7176132.00          4                   0.53                7.55                7.55                24765.00            -10.747736          -69.207484          F 
110034                          1                   0.0001000           2891                153.56              18.83               32.52               7176132.00          3                   0.36                8.37                8.37                16747.00            -11.311455          -62.544783          F 
130050                          1                   0.0001000           2891                153.56              18.83               32.52               7176132.00          0                   0.67                0                   0                   31542.00            -3.129157           -57.172390          F 
110025                          1                   0.0001000           2891                153.56              18.83               32.52               7176132.00          3                   0.47                6.34                6.34                22124.00            -11.166190          -61.877898          F 
140010                          1                   0.0001000           2891                153.56              18.83               32.52               7176132.00          44                  7.11                6.19                6.23                332020.00           3.117964            -60.717850          F 
130165                          1                   0.0001000           2891                153.56              18.83               32.52               7176132.00          103                 0.35                294.59              299.20              16339.00            -7.229841           -72.844424          F 
110032                          1                   0.0001000           2891                153.56              18.83               32.52               7176132.00          6                   0.52                11.60               11.60               24181.00            -11.628169          -62.941940          F 
140015                          1                   0.0001000           2891                153.56              18.83               32.52               7176132.00          0                   0.26                0                   0                   11945.00            2.787148            -60.100125          F 
110120                          1                   0.0001000           2891                153.56              18.83               32.52               7176132.00          1                   0.23                4.35                4.35                10751.00            -11.160345          -61.568926          F 
110150                          1                   0.0001000           2891                153.56              18.83               32.52               7176132.00          1                   0.27                3.69                3.69                12653.00            -11.807291          -63.230667          F 
110014                          1                   0.0001000           2891                153.56              18.83               32.52               7176132.00          1                   0.47                2.15                2.15                21747.00            -11.564334          -62.233031          F 
120005                          1                   0.0001000           2891                153.56              18.83               32.52               7176132.00          0                   0.15                0                   0                   6986.00             -10.779491          -70.006358          F 
510140                          1                   0.0001000           2891                153.56              18.83               32.52               7176132.00          0                   0.46                0                   0                   21357.00            -10.187963          -59.839297          F 
110090                          1                   0.0001000           2891                153.56              18.83               32.52               7176132.00          0                   0.076               0                   0                   3550.00             -11.470879          -61.879911          F 
130340                          1                   0.0001000           2891                153.56              18.83               32.52               7176132.00          0                   2.44                0                   0                   113832.00           -2.688407           -56.854026          F 
120020                          1                   0.0001000           2891                153.56              18.83               32.52               7176132.00          380                 1.77                214.92              227.88              82622.00            -7.974126           -72.761548          F 
110008                          1                   0.0001000           2891                153.56              18.83               32.52               7176132.00          3                   0.37                8.06                8.06                17400.00            -12.147321          -64.058780          F 
120032                          1                   0.0001000           2891                153.56              18.83               32.52               7176132.00          0                   0.17                0                   0                   7858.00             -9.243211           -71.907488          F 
110004                          1                   0.0001000           2891                153.56              18.83               32.52               7176132.00          9                   1.89                4.75                4.76                88507.00            -11.301237          -61.324689          F 
110050                          1                   0.0001000           2891                153.56              18.83               32.52               7176132.00          0                   0.22                0                   0                   10051.00            -11.681047          -62.083187          F 
120039                          1                   0.0001000           2891                153.56              18.83               32.52               7176132.00          0                   0.24                0                   0                   11353.00            -8.489533           -72.721389          F 
110028                          1                   0.0001000           2891                153.56              18.83               32.52               7176132.00          4                   1.22                3.28                3.28                57074.00            -11.732560          -61.771453          F 
510337                          1                   0.0001000           2891                153.56              18.83               32.52               7176132.00          0                   0.40                0                   0                   18689.00            -9.536841           -58.677801          F 
150375                          1                   0.0001000           2891                153.56              18.83               32.52               7176132.00          132                 0.17                765.41              780.87              8059.00             -7.445178           -57.302829          F 
120042                          1                   0.0001000           2891                153.56              18.83               32.52               7176132.00          2                   0.38                5.21                5.21                17945.00            -7.841819           -73.222514          F 
110009                          1                   0.0001000           2891                153.56              18.83               32.52               7176132.00          12                  0.71                16.98               17.01               33030.00            -11.351368          -60.784721          F 
120033                          1                   0.0001000           2891                153.56              18.83               32.52               7176132.00          51                  0.38                133.07              134.09              17910.00            -7.503753           -73.439585          F 
110149                          1                   0.0001000           2891                153.56              18.83               32.52               7176132.00          3                   0.42                7.12                7.12                19694.00            -12.368674          -63.122203          F 
120035                          1                   0.0001000           2891                153.56              18.83               32.52               7176132.00          0                   0.38                0                   0                   17897.00            -9.099817           -72.558104          F 
510080                          1                   0.0001000           2891                153.56              18.83               32.52               7176132.00          2                   0.21                9.64                9.64                9694.00             -8.753341           -57.827599          F 
150797                          1                   0.0001000           2891                153.56              18.83               32.52               7176132.00          0                   0.39                0                   0                   18257.00            -1.952134           -56.458364          F 
110148                          1                   0.0001000           2891                153.56              18.83               32.52               7176132.00          0                   0.13                0                   0                   5994.00             -11.904682          -61.467066          F 
140045                          1                   0.0001000           2891                153.56              18.83               32.52               7176132.00          1                   0.26                3.78                3.78                12375.00            4.168751            -60.839425          F 
150360                          1                   0.0001000           2891                153.56              18.83               32.52               7176132.00          465                 2.11                220.55              237.05              98523.00            -5.871333           -56.496545          F 
110029                          1                   0.0001000           2891                153.56              18.83               32.52               7176132.00          1                   0.18                5.70                5.70                8198.00             -12.027061          -61.700877          F 
160015                          2                   0.0001000           573                 17.68               32.40               35.36               830917.00           1                   0.32                3.11                3.11                15125.00            1.157828            -52.523712          F 
160005                          2                   0.0001000           573                 17.68               32.40               35.36               830917.00           0                   0.11                0                   0                   5111.00             1.649528            -52.270468          F 
160027                          2                   0.0001000           573                 17.68               32.40               35.36               830917.00           217                 1.01                214.41              221.60              47554.00            1.096940            -53.306000          F 
160053                          2                   0.0001000           573                 17.68               32.40               35.36               830917.00           3                   0.44                6.84                6.84                20611.00            0.587711            -51.673569          F 
160023                          2                   0.0001000           573                 17.68               32.40               35.36               830917.00           0                   0.15                0                   0                   7270.00             0.958713            -51.419182          F 
160055                          2                   0.0001000           573                 17.68               32.40               35.36               830917.00           0                   0.10                0                   0                   4779.00             1.625299            -51.277065          F 
160040                          2                   0.0001000           573                 17.68               32.40               35.36               830917.00           6                   0.43                13.83               13.84               20387.00            -0.0730322          -51.943908          F 
160060                          2                   0.0001000           573                 17.68               32.40               35.36               830917.00           116                 2.46                47.20               48.02               115471.00           0.128476            -51.379449          F 
160070                          2                   0.0001000           573                 17.68               32.40               35.36               830917.00           1                   0.34                2.92                2.92                16112.00            1.294034            -50.985687          F 
150050                          2                   0.0001000           573                 17.68               32.40               35.36               830917.00           7                   0.71                9.91                9.92                33195.00            0.284350            -53.893460          F 
160020                          2                   0.0001000           573                 17.68               32.40               35.36               830917.00           2                   0.22                8.93                8.93                10525.00            2.430849            -51.404322          F 
160030                          2                   0.0001000           573                 17.68               32.40               35.36               830917.00           206                 10.10               20.39               21.01               474706.00           0.554818            -50.700863          F 
160025                          2                   0.0001000           573                 17.68               32.40               35.36               830917.00           0                   0.11                0                   0                   5172.00             0.532233            -50.651554          F 
160050                          2                   0.0001000           573                 17.68               32.40               35.36               830917.00           1                   0.54                1.84                1.84                25514.00            3.088524            -51.904801          F 
160010                          2                   0.0001000           573                 17.68               32.40               35.36               830917.00           0                   0.19                0                   0                   8757.00             1.764026            -50.581371          F 
160021                          2                   0.0001000           573                 17.68               32.40               35.36               830917.00           1                   0.12                8.34                8.34                5637.00             1.030315            -50.483699          F 
160080                          2                   0.0001000           573                 17.68               32.40               35.36               830917.00           12                  0.32                37.61               37.68               14991.00            -0.997903           -52.061167          F 
170220                          3                   0.0001000           28                  0.74                37.77               37.93               35216.00            28                  0.74                37.77               37.93               35216.00            -5.665337           -48.105949          F 
210596                          4                   0.0001000           17                  1.78                9.53                9.55                84755.00            2                   0.24                8.42                8.42                11286.00            -4.929942           -45.400875          F 
210635                          4                   0.0001000           17                  1.78                9.53                9.55                84755.00            0                   0.16                0                   0                   7604.00             -4.736924           -45.558563          F 
210570                          4                   0.0001000           17                  1.78                9.53                9.55                84755.00            12                  1.05                11.43               11.45               49856.00            -4.753793           -45.182696          F 
210535                          4                   0.0001000           17                  1.78                9.53                9.55                84755.00            3                   0.34                8.90                8.91                16009.00            -5.145868           -45.640663          F 
210047                          5                   0.0008000           10                  0.67                14.92               14.95               31312.00            10                  0.67                14.92               14.95               31312.00            -3.880456           -46.007745          F 
210055                          6                   0.002300            7                   0.25                28.21               28.24               36158.00            0                   0.047               0                   0                   6895.00             -1.673095           -45.948022          F 
210197                          6                   0.002300            7                   0.25                28.21               28.24               36158.00            2                   0.064               31.27               31.28               9320.00             -1.762813           -46.178716          F 
210260                          6                   0.002300            7                   0.25                28.21               28.24               36158.00            5                   0.14                36.54               36.56               19943.00            -1.618742           -45.675606          F 
210810                          7                   0.02830             6                   0.22                27.15               27.17               20657.00            6                   0.22                27.15               27.17               20657.00            -4.519491           -45.361569          F 
210860                          8                   0.8134              10                  1.71                5.84                5.85                120595.00           6                   1.17                5.13                5.14                82374.00            -2.504333           -45.132674          F 
210760                          8                   0.8134              10                  1.71                5.84                5.85                120595.00           0                   0.28                0                   0                   19424.00            -2.692804           -45.025090          F 
210927                          8                   0.8134              10                  1.71                5.84                5.85                120595.00           4                   0.27                15.00               15.01               18797.00            -2.586560           -45.361129          F 
