130100                          1                   0.0001000           3286                180.15              18.24               31.90               7585141.00          0                   0.67                0                   0                   28076.00            -5.118832           -67.337382          F 
130230                          1                   0.0001000           3286                180.15              18.24               31.90               7585141.00          0                   0.35                0                   0                   14753.00            -4.713108           -68.403854          F 
130195                          1                   0.0001000           3286                180.15              18.24               31.90               7585141.00          0                   0.19                0                   0                   7888.00             -6.682874           -68.114036          F 
130220                          1                   0.0001000           3286                180.15              18.24               31.90               7585141.00          0                   0.34                0                   0                   14312.00            -3.524623           -66.306825          F 
130420                          1                   0.0001000           3286                180.15              18.24               31.90               7585141.00          0                   1.43                0                   0                   60154.00            -4.468383           -65.529278          F 
130006                          1                   0.0001000           3286                180.15              18.24               31.90               7585141.00          0                   0.27                0                   0                   11332.00            -3.418321           -68.287308          F 
130390                          1                   0.0001000           3286                180.15              18.24               31.90               7585141.00          0                   0.91                0                   0                   38515.00            -4.497836           -69.450565          F 
130002                          1                   0.0001000           3286                180.15              18.24               31.90               7585141.00          0                   0.38                0                   0                   15860.00            -3.701122           -65.330652          F 
130423                          1                   0.0001000           3286                180.15              18.24               31.90               7585141.00          0                   0.44                0                   0                   18610.00            -2.691643           -67.827923          F 
130406                          1                   0.0001000           3286                180.15              18.24               31.90               7585141.00          0                   1.53                0                   0                   64488.00            -4.027765           -69.681346          F 
130410                          1                   0.0001000           3286                180.15              18.24               31.90               7585141.00          0                   0.41                0                   0                   17299.00            -6.104509           -64.893865          F 
130370                          1                   0.0001000           3286                180.15              18.24               31.90               7585141.00          0                   0.52                0                   0                   21966.00            -3.051175           -69.087897          F 
130426                          1                   0.0001000           3286                180.15              18.24               31.90               7585141.00          0                   0.32                0                   0                   13387.00            -3.167038           -65.411879          F 
130350                          1                   0.0001000           3286                180.15              18.24               31.90               7585141.00          0                   0.46                0                   0                   19329.00            -7.757795           -68.197229          F 
130160                          1                   0.0001000           3286                180.15              18.24               31.90               7585141.00          0                   0.43                0                   0                   18221.00            -2.492180           -66.358452          F 
130060                          1                   0.0001000           3286                180.15              18.24               31.90               7585141.00          0                   1.00                0                   0                   42020.00            -5.429327           -70.278296          F 
130120                          1                   0.0001000           3286                180.15              18.24               31.90               7585141.00          0                   2.00                0                   0                   84272.00            -4.437162           -64.124619          F 
130140                          1                   0.0001000           3286                180.15              18.24               31.90               7585141.00          3                   0.83                3.63                3.63                34840.00            -7.022778           -70.222033          F 
130280                          1                   0.0001000           3286                180.15              18.24               31.90               7585141.00          0                   0.43                0                   0                   18186.00            -2.428415           -65.038109          F 
130210                          1                   0.0001000           3286                180.15              18.24               31.90               7585141.00          0                   0.078               0                   0                   3265.00             -1.698117           -68.320288          F 
130240                          1                   0.0001000           3286                180.15              18.24               31.90               7585141.00          5                   1.07                4.65                4.66                45245.00            -8.375880           -65.812244          F 
130150                          1                   0.0001000           3286                180.15              18.24               31.90               7585141.00          1                   0.47                2.14                2.14                19668.00            -7.573750           -70.054927          F 
130070                          1                   0.0001000           3286                180.15              18.24               31.90               7585141.00          2                   0.81                2.48                2.48                33976.00            -8.772979           -68.047540          F 
130090                          1                   0.0001000           3286                180.15              18.24               31.90               7585141.00          0                   0.37                0                   0                   15450.00            -7.403346           -64.096665          F 
130020                          1                   0.0001000           3286                180.15              18.24               31.90               7585141.00          0                   0.46                0                   0                   19438.00            -5.711940           -71.742673          F 
120080                          1                   0.0001000           3286                180.15              18.24               31.90               7585141.00          0                   0.43                0                   0                   18180.00            -9.629475           -67.701064          F 
130180                          1                   0.0001000           3286                180.15              18.24               31.90               7585141.00          17                  0.69                24.74               24.79               28933.00            -7.181162           -71.415929          F 
120013                          1                   0.0001000           3286                180.15              18.24               31.90               7585141.00          0                   0.24                0                   0                   10111.00            -9.613848           -68.175429          F 
130130                          1                   0.0001000           3286                180.15              18.24               31.90               7585141.00          0                   0.67                0                   0                   28100.00            -3.289026           -62.972665          F 
120001                          1                   0.0001000           3286                180.15              18.24               31.90               7585141.00          5                   0.36                14.02               14.03               15020.00            -9.934392           -66.948427          F 
120045                          1                   0.0001000           3286                180.15              18.24               31.90               7585141.00          5                   0.54                9.23                9.24                22810.00            -9.996928           -67.427266          F 
120034                          1                   0.0001000           3286                180.15              18.24               31.90               7585141.00          3                   0.22                13.53               13.53               9336.00             -9.380351           -69.854989          F 
110020                          1                   0.0001000           3286                180.15              18.24               31.90               7585141.00          1198                12.34               97.09               115.56              519531.00           -9.153039           -64.305489          F 
120040                          1                   0.0001000           3286                180.15              18.24               31.90               7585141.00          92                  9.53                9.66                9.76                401155.00           -10.066358          -68.371440          F 
120050                          1                   0.0001000           3286                180.15              18.24               31.90               7585141.00          1                   1.07                0.93                0.93                45177.00            -9.771845           -69.382700          F 
120030                          1                   0.0001000           3286                180.15              18.24               31.90               7585141.00          0                   0.82                0                   0                   34675.00            -8.926430           -70.747840          F 
120038                          1                   0.0001000           3286                180.15              18.24               31.90               7585141.00          0                   0.46                0                   0                   19565.00            -10.248624          -67.339671          F 
130360                          1                   0.0001000           3286                180.15              18.24               31.90               7585141.00          0                   0.58                0                   0                   24436.00            -0.318566           -65.522058          F 
120060                          1                   0.0001000           3286                180.15              18.24               31.90               7585141.00          0                   1.00                0                   0                   41976.00            -8.238234           -71.446466          F 
120043                          1                   0.0001000           3286                180.15              18.24               31.90               7585141.00          0                   0.15                0                   0                   6362.00             -9.412364           -70.398018          F 
130170                          1                   0.0001000           3286                180.15              18.24               31.90               7585141.00          26                  1.28                20.27               20.34               54001.00            -7.362897           -62.485394          F 
130010                          1                   0.0001000           3286                180.15              18.24               31.90               7585141.00          0                   0.49                0                   0                   20538.00            -4.186645           -62.073001          F 
120017                          1                   0.0001000           3286                180.15              18.24               31.90               7585141.00          3                   0.27                11.03               11.03               11456.00            -10.474157          -67.835782          F 
110080                          1                   0.0001000           3286                180.15              18.24               31.90               7585141.00          5                   0.62                8.10                8.11                25983.00            -8.887011           -63.325581          F 
130380                          1                   0.0001000           3286                180.15              18.24               31.90               7585141.00          0                   1.06                0                   0                   44816.00            0.374453            -67.997697          F 
130063                          1                   0.0001000           3286                180.15              18.24               31.90               7585141.00          0                   0.46                0                   0                   19258.00            -4.603475           -61.787364          F 
120070                          1                   0.0001000           3286                180.15              18.24               31.90               7585141.00          0                   0.45                0                   0                   19048.00            -10.575880          -68.505122          F 
130083                          1                   0.0001000           3286                180.15              18.24               31.90               7585141.00          2                   0.31                6.54                6.54                12877.00            -3.081969           -61.877491          F 
130008                          1                   0.0001000           3286                180.15              18.24               31.90               7585141.00          0                   0.32                0                   0                   13269.00            -3.502503           -61.716696          F 
130165                          1                   0.0001000           3286                180.15              18.24               31.90               7585141.00          83                  0.39                212.89              215.28              16416.00            -7.229841           -72.844424          F 
110110                          1                   0.0001000           3286                180.15              18.24               31.90               7585141.00          1                   0.24                4.10                4.10                10272.00            -9.170195           -63.044988          F 
110033                          1                   0.0001000           3286                180.15              18.24               31.90               7585141.00          2                   0.71                2.83                2.83                29757.00            -10.382239          -64.629270          F 
120025                          1                   0.0001000           3286                180.15              18.24               31.90               7585141.00          0                   0.43                0                   0                   18122.00            -10.889162          -68.618498          F 
120010                          1                   0.0001000           3286                180.15              18.24               31.90               7585141.00          0                   0.61                0                   0                   25848.00            -10.747736          -69.207484          F 
110045                          1                   0.0001000           3286                180.15              18.24               31.90               7585141.00          24                  0.92                25.95               26.03               38937.00            -10.052159          -63.941154          F 
110040                          1                   0.0001000           3286                180.15              18.24               31.90               7585141.00          6                   0.50                12.03               12.04               20999.00            -9.649274           -63.394283          F 
130270                          1                   0.0001000           3286                180.15              18.24               31.90               7585141.00          1                   1.30                0.77                0.77                54907.00            -6.459804           -61.446481          F 
130040                          1                   0.0001000           3286                180.15              18.24               31.90               7585141.00          5                   0.65                7.69                7.70                27364.00            -0.465180           -63.434588          F 
120020                          1                   0.0001000           3286                180.15              18.24               31.90               7585141.00          282                 2.08                135.43              140.73              87673.00            -7.974126           -72.761548          F 
120032                          1                   0.0001000           3286                180.15              18.24               31.90               7585141.00          0                   0.19                0                   0                   8159.00             -9.243211           -71.907488          F 
110094                          1                   0.0001000           3286                180.15              18.24               31.90               7585141.00          13                  0.58                22.59               22.63               24226.00            -9.170974           -62.565037          F 
120005                          1                   0.0001000           3286                180.15              18.24               31.90               7585141.00          0                   0.17                0                   0                   7300.00             -10.779491          -70.006358          F 
120039                          1                   0.0001000           3286                180.15              18.24               31.90               7585141.00          0                   0.28                0                   0                   11720.00            -8.489533           -72.721389          F 
110026                          1                   0.0001000           3286                180.15              18.24               31.90               7585141.00          2                   0.088               22.62               22.62               3723.00             -9.645106           -62.790311          F 
130320                          1                   0.0001000           3286                180.15              18.24               31.90               7585141.00          0                   0.45                0                   0                   18974.00            -2.046996           -61.701836          F 
110070                          1                   0.0001000           3286                180.15              18.24               31.90               7585141.00          1                   0.33                3.01                3.01                14009.00            -10.485091          -63.799446          F 
110140                          1                   0.0001000           3286                180.15              18.24               31.90               7585141.00          4                   0.37                10.73               10.74               15695.00            -10.210793          -63.372281          F 
120042                          1                   0.0001000           3286                180.15              18.24               31.90               7585141.00          2                   0.44                4.55                4.55                18504.00            -7.841819           -73.222514          F 
110002                          1                   0.0001000           3286                180.15              18.24               31.90               7585141.00          73                  2.52                28.95               29.23               106168.00           -9.951979           -62.957373          F 
120033                          1                   0.0001000           3286                180.15              18.24               31.90               7585141.00          17                  0.44                38.40               38.49               18638.00            -7.503753           -73.439585          F 
120035                          1                   0.0001000           3286                180.15              18.24               31.90               7585141.00          3                   0.44                6.85                6.86                18430.00            -9.099817           -72.558104          F 
130250                          1                   0.0001000           3286                180.15              18.24               31.90               7585141.00          4                   2.29                1.75                1.75                96236.00            -3.291606           -60.958222          F 
110013                          1                   0.0001000           3286                180.15              18.24               31.90               7585141.00          116                 0.93                124.92              126.89              39097.00            -9.204070           -62.010294          F 
130255                          1                   0.0001000           3286                180.15              18.24               31.90               7585141.00          0                   0.74                0                   0                   31147.00            -3.779354           -60.697327          F 
110060                          1                   0.0001000           3286                180.15              18.24               31.90               7585141.00          2                   0.15                13.60               13.61               6190.00             -10.331685          -62.987180          F 
110010                          1                   0.0001000           3286                180.15              18.24               31.90               7585141.00          4                   1.09                3.68                3.68                45783.00            -11.305773          -64.537463          F 
110100                          1                   0.0001000           3286                180.15              18.24               31.90               7585141.00          0                   0.19                0                   0                   8095.00             -10.748055          -63.183884          F 
130330                          1                   0.0001000           3286                180.15              18.24               31.90               7585141.00          1                   0.60                1.67                1.67                25237.00            -6.825051           -60.477192          F 
110160                          1                   0.0001000           3286                180.15              18.24               31.90               7585141.00          2                   0.25                8.02                8.03                10494.00            -10.121814          -62.342289          F 
110175                          1                   0.0001000           3286                180.15              18.24               31.90               7585141.00          6                   0.26                22.91               22.93               11028.00            -9.732685           -61.939355          F 
130185                          1                   0.0001000           3286                180.15              18.24               31.90               7585141.00          3                   1.13                2.66                2.66                47571.00            -3.095148           -60.480667          F 
110011                          1                   0.0001000           3286                180.15              18.24               31.90               7585141.00          43                  1.23                34.86               35.06               51933.00            -10.592446          -62.584788          F 
130110                          1                   0.0001000           3286                180.15              18.24               31.90               7585141.00          3                   0.89                3.38                3.38                37384.00            -3.770658           -60.183093          F 
110180                          1                   0.0001000           3286                180.15              18.24               31.90               7585141.00          2                   0.17                12.03               12.04               6998.00             -10.384134          -62.093876          F 
110130                          1                   0.0001000           3286                180.15              18.24               31.90               7585141.00          3                   0.26                11.40               11.40               11080.00            -11.076985          -62.848279          F 
110143                          1                   0.0001000           3286                180.15              18.24               31.90               7585141.00          2                   0.17                11.95               11.95               7047.00             -10.889526          -62.532438          F 
130260                          1                   0.0001000           3286                180.15              18.24               31.90               7585141.00          100                 50.95               1.96                1.98                2145444.00          -2.626021           -60.259483          F 
110015                          1                   0.0001000           3286                180.15              18.24               31.90               7585141.00          8                   0.86                9.27                9.28                36340.00            -10.610539          -62.172424          F 
110155                          1                   0.0001000           3286                180.15              18.24               31.90               7585141.00          0                   0.10                0                   0                   4384.00             -10.943464          -62.279708          F 
110012                          1                   0.0001000           3286                180.15              18.24               31.90               7585141.00          29                  3.04                9.55                9.58                127907.00           -10.462197          -61.757091          F 
110170                          1                   0.0001000           3286                180.15              18.24               31.90               7585141.00          0                   0.28                0                   0                   11665.00            -11.103908          -62.424021          F 
110008                          1                   0.0001000           3286                180.15              18.24               31.90               7585141.00          0                   0.42                0                   0                   17855.00            -12.147321          -64.058780          F 
130080                          1                   0.0001000           3286                180.15              18.24               31.90               7585141.00          3                   0.96                3.11                3.11                40565.00            -4.957034           -59.534428          F 
110034                          1                   0.0001000           3286                180.15              18.24               31.90               7585141.00          1                   0.35                2.86                2.86                14722.00            -11.311455          -62.544783          F 
110150                          1                   0.0001000           3286                180.15              18.24               31.90               7585141.00          1                   0.28                3.55                3.55                11860.00            -11.807291          -63.230667          F 
110032                          1                   0.0001000           3286                180.15              18.24               31.90               7585141.00          3                   0.54                5.51                5.51                22931.00            -11.628169          -62.941940          F 
130030                          1                   0.0001000           3286                180.15              18.24               31.90               7585141.00          3                   0.92                3.25                3.25                38830.00            -3.788879           -59.528635          F 
130115                          1                   0.0001000           3286                180.15              18.24               31.90               7585141.00          1                   0.70                1.42                1.42                29595.00            -3.286228           -59.599493          F 
130356                          1                   0.0001000           3286                180.15              18.24               31.90               7585141.00          6                   0.77                7.75                7.76                32577.00            -2.529891           -59.638156          F 
110025                          1                   0.0001000           3286                180.15              18.24               31.90               7585141.00          7                   0.46                15.19               15.20               19409.00            -11.166190          -61.877898          F 
510325                          1                   0.0001000           3286                180.15              18.24               31.90               7585141.00          8                   0.89                9.04                9.04                37280.00            -9.292283           -60.305531          F 
140047                          1                   0.0001000           3286                180.15              18.24               31.90               7585141.00          5                   0.70                7.13                7.13                29533.00            0.0378310           -61.010414          F 
110014                          1                   0.0001000           3286                180.15              18.24               31.90               7585141.00          0                   0.49                0                   0                   20459.00            -11.564334          -62.233031          F 
510757                          1                   0.0001000           3286                180.15              18.24               31.90               7585141.00          0                   0.094               0                   0                   3966.00             -10.463060          -61.010088          F 
130353                          1                   0.0001000           3286                180.15              18.24               31.90               7585141.00          7                   0.84                8.34                8.34                35352.00            -1.372564           -59.988741          F 
130014                          1                   0.0001000           3286                180.15              18.24               31.90               7585141.00          2                   0.51                3.90                3.90                21583.00            -7.759871           -59.431439          F 
110120                          1                   0.0001000           3286                180.15              18.24               31.90               7585141.00          0                   0.23                0                   0                   9762.00             -11.160345          -61.568926          F 
110090                          1                   0.0001000           3286                180.15              18.24               31.90               7585141.00          0                   0.074               0                   0                   3119.00             -11.470879          -61.879911          F 
110149                          1                   0.0001000           3286                180.15              18.24               31.90               7585141.00          0                   0.47                0                   0                   19842.00            -12.368674          -63.122203          F 
110050                          1                   0.0001000           3286                180.15              18.24               31.90               7585141.00          0                   0.21                0                   0                   8751.00             -11.681047          -62.083187          F 
140020                          1                   0.0001000           3286                180.15              18.24               31.90               7585141.00          8                   0.51                15.62               15.64               21564.00            0.990862            -61.471950          F 
110004                          1                   0.0001000           3286                180.15              18.24               31.90               7585141.00          8                   2.01                3.97                3.97                84813.00            -11.301237          -61.324689          F 
110028                          1                   0.0001000           3286                180.15              18.24               31.90               7585141.00          12                  1.30                9.24                9.25                54702.00            -11.732560          -61.771453          F 
130190                          1                   0.0001000           3286                180.15              18.24               31.90               7585141.00          3                   2.37                1.26                1.26                99955.00            -3.174662           -58.777136          F 
140028                          1                   0.0001000           3286                180.15              18.24               31.90               7585141.00          2                   0.28                7.26                7.26                11600.00            2.186649            -62.468913          F 
130310                          1                   0.0001000           3286                180.15              18.24               31.90               7585141.00          2                   0.87                2.29                2.29                36721.00            -3.988364           -58.601783          F 
110029                          1                   0.0001000           3286                180.15              18.24               31.90               7585141.00          1                   0.16                6.21                6.21                6781.00             -12.027061          -61.700877          F 
110001                          1                   0.0001000           3286                180.15              18.24               31.90               7585141.00          0                   0.55                0                   0                   23167.00            -12.470071          -62.274560          F 
110148                          1                   0.0001000           3286                180.15              18.24               31.90               7585141.00          0                   0.13                0                   0                   5280.00             -11.904682          -61.467066          F 
110009                          1                   0.0001000           3286                180.15              18.24               31.90               7585141.00          3                   0.76                3.94                3.94                32047.00            -11.351368          -60.784721          F 
510140                          1                   0.0001000           3286                180.15              18.24               31.90               7585141.00          1                   0.52                1.91                1.92                21987.00            -10.187963          -59.839297          F 
110147                          1                   0.0001000           3286                180.15              18.24               31.90               7585141.00          0                   0.070               0                   0                   2939.00             -11.878589          -61.315189          F 
130400                          1                   0.0001000           3286                180.15              18.24               31.90               7585141.00          0                   0.22                0                   0                   9110.00             -2.822093           -58.536128          F 
130200                          1                   0.0001000           3286                180.15              18.24               31.90               7585141.00          0                   0.22                0                   0                   9064.00             -2.498704           -58.619577          F 
130395                          1                   0.0001000           3286                180.15              18.24               31.90               7585141.00          0                   0.33                0                   0                   13685.00            -1.946118           -58.702338          F 
110037                          1                   0.0001000           3286                180.15              18.24               31.90               7585141.00          3                   0.31                9.55                9.55                13227.00            -12.593622          -61.880777          F 
110145                          1                   0.0001000           3286                180.15              18.24               31.90               7585141.00          0                   0.14                0                   0                   5947.00             -12.262291          -61.415241          F 
130290                          1                   0.0001000           3286                180.15              18.24               31.90               7585141.00          310                 1.49                207.99              217.00              62755.00            -4.984990           -58.060916          F 
130430                          1                   0.0001000           3286                180.15              18.24               31.90               7585141.00          0                   0.39                0                   0                   16383.00            -0.893871           -59.029898          F 
140030                          1                   0.0001000           3286                180.15              18.24               31.90               7585141.00          1                   0.42                2.40                2.40                17528.00            2.510145            -61.983632          F 
110018                          1                   0.0001000           3286                180.15              18.24               31.90               7585141.00          4                   0.87                4.62                4.62                36434.00            -11.894543          -60.830315          F 
140060                          1                   0.0001000           3286                180.15              18.24               31.90               7585141.00          0                   0.19                0                   0                   7860.00             0.884349            -60.151701          F 
140005                          1                   0.0001000           3286                180.15              18.24               31.90               7585141.00          2                   0.37                5.38                5.39                15638.00            3.078187            -62.755259          F 
140050                          1                   0.0001000           3286                180.15              18.24               31.90               7585141.00          3                   0.19                15.69               15.69               8052.00             0.635650            -59.844809          F 
510337                          1                   0.0001000           3286                180.15              18.24               31.90               7585141.00          0                   0.46                0                   0                   19254.00            -9.536841           -58.677801          F 
110092                          1                   0.0001000           3286                180.15              18.24               31.90               7585141.00          1                   0.26                3.87                3.87                10886.00            -12.537404          -60.898400          F 
130440                          1                   0.0001000           3286                180.15              18.24               31.90               7585141.00          0                   0.54                0                   0                   22537.00            -2.812240           -57.770143          F 
130068                          1                   0.0001000           3286                180.15              18.24               31.90               7585141.00          0                   0.45                0                   0                   18781.00            -3.138082           -57.669942          F 
110146                          1                   0.0001000           3286                180.15              18.24               31.90               7585141.00          0                   0.052               0                   0                   2191.00             -13.173850          -61.545322          F 
110030                          1                   0.0001000           3286                180.15              18.24               31.90               7585141.00          48                  2.31                20.74               20.87               97448.00            -12.087986          -60.252451          F 
110007                          1                   0.0001000           3286                180.15              18.24               31.90               7585141.00          0                   0.18                0                   0                   7567.00             -12.926666          -61.091715          F 
140023                          1                   0.0001000           3286                180.15              18.24               31.90               7585141.00          1                   0.24                4.23                4.23                9950.00             0.914772            -59.338066          F 
140017                          1                   0.0001000           3286                180.15              18.24               31.90               7585141.00          0                   0.42                0                   0                   17868.00            2.272838            -60.542067          F 
110005                          1                   0.0001000           3286                180.15              18.24               31.90               7585141.00          4                   0.39                10.24               10.25               16444.00            -13.203669          -61.260843          F 
510080                          1                   0.0001000           3286                180.15              18.24               31.90               7585141.00          1                   0.24                4.22                4.22                9979.00             -8.753341           -57.827599          F 
140002                          1                   0.0001000           3286                180.15              18.24               31.90               7585141.00          0                   0.29                0                   0                   12394.00            3.732874            -62.436863          F 
510517                          1                   0.0001000           3286                180.15              18.24               31.90               7585141.00          1                   0.37                2.74                2.74                15370.00            -10.359620          -58.592177          F 
510515                          1                   0.0001000           3286                180.15              18.24               31.90               7585141.00          4                   0.97                4.12                4.12                40905.00            -11.533422          -59.327120          F 
150375                          1                   0.0001000           3286                180.15              18.24               31.90               7585141.00          122                 0.21                577.24              586.85              8899.00             -7.445178           -57.302829          F 
130300                          1                   0.0001000           3286                180.15              18.24               31.90               7585141.00          6                   0.50                12.09               12.10               20899.00            -1.680483           -57.656536          F 
510615                          1                   0.0001000           3286                180.15              18.24               31.90               7585141.00          0                   0.35                0                   0                   14909.00            -9.768714           -58.076318          F 
150300                          1                   0.0001000           3286                180.15              18.24               31.90               7585141.00          85                  0.17                488.99              494.64              7319.00             -1.158833           -57.806300          F 
130050                          1                   0.0001000           3286                180.15              18.24               31.90               7585141.00          0                   0.75                0                   0                   31593.00            -3.129157           -57.172390          F 
510285                          1                   0.0001000           3286                180.15              18.24               31.90               7585141.00          0                   0.21                0                   0                   8695.00             -10.955815          -58.604328          F 
110006                          1                   0.0001000           3286                180.15              18.24               31.90               7585141.00          0                   0.39                0                   0                   16227.00            -13.159213          -60.550197          F 
140010                          1                   0.0001000           3286                180.15              18.24               31.90               7585141.00          53                  8.92                5.94                5.98                375374.00           3.117964            -60.717850          F 
110003                          1                   0.0001000           3286                180.15              18.24               31.90               7585141.00          4                   0.13                30.97               30.99               5438.00             -13.474873          -60.639653          F 
140015                          1                   0.0001000           3286                180.15              18.24               31.90               7585141.00          0                   0.29                0                   0                   12257.00            2.787148            -60.100125          F 
130340                          1                   0.0001000           3286                180.15              18.24               31.90               7585141.00          28                  2.69                10.42               10.45               113168.00           -2.688407           -56.854026          F 
150360                          1                   0.0001000           3286                180.15              18.24               31.90               7585141.00          295                 2.40                122.86              127.90              101097.00           -5.871333           -56.496545          F 
510330                          1                   0.0001000           3286                180.15              18.24               31.90               7585141.00          0                   0.49                0                   0                   20513.00            -13.189673          -59.752227          F 
510895                          1                   0.0001000           3286                180.15              18.24               31.90               7585141.00          0                   0.22                0                   0                   9078.00             -9.964637           -57.251389          F 
150805                          1                   0.0001000           3286                180.15              18.24               31.90               7585141.00          8                   0.45                17.91               17.93               18807.00            -5.130084           -56.003417          F 
160015                          2                   0.0001000           462                 19.03               24.28               25.82               801124.00           1                   0.38                2.64                2.64                15931.00            1.157828            -52.523712          F 
160005                          2                   0.0001000           462                 19.03               24.28               25.82               801124.00           0                   0.13                0                   0                   5306.00             1.649528            -52.270468          F 
160027                          2                   0.0001000           462                 19.03               24.28               25.82               801124.00           204                 1.17                173.71              178.59              49446.00            1.096940            -53.306000          F 
160053                          2                   0.0001000           462                 19.03               24.28               25.82               801124.00           0                   0.51                0                   0                   21484.00            0.587711            -51.673569          F 
160023                          2                   0.0001000           462                 19.03               24.28               25.82               801124.00           0                   0.18                0                   0                   7591.00             0.958713            -51.419182          F 
160055                          2                   0.0001000           462                 19.03               24.28               25.82               801124.00           0                   0.12                0                   0                   4993.00             1.625299            -51.277065          F 
160040                          2                   0.0001000           462                 19.03               24.28               25.82               801124.00           2                   0.50                3.97                3.97                21206.00            -0.0730322          -51.943908          F 
160060                          2                   0.0001000           462                 19.03               24.28               25.82               801124.00           88                  2.84                30.98               31.34               119610.00           0.128476            -51.379449          F 
160070                          2                   0.0001000           462                 19.03               24.28               25.82               801124.00           0                   0.40                0                   0                   16855.00            1.294034            -50.985687          F 
150050                          2                   0.0001000           462                 19.03               24.28               25.82               801124.00           2                   0.81                2.47                2.47                34142.00            0.284350            -53.893460          F 
160020                          2                   0.0001000           462                 19.03               24.28               25.82               801124.00           0                   0.26                0                   0                   10926.00            2.430849            -51.404322          F 
160030                          2                   0.0001000           462                 19.03               24.28               25.82               801124.00           165                 11.72               14.07               14.37               493634.00           0.554818            -50.700863          F 
210317                          3                   0.0001000           52                  0.50                104.01              104.74              21399.00            52                  0.50                104.01              104.74              21399.00            -3.086137           -46.538028          F 
210197                          4                   0.0001000           23                  0.18                129.71              130.11              9158.00             23                  0.18                129.71              130.11              9158.00             -1.762813           -46.178716          F 
210095                          5                   0.0001000           41                  8.16                5.03                5.05                418564.00           0                   0.64                0                   0                   32637.00            -5.060040           -45.954318          F 
210535                          5                   0.0001000           41                  8.16                5.03                5.05                418564.00           0                   0.31                0                   0                   15897.00            -5.145868           -45.640663          F 
210547                          5                   0.0001000           41                  8.16                5.03                5.05                418564.00           0                   0.32                0                   0                   16432.00            -5.390799           -45.575691          F 
210635                          5                   0.0001000           41                  8.16                5.03                5.05                418564.00           0                   0.15                0                   0                   7810.00             -4.736924           -45.558563          F 
210596                          5                   0.0001000           41                  8.16                5.03                5.05                418564.00           0                   0.22                0                   0                   11320.00            -4.929942           -45.400875          F 
210060                          5                   0.0001000           41                  8.16                5.03                5.05                418564.00           5                   0.80                6.24                6.24                41136.00            -5.285725           -46.573078          F 
210232                          5                   0.0001000           41                  8.16                5.03                5.05                418564.00           1                   1.40                0.72                0.72                71723.00            -4.493661           -46.342388          F 
211000                          5                   0.0001000           41                  8.16                5.03                5.05                418564.00           12                  1.41                8.50                8.51                72440.00            -4.325910           -45.885268          F 
210480                          5                   0.0001000           41                  8.16                5.03                5.05                418564.00           8                   1.34                5.96                5.96                68876.00            -5.823099           -46.054675          F 
210215                          5                   0.0001000           41                  8.16                5.03                5.05                418564.00           0                   0.18                0                   0                   9367.00             -4.369485           -45.549445          F 
210810                          5                   0.0001000           41                  8.16                5.03                5.05                418564.00           8                   0.41                19.53               19.55               21015.00            -4.519491           -45.361569          F 
210570                          5                   0.0001000           41                  8.16                5.03                5.05                418564.00           7                   0.97                7.20                7.20                49911.00            -4.753793           -45.182696          F 
510706                          6                   0.0001000           43                  9.47                4.54                4.56                797333.00           0                   0.20                0                   0                   17014.00            -12.161387          -52.742100          F 
510185                          6                   0.0001000           43                  9.47                4.54                4.56                797333.00           0                   0.077               0                   0                   6452.00             -12.216986          -51.739360          F 
510035                          6                   0.0001000           43                  9.47                4.54                4.56                797333.00           0                   0.079               0                   0                   6659.00             -11.810796          -51.749943          F 
510785                          6                   0.0001000           43                  9.47                4.54                4.56                797333.00           0                   0.14                0                   0                   11615.00            -11.452949          -51.961623          F 
510385                          6                   0.0001000           43                  9.47                4.54                4.56                797333.00           0                   0.089               0                   0                   7513.00             -12.996255          -53.455995          F 
510270                          6                   0.0001000           43                  9.47                4.54                4.56                797333.00           0                   0.25                0                   0                   21311.00            -13.331224          -52.398800          F 
510269                          6                   0.0001000           43                  9.47                4.54                4.56                797333.00           0                   0.057               0                   0                   4761.00             -11.201057          -51.823179          F 
510718                          6                   0.0001000           43                  9.47                4.54                4.56                797333.00           0                   0.12                0                   0                   10081.00            -12.874322          -51.567902          F 
510788                          6                   0.0001000           43                  9.47                4.54                4.56                797333.00           0                   0.019               0                   0                   1622.00             -12.022095          -51.362144          F 
510370                          6                   0.0001000           43                  9.47                4.54                4.56                797333.00           0                   0.16                0                   0                   13857.00            -11.918239          -54.167552          F 
510735                          6                   0.0001000           43                  9.47                4.54                4.56                797333.00           1                   0.066               15.12               15.12               5569.00             -10.696430          -52.616401          F 
510830                          6                   0.0001000           43                  9.47                4.54                4.56                797333.00           0                   0.042               0                   0                   3562.00             -11.528079          -54.315704          F 
510677                          6                   0.0001000           43                  9.47                4.54                4.56                797333.00           0                   0.15                0                   0                   12347.00            -10.825476          -51.712660          F 
510558                          6                   0.0001000           43                  9.47                4.54                4.56                797333.00           0                   0.13                0                   0                   10700.00            -10.886197          -54.053071          F 
510631                          6                   0.0001000           43                  9.47                4.54                4.56                797333.00           0                   0.031               0                   0                   2574.00             -12.316068          -50.888796          F 
510020                          6                   0.0001000           43                  9.47                4.54                4.56                797333.00           0                   0.30                0                   0                   25229.00            -13.977087          -52.499920          F 
510630                          6                   0.0001000           43                  9.47                4.54                4.56                797333.00           1                   0.26                3.79                3.79                22246.00            -13.676744          -54.108586          F 
510335                          6                   0.0001000           43                  9.47                4.54                4.56                797333.00           0                   0.36                0                   0                   30347.00            -10.403493          -51.698039          F 
510774                          6                   0.0001000           43                  9.47                4.54                4.56                797333.00           0                   0.030               0                   0                   2495.00             -10.064857          -52.541103          F 
510530                          6                   0.0001000           43                  9.47                4.54                4.56                797333.00           0                   0.025               0                   0                   2099.00             -11.007852          -50.935617          F 
510724                          6                   0.0001000           43                  9.47                4.54                4.56                797333.00           0                   0.053               0                   0                   4486.00             -11.935890          -54.903014          F 
510624                          6                   0.0001000           43                  9.47                4.54                4.56                797333.00           0                   0.14                0                   0                   11694.00            -12.990775          -54.766813          F 
510617                          6                   0.0001000           43                  9.47                4.54                4.56                797333.00           0                   0.045               0                   0                   3765.00             -14.155878          -51.889764          F 
510642                          6                   0.0001000           43                  9.47                4.54                4.56                797333.00           2                   0.41                4.87                4.87                34607.00            -10.147782          -53.587442          F 
510260                          6                   0.0001000           43                  9.47                4.54                4.56                797333.00           0                   0.19                0                   0                   15830.00            -14.374493          -53.129163          F 
510310                          6                   0.0001000           43                  9.47                4.54                4.56                797333.00           0                   0.068               0                   0                   5691.00             -13.868782          -51.147459          F 
510305                          6                   0.0001000           43                  9.47                4.54                4.56                797333.00           0                   0.14                0                   0                   12052.00            -11.448470          -55.048169          F 
510619                          6                   0.0001000           43                  9.47                4.54                4.56                797333.00           0                   0.044               0                   0                   3699.00             -10.920430          -54.900941          F 
510625                          6                   0.0001000           43                  9.47                4.54                4.56                797333.00           0                   0.25                0                   0                   21231.00            -14.592851          -52.409471          F 
510860                          6                   0.0001000           43                  9.47                4.54                4.56                797333.00           0                   0.30                0                   0                   25570.00            -9.980623           -51.404814          F 
510850                          6                   0.0001000           43                  9.47                4.54                4.56                797333.00           0                   0.13                0                   0                   11216.00            -12.420937          -55.345256          F 
170820                          6                   0.0001000           43                  9.47                4.54                4.56                797333.00           0                   0.22                0                   0                   18482.00            -11.959003          -50.097998          F 
522020                          6                   0.0001000           43                  9.47                4.54                4.56                797333.00           0                   0.26                0                   0                   22067.00            -13.145623          -50.249100          F 
510777                          6                   0.0001000           43                  9.47                4.54                4.56                797333.00           0                   0.098               0                   0                   8281.00             -10.332303          -50.792279          F 
510560                          6                   0.0001000           43                  9.47                4.54                4.56                797333.00           1                   0.19                5.16                5.16                16334.00            -10.011788          -54.361207          F 
510790                          6                   0.0001000           43                  9.47                4.54                4.56                797333.00           2                   1.66                1.20                1.20                139935.00           -11.711912          -55.499834          F 
510805                          6                   0.0001000           43                  9.47                4.54                4.56                797333.00           0                   0.12                0                   0                   9862.00             -10.507189          -54.979631          F 
171190                          6                   0.0001000           43                  9.47                4.54                4.56                797333.00           0                   0.15                0                   0                   13034.00            -11.035890          -50.160454          F 
171884                          6                   0.0001000           43                  9.47                4.54                4.56                797333.00           0                   0.040               0                   0                   3378.00             -12.401973          -49.876147          F 
521483                          6                   0.0001000           43                  9.47                4.54                4.56                797333.00           0                   0.15                0                   0                   12791.00            -14.133960          -50.561719          F 
510792                          6                   0.0001000           43                  9.47                4.54                4.56                797333.00           1                   1.04                0.96                0.96                87815.00            -12.741400          -55.677809          F 
510628                          6                   0.0001000           43                  9.47                4.54                4.56                797333.00           0                   0.062               0                   0                   5199.00             -15.078424          -53.240963          F 
521405                          6                   0.0001000           43                  9.47                4.54                4.56                797333.00           0                   0.060               0                   0                   5066.00             -13.798766          -50.203361          F 
510455                          6                   0.0001000           43                  9.47                4.54                4.56                797333.00           0                   0.046               0                   0                   3901.00             -11.106900          -55.585363          F 
510776                          6                   0.0001000           43                  9.47                4.54                4.56                797333.00           0                   0.040               0                   0                   3330.00             -13.832607          -55.294029          F 
510410                          6                   0.0001000           43                  9.47                4.54                4.56                797333.00           7                   0.42                16.61               16.62               35497.00            -9.775286           -54.617359          F 
170200                          6                   0.0001000           43                  9.47                4.54                4.56                797333.00           0                   0.10                0                   0                   8567.00             -12.841080          -49.696345          F 
510645                          6                   0.0001000           43                  9.47                4.54                4.56                797333.00           0                   0.032               0                   0                   2676.00             -14.589849          -54.673101          F 
510320                          6                   0.0001000           43                  9.47                4.54                4.56                797333.00           28                  0.39                70.97               71.23               33224.00            -10.622571          -55.468060          F 
421470                          7                   0.8502              10                  1.74                5.76                5.77                87900.00            3                   0.23                13.16               13.17               11542.00            -26.617801          -49.368550          F 
421320                          7                   0.8502              10                  1.74                5.76                5.77                87900.00            0                   0.65                0                   0                   32874.00            -26.728468          -49.173683          F 
421820                          7                   0.8502              10                  1.74                5.76                5.77                87900.00            7                   0.86                8.15                8.16                43484.00            -26.808481          -49.269284          F 
