510325                          1                   0.0001000           4306                91.95               46.83               78.50               2800707.00          21                  1.35                15.56               15.59               41117.00            -9.292283           -60.305531          F 
510140                          1                   0.0001000           4306                91.95               46.83               78.50               2800707.00          4                   0.76                5.28                5.28                23067.00            -10.187963          -59.839297          F 
510757                          1                   0.0001000           4306                91.95               46.83               78.50               2800707.00          1                   0.13                7.49                7.49                4069.00             -10.463060          -61.010088          F 
510337                          1                   0.0001000           4306                91.95               46.83               78.50               2800707.00          0                   0.68                0                   0                   20717.00            -9.536841           -58.677801          F 
110175                          1                   0.0001000           4306                91.95               46.83               78.50               2800707.00          16                  0.38                42.21               42.27               11545.00            -9.732685           -61.939355          F 
110013                          1                   0.0001000           4306                91.95               46.83               78.50               2800707.00          154                 1.37                112.42              114.07              41724.00            -9.204070           -62.010294          F 
130014                          1                   0.0001000           4306                91.95               46.83               78.50               2800707.00          18                  0.75                24.11               24.15               22739.00            -7.759871           -59.431439          F 
110012                          1                   0.0001000           4306                91.95               46.83               78.50               2800707.00          46                  4.30                10.69               10.74               131026.00           -10.462197          -61.757091          F 
510517                          1                   0.0001000           4306                91.95               46.83               78.50               2800707.00          0                   0.55                0                   0                   16811.00            -10.359620          -58.592177          F 
110180                          1                   0.0001000           4306                91.95               46.83               78.50               2800707.00          1                   0.21                4.69                4.69                6490.00             -10.384134          -62.093876          F 
110009                          1                   0.0001000           4306                91.95               46.83               78.50               2800707.00          5                   1.08                4.61                4.62                33009.00            -11.351368          -60.784721          F 
110160                          1                   0.0001000           4306                91.95               46.83               78.50               2800707.00          16                  0.34                47.09               47.16               10348.00            -10.121814          -62.342289          F 
110094                          1                   0.0001000           4306                91.95               46.83               78.50               2800707.00          12                  0.89                13.47               13.49               27131.00            -9.170974           -62.565037          F 
110120                          1                   0.0001000           4306                91.95               46.83               78.50               2800707.00          1                   0.31                3.22                3.22                9461.00             -11.160345          -61.568926          F 
110004                          1                   0.0001000           4306                91.95               46.83               78.50               2800707.00          41                  2.84                14.45               14.50               86416.00            -11.301237          -61.324689          F 
510615                          1                   0.0001000           4306                91.95               46.83               78.50               2800707.00          3                   0.53                5.69                5.69                16052.00            -9.768714           -58.076318          F 
110015                          1                   0.0001000           4306                91.95               46.83               78.50               2800707.00          21                  1.16                18.05               18.08               35445.00            -10.610539          -62.172424          F 
510285                          1                   0.0001000           4306                91.95               46.83               78.50               2800707.00          0                   0.29                0                   0                   8782.00             -10.955815          -58.604328          F 
110025                          1                   0.0001000           4306                91.95               46.83               78.50               2800707.00          6                   0.60                10.06               10.07               18165.00            -11.166190          -61.877898          F 
510515                          1                   0.0001000           4306                91.95               46.83               78.50               2800707.00          0                   1.35                0                   0                   41190.00            -11.533422          -59.327120          F 
130330                          1                   0.0001000           4306                91.95               46.83               78.50               2800707.00          3                   0.87                3.46                3.46                26443.00            -6.825051           -60.477192          F 
110026                          1                   0.0001000           4306                91.95               46.83               78.50               2800707.00          4                   0.13                31.70               31.71               3843.00             -9.645106           -62.790311          F 
510080                          1                   0.0001000           4306                91.95               46.83               78.50               2800707.00          2                   0.34                5.84                5.84                10431.00            -8.753341           -57.827599          F 
110155                          1                   0.0001000           4306                91.95               46.83               78.50               2800707.00          0                   0.14                0                   0                   4160.00             -10.943464          -62.279708          F 
110011                          1                   0.0001000           4306                91.95               46.83               78.50               2800707.00          53                  1.69                31.36               31.52               51469.00            -10.592446          -62.584788          F 
110018                          1                   0.0001000           4306                91.95               46.83               78.50               2800707.00          8                   1.22                6.57                6.57                37098.00            -11.894543          -60.830315          F 
110090                          1                   0.0001000           4306                91.95               46.83               78.50               2800707.00          0                   0.096               0                   0                   2923.00             -11.470879          -61.879911          F 
110002                          1                   0.0001000           4306                91.95               46.83               78.50               2800707.00          287                 3.65                78.65               80.82               111148.00           -9.951979           -62.957373          F 
110110                          1                   0.0001000           4306                91.95               46.83               78.50               2800707.00          11                  0.36                30.97               31.00               10819.00            -9.170195           -63.044988          F 
110143                          1                   0.0001000           4306                91.95               46.83               78.50               2800707.00          1                   0.22                4.46                4.47                6822.00             -10.889526          -62.532438          F 
110170                          1                   0.0001000           4306                91.95               46.83               78.50               2800707.00          6                   0.36                16.49               16.50               11081.00            -11.103908          -62.424021          F 
110147                          1                   0.0001000           4306                91.95               46.83               78.50               2800707.00          0                   0.089               0                   0                   2697.00             -11.878589          -61.315189          F 
110030                          1                   0.0001000           4306                91.95               46.83               78.50               2800707.00          41                  3.43                11.95               11.99               104517.00           -12.087986          -60.252451          F 
110028                          1                   0.0001000           4306                91.95               46.83               78.50               2800707.00          13                  1.83                7.10                7.11                55748.00            -11.732560          -61.771453          F 
110060                          1                   0.0001000           4306                91.95               46.83               78.50               2800707.00          4                   0.21                19.32               19.32               6307.00             -10.331685          -62.987180          F 
110148                          1                   0.0001000           4306                91.95               46.83               78.50               2800707.00          0                   0.16                0                   0                   4962.00             -11.904682          -61.467066          F 
130170                          1                   0.0001000           4306                91.95               46.83               78.50               2800707.00          40                  1.88                21.30               21.38               57195.00            -7.362897           -62.485394          F 
110014                          1                   0.0001000           4306                91.95               46.83               78.50               2800707.00          5                   0.67                7.43                7.43                20504.00            -11.564334          -62.233031          F 
110050                          1                   0.0001000           4306                91.95               46.83               78.50               2800707.00          0                   0.27                0                   0                   8125.00             -11.681047          -62.083187          F 
110034                          1                   0.0001000           4306                91.95               46.83               78.50               2800707.00          0                   0.45                0                   0                   13807.00            -11.311455          -62.544783          F 
110080                          1                   0.0001000           4306                91.95               46.83               78.50               2800707.00          19                  0.92                20.62               20.65               28068.00            -8.887011           -63.325581          F 
130270                          1                   0.0001000           4306                91.95               46.83               78.50               2800707.00          7                   1.88                3.71                3.72                57405.00            -6.459804           -61.446481          F 
110029                          1                   0.0001000           4306                91.95               46.83               78.50               2800707.00          0                   0.20                0                   0                   5942.00             -12.027061          -61.700877          F 
110040                          1                   0.0001000           4306                91.95               46.83               78.50               2800707.00          13                  0.73                17.79               17.81               22258.00            -9.649274           -63.394283          F 
110130                          1                   0.0001000           4306                91.95               46.83               78.50               2800707.00          1                   0.35                2.85                2.85                10691.00            -11.076985          -62.848279          F 
510895                          1                   0.0001000           4306                91.95               46.83               78.50               2800707.00          0                   0.31                0                   0                   9375.00             -9.964637           -57.251389          F 
110140                          1                   0.0001000           4306                91.95               46.83               78.50               2800707.00          15                  0.53                28.28               28.31               16158.00            -10.210793          -63.372281          F 
110145                          1                   0.0001000           4306                91.95               46.83               78.50               2800707.00          0                   0.21                0                   0                   6319.00             -12.262291          -61.415241          F 
510510                          1                   0.0001000           4306                91.95               46.83               78.50               2800707.00          0                   1.16                0                   0                   35275.00            -11.021025          -57.612138          F 
110100                          1                   0.0001000           4306                91.95               46.83               78.50               2800707.00          0                   0.23                0                   0                   7130.00             -10.748055          -63.183884          F 
110092                          1                   0.0001000           4306                91.95               46.83               78.50               2800707.00          4                   0.39                10.36               10.37               11755.00            -12.537404          -60.898400          F 
110032                          1                   0.0001000           4306                91.95               46.83               78.50               2800707.00          7                   0.76                9.21                9.22                23147.00            -11.628169          -62.941940          F 
150375                          1                   0.0001000           4306                91.95               46.83               78.50               2800707.00          873                 0.23                3824.79             4170.25             6952.00             -7.445178           -57.302829          F 
510629                          1                   0.0001000           4306                91.95               46.83               78.50               2800707.00          0                   0.37                0                   0                   11291.00            -9.593078           -56.684722          F 
510627                          1                   0.0001000           4306                91.95               46.83               78.50               2800707.00          0                   0.13                0                   0                   4069.00             -11.386567          -57.308941          F 
110070                          1                   0.0001000           4306                91.95               46.83               78.50               2800707.00          13                  0.47                27.51               27.55               14391.00            -10.485091          -63.799446          F 
110037                          1                   0.0001000           4306                91.95               46.83               78.50               2800707.00          3                   0.44                6.89                6.89                13268.00            -12.593622          -61.880777          F 
110045                          1                   0.0001000           4306                91.95               46.83               78.50               2800707.00          35                  1.35                25.97               26.06               41043.00            -10.052159          -63.941154          F 
110007                          1                   0.0001000           4306                91.95               46.83               78.50               2800707.00          1                   0.23                4.32                4.32                7052.00             -12.926666          -61.091715          F 
110001                          1                   0.0001000           4306                91.95               46.83               78.50               2800707.00          3                   0.74                4.06                4.06                22516.00            -12.470071          -62.274560          F 
110150                          1                   0.0001000           4306                91.95               46.83               78.50               2800707.00          2                   0.39                5.14                5.14                11846.00            -11.807291          -63.230667          F 
510190                          1                   0.0001000           4306                91.95               46.83               78.50               2800707.00          2                   0.68                2.96                2.96                20571.00            -12.425468          -57.995502          F 
110006                          1                   0.0001000           4306                91.95               46.83               78.50               2800707.00          1                   0.50                2.00                2.00                15213.00            -13.159213          -60.550197          F 
510330                          1                   0.0001000           4306                91.95               46.83               78.50               2800707.00          1                   0.70                1.43                1.43                21249.00            -13.189673          -59.752227          F 
110020                          1                   0.0001000           4306                91.95               46.83               78.50               2800707.00          1432                18.02               79.45               91.79               548952.00           -9.153039           -64.305489          F 
510025                          1                   0.0001000           4306                91.95               46.83               78.50               2800707.00          7                   1.71                4.09                4.09                52105.00            -10.054593          -56.366407          F 
110005                          1                   0.0001000           4306                91.95               46.83               78.50               2800707.00          2                   0.53                3.79                3.79                16088.00            -13.203669          -61.260843          F 
110146                          1                   0.0001000           4306                91.95               46.83               78.50               2800707.00          0                   0.070               0                   0                   2127.00             -13.173850          -61.545322          F 
110149                          1                   0.0001000           4306                91.95               46.83               78.50               2800707.00          9                   0.69                13.00               13.01               21088.00            -12.368674          -63.122203          F 
510787                          1                   0.0001000           4306                91.95               46.83               78.50               2800707.00          0                   0.90                0                   0                   27485.00            -13.152251          -58.653484          F 
110003                          1                   0.0001000           4306                91.95               46.83               78.50               2800707.00          0                   0.17                0                   0                   5067.00             -13.474873          -60.639653          F 
130090                          1                   0.0001000           4306                91.95               46.83               78.50               2800707.00          49                  0.52                93.39               93.82               15981.00            -7.403346           -64.096665          F 
510794                          1                   0.0001000           4306                91.95               46.83               78.50               2800707.00          0                   0.31                0                   0                   9357.00             -11.212222          -56.489854          F 
510680                          1                   0.0001000           4306                91.95               46.83               78.50               2800707.00          0                   0.18                0                   0                   5344.00             -11.731217          -56.747467          F 
110033                          1                   0.0001000           4306                91.95               46.83               78.50               2800707.00          8                   1.06                7.57                7.58                32184.00            -10.382239          -64.629270          F 
130080                          1                   0.0001000           4306                91.95               46.83               78.50               2800707.00          0                   1.39                0                   0                   42328.00            -4.957034           -59.534428          F 
510268                          1                   0.0001000           4306                91.95               46.83               78.50               2800707.00          2                   0.24                8.41                8.41                7245.00             -13.578425          -59.192168          F 
510621                          1                   0.0001000           4306                91.95               46.83               78.50               2800707.00          0                   0.42                0                   0                   12876.00            -10.700456          -56.042463          F 
510279                          1                   0.0001000           4306                91.95               46.83               78.50               2800707.00          0                   0.33                0                   0                   10094.00            -10.104998          -55.830530          F 
510454                          1                   0.0001000           4306                91.95               46.83               78.50               2800707.00          0                   0.23                0                   0                   7030.00             -12.141644          -56.750553          F 
510890                          1                   0.0001000           4306                91.95               46.83               78.50               2800707.00          0                   0.30                0                   0                   9056.00             -12.786325          -57.219962          F 
110010                          1                   0.0001000           4306                91.95               46.83               78.50               2800707.00          10                  1.54                6.49                6.50                46930.00            -11.305773          -64.537463          F 
110008                          1                   0.0001000           4306                91.95               46.83               78.50               2800707.00          3                   0.63                4.75                4.75                19255.00            -12.147321          -64.058780          F 
150503                          1                   0.0001000           4306                91.95               46.83               78.50               2800707.00          16                  0.85                18.91               18.94               25769.00            -8.062463           -55.612052          F 
130290                          1                   0.0001000           4306                91.95               46.83               78.50               2800707.00          463                 2.17                213.15              222.91              66159.00            -4.984990           -58.060916          F 
510626                          1                   0.0001000           4306                91.95               46.83               78.50               2800707.00          6                   0.31                19.15               19.16               9545.00             -9.752651           -55.402225          F 
130063                          1                   0.0001000           4306                91.95               46.83               78.50               2800707.00          0                   0.67                0                   0                   20503.00            -4.603475           -61.787364          F 
510320                          1                   0.0001000           4306                91.95               46.83               78.50               2800707.00          0                   1.11                0                   0                   33855.00            -10.622571          -55.468060          F 
510800                          1                   0.0001000           4306                91.95               46.83               78.50               2800707.00          0                   0.47                0                   0                   14380.00            -12.570964          -56.531900          F 
510263                          1                   0.0001000           4306                91.95               46.83               78.50               2800707.00          2                   1.21                1.65                1.65                36917.00            -13.689561          -57.932077          F 
510452                          1                   0.0001000           4306                91.95               46.83               78.50               2800707.00          0                   0.27                0                   0                   8182.00             -12.014634          -56.055922          F 
510455                          1                   0.0001000           4306                91.95               46.83               78.50               2800707.00          0                   0.12                0                   0                   3609.00             -11.106900          -55.585363          F 
510880                          1                   0.0001000           4306                91.95               46.83               78.50               2800707.00          0                   0.14                0                   0                   4407.00             -10.288990          -55.336868          F 
510618                          1                   0.0001000           4306                91.95               46.83               78.50               2800707.00          0                   0.23                0                   0                   6861.00             -14.301166          -59.771479          F 
150360                          1                   0.0001000           4306                91.95               46.83               78.50               2800707.00          453                 3.33                135.88              141.94              101541.00           -5.871333           -56.496545          F 
160027                          2                   0.0001000           277                 1.72                161.31              165.64              52302.00            277                 1.72                161.31              165.64              52302.00            1.096940            -53.306000          F 
210095                          3                   0.0001000           302                 34.14               8.85                9.08                1039741.00          14                  1.08                12.99               13.01               32825.00            -5.060040           -45.954318          F 
210535                          3                   0.0001000           302                 34.14               8.85                9.08                1039741.00          0                   0.53                0                   0                   16158.00            -5.145868           -45.640663          F 
210547                          3                   0.0001000           302                 34.14               8.85                9.08                1039741.00          1                   0.56                1.78                1.78                17123.00            -5.390799           -45.575691          F 
210635                          3                   0.0001000           302                 34.14               8.85                9.08                1039741.00          6                   0.25                23.56               23.57               7757.00             -4.736924           -45.558563          F 
210596                          3                   0.0001000           302                 34.14               8.85                9.08                1039741.00          0                   0.38                0                   0                   11534.00            -4.929942           -45.400875          F 
210060                          3                   0.0001000           302                 34.14               8.85                9.08                1039741.00          20                  1.38                14.50               14.52               42017.00            -5.285725           -46.573078          F 
210232                          3                   0.0001000           302                 34.14               8.85                9.08                1039741.00          19                  2.42                7.86                7.88                73595.00            -4.493661           -46.342388          F 
211000                          3                   0.0001000           302                 34.14               8.85                9.08                1039741.00          33                  2.40                13.75               13.79               73105.00            -4.325910           -45.885268          F 
210480                          3                   0.0001000           302                 34.14               8.85                9.08                1039741.00          10                  2.32                4.31                4.31                70692.00            -5.823099           -46.054675          F 
210215                          3                   0.0001000           302                 34.14               8.85                9.08                1039741.00          6                   0.29                20.67               20.68               8841.00             -4.369485           -45.549445          F 
210810                          3                   0.0001000           302                 34.14               8.85                9.08                1039741.00          14                  0.69                20.22               20.24               21092.00            -4.519491           -45.361569          F 
210570                          3                   0.0001000           302                 34.14               8.85                9.08                1039741.00          38                  1.67                22.71               22.79               50959.00            -4.753793           -45.182696          F 
211163                          3                   0.0001000           302                 34.14               8.85                9.08                1039741.00          0                   0.17                0                   0                   5028.00             -5.089357           -45.098580          F 
210203                          3                   0.0001000           302                 34.14               8.85                9.08                1039741.00          3                   1.15                2.60                2.60                35095.00            -4.600704           -46.688724          F 
211167                          3                   0.0001000           302                 34.14               8.85                9.08                1039741.00          1                   0.23                4.44                4.44                6856.00             -5.019124           -45.034339          F 
210160                          3                   0.0001000           302                 34.14               8.85                9.08                1039741.00          21                  2.92                7.20                7.21                88895.00            -5.655902           -45.251440          F 
210040                          3                   0.0001000           302                 34.14               8.85                9.08                1039741.00          0                   0.27                0                   0                   8250.00             -4.168960           -45.503735          F 
211300                          3                   0.0001000           302                 34.14               8.85                9.08                1039741.00          10                  1.03                9.66                9.67                31520.00            -4.243861           -45.312642          F 
210400                          3                   0.0001000           302                 34.14               8.85                9.08                1039741.00          2                   0.56                3.59                3.59                16971.00            -4.896161           -44.890840          F 
210580                          3                   0.0001000           302                 34.14               8.85                9.08                1039741.00          0                   0.36                0                   0                   10900.00            -4.541277           -44.981108          F 
210594                          3                   0.0001000           302                 34.14               8.85                9.08                1039741.00          0                   0.29                0                   0                   8841.00             -4.605936           -44.939917          F 
210890                          3                   0.0001000           302                 34.14               8.85                9.08                1039741.00          4                   0.57                7.03                7.04                17321.00            -4.773262           -44.832049          F 
210207                          3                   0.0001000           302                 34.14               8.85                9.08                1039741.00          0                   0.54                0                   0                   16578.00            -4.346562           -45.020966          F 
211176                          3                   0.0001000           302                 34.14               8.85                9.08                1039741.00          0                   0.46                0                   0                   13981.00            -5.325134           -47.107834          F 
210047                          3                   0.0001000           302                 34.14               8.85                9.08                1039741.00          15                  1.05                14.29               14.31               31967.00            -3.880456           -46.007745          F 
210235                          3                   0.0001000           302                 34.14               8.85                9.08                1039741.00          0                   0.51                0                   0                   15503.00            -5.518122           -47.061504          F 
210560                          3                   0.0001000           302                 34.14               8.85                9.08                1039741.00          17                  0.53                31.91               31.96               16228.00            -5.013724           -44.756650          F 
210520                          3                   0.0001000           302                 34.14               8.85                9.08                1039741.00          0                   0.38                0                   0                   11453.00            -4.585927           -44.819584          F 
210550                          3                   0.0001000           302                 34.14               8.85                9.08                1039741.00          0                   0.78                0                   0                   23677.00            -5.227371           -47.182857          F 
210200                          3                   0.0001000           302                 34.14               8.85                9.08                1039741.00          16                  1.38                11.60               11.62               42010.00            -3.900294           -46.418166          F 
210740                          3                   0.0001000           302                 34.14               8.85                9.08                1039741.00          2                   0.64                3.11                3.11                19616.00            -4.094537           -45.120265          F 
210990                          3                   0.0001000           302                 34.14               8.85                9.08                1039741.00          29                  2.95                9.82                9.85                89927.00            -3.871839           -45.434294          F 
210193                          3                   0.0001000           302                 34.14               8.85                9.08                1039741.00          1                   0.20                4.99                4.99                6102.00             -4.675717           -44.690475          F 
211172                          3                   0.0001000           302                 34.14               8.85                9.08                1039741.00          1                   0.47                2.13                2.13                14274.00            -3.938769           -45.259330          F 
211180                          3                   0.0001000           302                 34.14               8.85                9.08                1039741.00          3                   0.60                5.01                5.01                18237.00            -6.227861           -46.595645          F 
211230                          3                   0.0001000           302                 34.14               8.85                9.08                1039741.00          13                  1.39                9.37                9.38                42242.00            -5.605333           -44.725202          F 
210700                          3                   0.0001000           302                 34.14               8.85                9.08                1039741.00          1                   0.30                3.36                3.36                9064.00             -5.858256           -47.041181          F 
211227                          3                   0.0001000           302                 34.14               8.85                9.08                1039741.00          1                   0.19                5.19                5.19                5868.00             -3.757538           -45.581194          F 
211125                          3                   0.0001000           302                 34.14               8.85                9.08                1039741.00          1                   0.25                3.99                3.99                7639.00             -5.038681           -44.569784          F 
210637                          4                   0.0001000           114                 12.96               8.80                8.88                474725.00           2                   0.46                4.37                4.37                16754.00            -2.452057           -45.988295          F 
210315                          4                   0.0001000           114                 12.96               8.80                8.88                474725.00           1                   0.38                2.64                2.64                13876.00            -2.367505           -46.128105          F 
211003                          4                   0.0001000           114                 12.96               8.80                8.88                474725.00           10                  0.70                14.37               14.38               25487.00            -2.539736           -45.792268          F 
210923                          4                   0.0001000           114                 12.96               8.80                8.88                474725.00           2                   0.19                10.28               10.29               7124.00             -2.318820           -45.773469          F 
210467                          4                   0.0001000           114                 12.96               8.80                8.88                474725.00           4                   0.70                5.75                5.75                25502.00            -2.061555           -45.818133          F 
210735                          4                   0.0001000           114                 12.96               8.80                8.88                474725.00           4                   0.58                6.90                6.90                21228.00            -2.896221           -45.955324          F 
210632                          4                   0.0001000           114                 12.96               8.80                8.88                474725.00           5                   0.59                8.41                8.42                21773.00            -1.982063           -45.992607          F 
210565                          4                   0.0001000           114                 12.96               8.80                8.88                474725.00           0                   0.12                0                   0                   4334.00             -1.917746           -46.115749          F 
210980                          4                   0.0001000           114                 12.96               8.80                8.88                474725.00           10                  1.17                8.55                8.56                42829.00            -2.426092           -45.383311          F 
211245                          4                   0.0001000           114                 12.96               8.80                8.88                474725.00           0                   0.71                0                   0                   26112.00            -2.159310           -45.437701          F 
210927                          4                   0.0001000           114                 12.96               8.80                8.88                474725.00           0                   0.52                0                   0                   19217.00            -2.586560           -45.361129          F 
150195                          4                   0.0001000           114                 12.96               8.80                8.88                474725.00           4                   0.96                4.15                4.15                35307.00            -1.991029           -46.439673          F 
210087                          4                   0.0001000           114                 12.96               8.80                8.88                474725.00           2                   0.43                4.67                4.67                15675.00            -3.079638           -45.787376          F 
210197                          4                   0.0001000           114                 12.96               8.80                8.88                474725.00           0                   0.23                0                   0                   8494.00             -1.762813           -46.178716          F 
210825                          4                   0.0001000           114                 12.96               8.80                8.88                474725.00           9                   0.70                12.90               12.91               25560.00            -2.989105           -45.429993          F 
210055                          4                   0.0001000           114                 12.96               8.80                8.88                474725.00           0                   0.19                0                   0                   7047.00             -1.673095           -45.948022          F 
211400                          4                   0.0001000           114                 12.96               8.80                8.88                474725.00           24                  1.42                16.84               16.88               52190.00            -3.275512           -45.968477          F 
210317                          4                   0.0001000           114                 12.96               8.80                8.88                474725.00           7                   0.60                11.63               11.63               22056.00            -3.086137           -46.538028          F 
210860                          4                   0.0001000           114                 12.96               8.80                8.88                474725.00           30                  2.30                13.06               13.09               84160.00            -2.504333           -45.132674          F 
510269                          5                   0.0001000           43                  6.08                7.07                7.10                222719.00           0                   0.13                0                   0                   4711.00             -11.201057          -51.823179          F 
510785                          5                   0.0001000           43                  6.08                7.07                7.10                222719.00           0                   0.33                0                   0                   11934.00            -11.452949          -51.961623          F 
510677                          5                   0.0001000           43                  6.08                7.07                7.10                222719.00           0                   0.35                0                   0                   12849.00            -10.825476          -51.712660          F 
510035                          5                   0.0001000           43                  6.08                7.07                7.10                222719.00           0                   0.19                0                   0                   7092.00             -11.810796          -51.749943          F 
510335                          5                   0.0001000           43                  6.08                7.07                7.10                222719.00           0                   0.88                0                   0                   32076.00            -10.403493          -51.698039          F 
510530                          5                   0.0001000           43                  6.08                7.07                7.10                222719.00           0                   0.056               0                   0                   2036.00             -11.007852          -50.935617          F 
510735                          5                   0.0001000           43                  6.08                7.07                7.10                222719.00           0                   0.15                0                   0                   5646.00             -10.696430          -52.616401          F 
510788                          5                   0.0001000           43                  6.08                7.07                7.10                222719.00           0                   0.047               0                   0                   1705.00             -12.022095          -51.362144          F 
510185                          5                   0.0001000           43                  6.08                7.07                7.10                222719.00           0                   0.19                0                   0                   6830.00             -12.216986          -51.739360          F 
510860                          5                   0.0001000           43                  6.08                7.07                7.10                222719.00           2                   0.74                2.72                2.72                26946.00            -9.980623           -51.404814          F 
510706                          5                   0.0001000           43                  6.08                7.07                7.10                222719.00           0                   0.50                0                   0                   18386.00            -12.161387          -52.742100          F 
510777                          5                   0.0001000           43                  6.08                7.07                7.10                222719.00           0                   0.23                0                   0                   8547.00             -10.332303          -50.792279          F 
510774                          5                   0.0001000           43                  6.08                7.07                7.10                222719.00           0                   0.074               0                   0                   2700.00             -10.064857          -52.541103          F 
510631                          5                   0.0001000           43                  6.08                7.07                7.10                222719.00           0                   0.076               0                   0                   2769.00             -12.316068          -50.888796          F 
171190                          5                   0.0001000           43                  6.08                7.07                7.10                222719.00           0                   0.38                0                   0                   13989.00            -11.035890          -50.160454          F 
510718                          5                   0.0001000           43                  6.08                7.07                7.10                222719.00           0                   0.29                0                   0                   10450.00            -12.874322          -51.567902          F 
170820                          5                   0.0001000           43                  6.08                7.07                7.10                222719.00           0                   0.50                0                   0                   18358.00            -11.959003          -50.097998          F 
510642                          5                   0.0001000           43                  6.08                7.07                7.10                222719.00           41                  0.97                42.07               42.23               35695.00            -10.147782          -53.587442          F 
150780                          6                   0.008300            142                 86.21               1.65                1.66                3157890.00          1                   0.31                3.24                3.24                11305.00            -4.171559           -51.773388          F 
150085                          6                   0.008300            142                 86.21               1.65                1.66                3157890.00          2                   0.80                2.50                2.50                29312.00            -3.997294           -51.301209          F 
150835                          6                   0.008300            142                 86.21               1.65                1.66                3157890.00          0                   0.42                0                   0                   15421.00            -3.141047           -51.973342          F 
150548                          6                   0.008300            142                 86.21               1.65                1.66                3157890.00          0                   1.34                0                   0                   49110.00            -3.684058           -50.631545          F 
150172                          6                   0.008300            142                 86.21               1.65                1.66                3157890.00          1                   0.41                2.46                2.46                14883.00            -3.292151           -52.685423          F 
150506                          6                   0.008300            142                 86.21               1.65                1.66                3157890.00          2                   2.14                0.93                0.93                78488.00            -4.502833           -50.271560          F 
150445                          6                   0.008300            142                 86.21               1.65                1.66                3157890.00          1                   0.88                1.13                1.13                32347.00            -3.160218           -53.194916          F 
150580                          6                   0.008300            142                 86.21               1.65                1.66                3157890.00          4                   1.74                2.30                2.30                63831.00            -2.565541           -50.955536          F 
150810                          6                   0.008300            142                 86.21               1.65                1.66                3157890.00          4                   3.18                1.26                1.26                116605.00           -3.855790           -49.820813          F 
150815                          6                   0.008300            142                 86.21               1.65                1.66                3157890.00          4                   1.24                3.23                3.23                45395.00            -3.583648           -53.807296          F 
150370                          6                   0.008300            142                 86.21               1.65                1.66                3157890.00          0                   1.46                0                   0                   53439.00            -5.114819           -49.869663          F 
150590                          6                   0.008300            142                 86.21               1.65                1.66                3157890.00          0                   1.16                0                   0                   42456.00            -2.184494           -52.547960          F 
150420                          6                   0.008300            142                 86.21               1.65                1.66                3157890.00          1                   7.85                0.13                0.13                287664.00           -5.629796           -50.017016          F 
150120                          6                   0.008300            142                 86.21               1.65                1.66                3157890.00          0                   1.35                0                   0                   49454.00            -3.129242           -49.698861          F 
150553                          6                   0.008300            142                 86.21               1.65                1.66                3157890.00          2                   5.97                0.33                0.33                218787.00           -6.155342           -50.496123          F 
150110                          6                   0.008300            142                 86.21               1.65                1.66                3157890.00          0                   0.87                0                   0                   31967.00            -2.372794           -50.181886          F 
150178                          6                   0.008300            142                 86.21               1.65                1.66                3157890.00          0                   1.87                0                   0                   68597.00            -3.733432           -49.370902          F 
150380                          6                   0.008300            142                 86.21               1.65                1.66                3157890.00          2                   1.65                1.21                1.21                60517.00            -4.598468           -49.181178          F 
150450                          6                   0.008300            142                 86.21               1.65                1.66                3157890.00          0                   0.77                0                   0                   28121.00            -1.607856           -51.104066          F 
150520                          6                   0.008300            142                 86.21               1.65                1.66                3157890.00          0                   0.91                0                   0                   33182.00            -2.278960           -49.902322          F 
150497                          6                   0.008300            142                 86.21               1.65                1.66                3157890.00          0                   0.46                0                   0                   17027.00            -4.980996           -49.230674          F 
150808                          6                   0.008300            142                 86.21               1.65                1.66                3157890.00          2                   1.11                1.80                1.80                40661.00            -6.820174           -51.391396          F 
150565                          6                   0.008300            142                 86.21               1.65                1.66                3157890.00          0                   0.88                0                   0                   32325.00            -3.889977           -54.500599          F 
150309                          6                   0.008300            142                 86.21               1.65                1.66                3157890.00          0                   1.14                0                   0                   41678.00            -4.027408           -49.005681          F 
150600                          6                   0.008300            142                 86.21               1.65                1.66                3157890.00          0                   0.81                0                   0                   29827.00            -2.120276           -53.660235          F 
150460                          6                   0.008300            142                 86.21               1.65                1.66                3157890.00          0                   0.87                0                   0                   31917.00            -2.576520           -49.465753          F 
150215                          6                   0.008300            142                 86.21               1.65                1.66                3157890.00          3                   1.07                2.81                2.81                39103.00            -6.424110           -50.085921          F 
150034                          6                   0.008300            142                 86.21               1.65                1.66                3157890.00          1                   0.76                1.32                1.32                27797.00            -6.773035           -50.430070          F 
150210                          6                   0.008300            142                 86.21               1.65                1.66                3157890.00          0                   3.84                0                   0                   140814.00           -2.253113           -49.513615          F 
150277                          6                   0.008300            142                 86.21               1.65                1.66                3157890.00          0                   0.48                0                   0                   17764.00            -6.229166           -49.624553          F 
150310                          6                   0.008300            142                 86.21               1.65                1.66                3157890.00          1                   0.93                1.07                1.07                34127.00            -1.151921           -51.555276          F 
150470                          6                   0.008300            142                 86.21               1.65                1.66                3157890.00          1                   2.30                0.43                0.43                84251.00            -2.683914           -49.073983          F 
150730                          6                   0.008300            142                 86.21               1.65                1.66                3157890.00          2                   3.71                0.54                0.54                135732.00           -7.233186           -52.252675          F 
150157                          6                   0.008300            142                 86.21               1.65                1.66                3157890.00          0                   0.47                0                   0                   17254.00            -5.054285           -48.763593          F 
150060                          6                   0.008300            142                 86.21               1.65                1.66                3157890.00          4                   3.20                1.25                1.25                117320.00           -6.486303           -53.886671          F 
150280                          6                   0.008300            142                 86.21               1.65                1.66                3157890.00          1                   0.97                1.03                1.03                35530.00            -1.583580           -49.988115          F 
150295                          6                   0.008300            142                 86.21               1.65                1.66                3157890.00          0                   0.93                0                   0                   34069.00            -6.069488           -49.245444          F 
160080                          6                   0.008300            142                 86.21               1.65                1.66                3157890.00          4                   0.45                8.84                8.84                16572.00            -0.997903           -52.061167          F 
150180                          6                   0.008300            142                 86.21               1.65                1.66                3157890.00          2                   2.85                0.70                0.70                104280.00           -1.121333           -50.628584          F 
150400                          6                   0.008300            142                 86.21               1.65                1.66                3157890.00          0                   0.81                0                   0                   29623.00            -1.864288           -49.469256          F 
150795                          6                   0.008300            142                 86.21               1.65                1.66                3157890.00          1                   3.05                0.33                0.33                111554.00           -2.907824           -48.736640          F 
150750                          6                   0.008300            142                 86.21               1.65                1.66                3157890.00          0                   0.39                0                   0                   14105.00            -5.447389           -48.696990          F 
150618                          6                   0.008300            142                 86.21               1.65                1.66                3157890.00          0                   1.45                0                   0                   53242.00            -4.517001           -48.459948          F 
150145                          6                   0.008300            142                 86.21               1.65                1.66                3157890.00          1                   0.49                2.04                2.04                17944.00            -3.191161           -54.992826          F 
150543                          6                   0.008300            142                 86.21               1.65                1.66                3157890.00          2                   0.92                2.17                2.17                33831.00            -7.525492           -51.432537          F 
150715                          6                   0.008300            142                 86.21               1.65                1.66                3157890.00          4                   0.71                5.65                5.65                25945.00            -5.657874           -48.730479          F 
150330                          6                   0.008300            142                 86.21               1.65                1.66                3157890.00          0                   1.73                0                   0                   63367.00            -2.062684           -49.130853          F 
170740                          6                   0.008300            142                 86.21               1.65                1.66                3157890.00          1                   0.31                3.25                3.25                11280.00            -5.326535           -48.540410          F 
150619                          6                   0.008300            142                 86.21               1.65                1.66                3157890.00          8                   1.43                5.58                5.59                52473.00            -4.241022           -55.210827          F 
150013                          6                   0.008300            142                 86.21               1.65                1.66                3157890.00          0                   0.21                0                   0                   7536.00             -4.957467           -48.424677          F 
150770                          6                   0.008300            142                 86.21               1.65                1.66                3157890.00          0                   0.75                0                   0                   27302.00            -1.434046           -49.680194          F 
150775                          6                   0.008300            142                 86.21               1.65                1.66                3157890.00          0                   0.17                0                   0                   6088.00             -6.838854           -49.569799          F 
150840                          6                   0.008300            142                 86.21               1.65                1.66                3157890.00          0                   1.24                0                   0                   45416.00            -6.917853           -49.635135          F 
150125                          6                   0.008300            142                 86.21               1.65                1.66                3157890.00          0                   0.088               0                   0                   3239.00             -7.486340           -50.634226          F 
211153                          6                   0.008300            142                 86.21               1.65                1.66                3157890.00          0                   0.35                0                   0                   12779.00            -5.133802           -48.369497          F 
172030                          6                   0.008300            142                 86.21               1.65                1.66                3157890.00          0                   0.13                0                   0                   4898.00             -5.240695           -48.331520          F 
150680                          6                   0.008300            142                 86.21               1.65                1.66                3157890.00          80                  8.42                9.50                9.57                308339.00           -2.764647           -55.093854          F 
