510325                          1                   0.0001000           3108                70.11               44.33               71.41               2739065.00          2                   0.99                2.03                2.03                38582.00            -9.292283           -60.305531          F 
510140                          1                   0.0001000           3108                70.11               44.33               71.41               2739065.00          2                   0.57                3.50                3.50                22354.00            -10.187963          -59.839297          F 
510757                          1                   0.0001000           3108                70.11               44.33               71.41               2739065.00          0                   0.10                0                   0                   4001.00             -10.463060          -61.010088          F 
510337                          1                   0.0001000           3108                70.11               44.33               71.41               2739065.00          0                   0.51                0                   0                   19750.00            -9.536841           -58.677801          F 
110175                          1                   0.0001000           3108                70.11               44.33               71.41               2739065.00          18                  0.29                62.76               62.90               11204.00            -9.732685           -61.939355          F 
110013                          1                   0.0001000           3108                70.11               44.33               71.41               2739065.00          336                 1.02                328.23              342.43              39991.00            -9.204070           -62.010294          F 
130014                          1                   0.0001000           3108                70.11               44.33               71.41               2739065.00          0                   0.56                0                   0                   21973.00            -7.759871           -59.431439          F 
110012                          1                   0.0001000           3108                70.11               44.33               71.41               2739065.00          34                  3.30                10.30               10.34               128969.00           -10.462197          -61.757091          F 
510517                          1                   0.0001000           3108                70.11               44.33               71.41               2739065.00          0                   0.41                0                   0                   15865.00            -10.359620          -58.592177          F 
110180                          1                   0.0001000           3108                70.11               44.33               71.41               2739065.00          7                   0.17                40.07               40.10               6825.00             -10.384134          -62.093876          F 
110009                          1                   0.0001000           3108                70.11               44.33               71.41               2739065.00          10                  0.83                12.07               12.08               32374.00            -11.351368          -60.784721          F 
110160                          1                   0.0001000           3108                70.11               44.33               71.41               2739065.00          16                  0.27                59.85               59.97               10444.00            -10.121814          -62.342289          F 
110094                          1                   0.0001000           3108                70.11               44.33               71.41               2739065.00          18                  0.65                27.89               27.95               25215.00            -9.170974           -62.565037          F 
110120                          1                   0.0001000           3108                70.11               44.33               71.41               2739065.00          2                   0.25                8.09                8.09                9660.00             -11.160345          -61.568926          F 
110004                          1                   0.0001000           3108                70.11               44.33               71.41               2739065.00          32                  2.18                14.65               14.70               85359.00            -11.301237          -61.324689          F 
510615                          1                   0.0001000           3108                70.11               44.33               71.41               2739065.00          2                   0.39                5.11                5.11                15288.00            -9.768714           -58.076318          F 
110015                          1                   0.0001000           3108                70.11               44.33               71.41               2739065.00          23                  0.92                24.94               25.00               36035.00            -10.610539          -62.172424          F 
510285                          1                   0.0001000           3108                70.11               44.33               71.41               2739065.00          0                   0.22                0                   0                   8729.00             -10.955815          -58.604328          F 
110025                          1                   0.0001000           3108                70.11               44.33               71.41               2739065.00          6                   0.49                12.35               12.35               18986.00            -11.166190          -61.877898          F 
510515                          1                   0.0001000           3108                70.11               44.33               71.41               2739065.00          2                   1.05                1.91                1.91                40997.00            -11.533422          -59.327120          F 
130330                          1                   0.0001000           3108                70.11               44.33               71.41               2739065.00          6                   0.66                9.14                9.15                25644.00            -6.825051           -60.477192          F 
110026                          1                   0.0001000           3108                70.11               44.33               71.41               2739065.00          3                   0.096               31.14               31.15               3764.00             -9.645106           -62.790311          F 
510080                          1                   0.0001000           3108                70.11               44.33               71.41               2739065.00          1                   0.26                3.86                3.86                10133.00            -8.753341           -57.827599          F 
110155                          1                   0.0001000           3108                70.11               44.33               71.41               2739065.00          5                   0.11                45.34               45.37               4308.00             -10.943464          -62.279708          F 
110011                          1                   0.0001000           3108                70.11               44.33               71.41               2739065.00          71                  1.33                53.57               54.04               51775.00            -10.592446          -62.584788          F 
110018                          1                   0.0001000           3108                70.11               44.33               71.41               2739065.00          10                  0.94                10.66               10.67               36660.00            -11.894543          -60.830315          F 
110090                          1                   0.0001000           3108                70.11               44.33               71.41               2739065.00          0                   0.078               0                   0                   3052.00             -11.470879          -61.879911          F 
110002                          1                   0.0001000           3108                70.11               44.33               71.41               2739065.00          101                 2.76                36.58               37.03               107863.00           -9.951979           -62.957373          F 
110110                          1                   0.0001000           3108                70.11               44.33               71.41               2739065.00          3                   0.27                11.21               11.21               10458.00            -9.170195           -63.044988          F 
110143                          1                   0.0001000           3108                70.11               44.33               71.41               2739065.00          5                   0.18                28.02               28.04               6970.00             -10.889526          -62.532438          F 
110170                          1                   0.0001000           3108                70.11               44.33               71.41               2739065.00          0                   0.29                0                   0                   11467.00            -11.103908          -62.424021          F 
110147                          1                   0.0001000           3108                70.11               44.33               71.41               2739065.00          0                   0.073               0                   0                   2856.00             -11.878589          -61.315189          F 
110030                          1                   0.0001000           3108                70.11               44.33               71.41               2739065.00          13                  2.56                5.09                5.09                99854.00            -12.087986          -60.252451          F 
110028                          1                   0.0001000           3108                70.11               44.33               71.41               2739065.00          4                   1.41                2.84                2.84                55058.00            -11.732560          -61.771453          F 
110060                          1                   0.0001000           3108                70.11               44.33               71.41               2739065.00          1                   0.16                6.27                6.27                6230.00             -10.331685          -62.987180          F 
110148                          1                   0.0001000           3108                70.11               44.33               71.41               2739065.00          0                   0.13                0                   0                   5172.00             -11.904682          -61.467066          F 
130170                          1                   0.0001000           3108                70.11               44.33               71.41               2739065.00          33                  1.41                23.41               23.50               55080.00            -7.362897           -62.485394          F 
110014                          1                   0.0001000           3108                70.11               44.33               71.41               2739065.00          8                   0.52                15.26               15.28               20474.00            -11.564334          -62.233031          F 
110050                          1                   0.0001000           3108                70.11               44.33               71.41               2739065.00          2                   0.22                9.15                9.15                8538.00             -11.681047          -62.083187          F 
110034                          1                   0.0001000           3108                70.11               44.33               71.41               2739065.00          0                   0.37                0                   0                   14411.00            -11.311455          -62.544783          F 
110080                          1                   0.0001000           3108                70.11               44.33               71.41               2739065.00          6                   0.68                8.78                8.79                26693.00            -8.887011           -63.325581          F 
130270                          1                   0.0001000           3108                70.11               44.33               71.41               2739065.00          2                   1.43                1.40                1.40                55751.00            -6.459804           -61.446481          F 
110029                          1                   0.0001000           3108                70.11               44.33               71.41               2739065.00          0                   0.17                0                   0                   6495.00             -12.027061          -61.700877          F 
110040                          1                   0.0001000           3108                70.11               44.33               71.41               2739065.00          4                   0.55                7.29                7.30                21428.00            -9.649274           -63.394283          F 
110130                          1                   0.0001000           3108                70.11               44.33               71.41               2739065.00          2                   0.28                7.14                7.14                10947.00            -11.076985          -62.848279          F 
510895                          1                   0.0001000           3108                70.11               44.33               71.41               2739065.00          0                   0.23                0                   0                   9178.00             -9.964637           -57.251389          F 
110140                          1                   0.0001000           3108                70.11               44.33               71.41               2739065.00          14                  0.41                34.50               34.56               15852.00            -10.210793          -63.372281          F 
110145                          1                   0.0001000           3108                70.11               44.33               71.41               2739065.00          0                   0.16                0                   0                   6074.00             -12.262291          -61.415241          F 
510510                          1                   0.0001000           3108                70.11               44.33               71.41               2739065.00          1                   0.90                1.12                1.12                34974.00            -11.021025          -57.612138          F 
110100                          1                   0.0001000           3108                70.11               44.33               71.41               2739065.00          4                   0.20                20.12               20.13               7767.00             -10.748055          -63.183884          F 
110092                          1                   0.0001000           3108                70.11               44.33               71.41               2739065.00          1                   0.29                3.49                3.49                11182.00            -12.537404          -60.898400          F 
110032                          1                   0.0001000           3108                70.11               44.33               71.41               2739065.00          7                   0.59                11.89               11.90               23005.00            -11.628169          -62.941940          F 
150375                          1                   0.0001000           3108                70.11               44.33               71.41               2739065.00          357                 0.21                1692.78             1770.99             8239.00             -7.445178           -57.302829          F 
510629                          1                   0.0001000           3108                70.11               44.33               71.41               2739065.00          0                   0.29                0                   0                   11225.00            -9.593078           -56.684722          F 
510627                          1                   0.0001000           3108                70.11               44.33               71.41               2739065.00          0                   0.10                0                   0                   4004.00             -11.386567          -57.308941          F 
110070                          1                   0.0001000           3108                70.11               44.33               71.41               2739065.00          5                   0.36                13.82               13.82               14139.00            -10.485091          -63.799446          F 
110037                          1                   0.0001000           3108                70.11               44.33               71.41               2739065.00          1                   0.34                2.95                2.95                13241.00            -12.593622          -61.880777          F 
110045                          1                   0.0001000           3108                70.11               44.33               71.41               2739065.00          38                  1.02                37.44               37.61               39654.00            -10.052159          -63.941154          F 
110007                          1                   0.0001000           3108                70.11               44.33               71.41               2739065.00          0                   0.19                0                   0                   7391.00             -12.926666          -61.091715          F 
110001                          1                   0.0001000           3108                70.11               44.33               71.41               2739065.00          2                   0.59                3.41                3.41                22945.00            -12.470071          -62.274560          F 
110150                          1                   0.0001000           3108                70.11               44.33               71.41               2739065.00          1                   0.30                3.30                3.30                11856.00            -11.807291          -63.230667          F 
510190                          1                   0.0001000           3108                70.11               44.33               71.41               2739065.00          1                   0.50                1.98                1.98                19695.00            -12.425468          -57.995502          F 
110006                          1                   0.0001000           3108                70.11               44.33               71.41               2739065.00          3                   0.41                7.38                7.38                15882.00            -13.159213          -60.550197          F 
510330                          1                   0.0001000           3108                70.11               44.33               71.41               2739065.00          1                   0.53                1.88                1.88                20763.00            -13.189673          -59.752227          F 
110020                          1                   0.0001000           3108                70.11               44.33               71.41               2739065.00          1334                13.55               98.42               117.68              529544.00           -9.153039           -64.305489          F 
510025                          1                   0.0001000           3108                70.11               44.33               71.41               2739065.00          4                   1.33                3.02                3.02                51782.00            -10.054593          -56.366407          F 
110005                          1                   0.0001000           3108                70.11               44.33               71.41               2739065.00          1                   0.42                2.39                2.39                16323.00            -13.203669          -61.260843          F 
110146                          1                   0.0001000           3108                70.11               44.33               71.41               2739065.00          0                   0.056               0                   0                   2169.00             -13.173850          -61.545322          F 
110149                          1                   0.0001000           3108                70.11               44.33               71.41               2739065.00          13                  0.52                25.06               25.10               20266.00            -12.368674          -63.122203          F 
510787                          1                   0.0001000           3108                70.11               44.33               71.41               2739065.00          1                   0.66                1.51                1.51                25881.00            -13.152251          -58.653484          F 
110003                          1                   0.0001000           3108                70.11               44.33               71.41               2739065.00          3                   0.14                22.06               22.07               5312.00             -13.474873          -60.639653          F 
130090                          1                   0.0001000           3108                70.11               44.33               71.41               2739065.00          1                   0.40                2.50                2.50                15629.00            -7.403346           -64.096665          F 
510794                          1                   0.0001000           3108                70.11               44.33               71.41               2739065.00          0                   0.24                0                   0                   9489.00             -11.212222          -56.489854          F 
510680                          1                   0.0001000           3108                70.11               44.33               71.41               2739065.00          0                   0.14                0                   0                   5410.00             -11.731217          -56.747467          F 
110033                          1                   0.0001000           3108                70.11               44.33               71.41               2739065.00          5                   0.78                6.39                6.39                30583.00            -10.382239          -64.629270          F 
130080                          1                   0.0001000           3108                70.11               44.33               71.41               2739065.00          0                   1.05                0                   0                   41161.00            -4.957034           -59.534428          F 
510268                          1                   0.0001000           3108                70.11               44.33               71.41               2739065.00          1                   0.18                5.67                5.67                6891.00             -13.578425          -59.192168          F 
510621                          1                   0.0001000           3108                70.11               44.33               71.41               2739065.00          1                   0.33                3.06                3.06                12787.00            -10.700456          -56.042463          F 
510279                          1                   0.0001000           3108                70.11               44.33               71.41               2739065.00          0                   0.26                0                   0                   10305.00            -10.104998          -55.830530          F 
510454                          1                   0.0001000           3108                70.11               44.33               71.41               2739065.00          0                   0.17                0                   0                   6737.00             -12.141644          -56.750553          F 
510890                          1                   0.0001000           3108                70.11               44.33               71.41               2739065.00          0                   0.22                0                   0                   8641.00             -12.786325          -57.219962          F 
110010                          1                   0.0001000           3108                70.11               44.33               71.41               2739065.00          4                   1.18                3.38                3.39                46174.00            -11.305773          -64.537463          F 
110008                          1                   0.0001000           3108                70.11               44.33               71.41               2739065.00          1                   0.47                2.13                2.13                18331.00            -12.147321          -64.058780          F 
150503                          1                   0.0001000           3108                70.11               44.33               71.41               2739065.00          3                   0.66                4.55                4.55                25762.00            -8.062463           -55.612052          F 
130290                          1                   0.0001000           3108                70.11               44.33               71.41               2739065.00          296                 1.64                180.95              187.80              63905.00            -4.984990           -58.060916          F 
510626                          1                   0.0001000           3108                70.11               44.33               71.41               2739065.00          0                   0.23                0                   0                   9178.00             -9.752651           -55.402225          F 
130063                          1                   0.0001000           3108                70.11               44.33               71.41               2739065.00          0                   0.50                0                   0                   19679.00            -4.603475           -61.787364          F 
510320                          1                   0.0001000           3108                70.11               44.33               71.41               2739065.00          1                   0.86                1.17                1.17                33438.00            -10.622571          -55.468060          F 
510800                          1                   0.0001000           3108                70.11               44.33               71.41               2739065.00          0                   0.35                0                   0                   13705.00            -12.570964          -56.531900          F 
510263                          1                   0.0001000           3108                70.11               44.33               71.41               2739065.00          3                   0.91                3.31                3.32                35360.00            -13.689561          -57.932077          F 
510452                          1                   0.0001000           3108                70.11               44.33               71.41               2739065.00          0                   0.20                0                   0                   7667.00             -12.014634          -56.055922          F 
510455                          1                   0.0001000           3108                70.11               44.33               71.41               2739065.00          0                   0.097               0                   0                   3802.00             -11.106900          -55.585363          F 
510880                          1                   0.0001000           3108                70.11               44.33               71.41               2739065.00          0                   0.12                0                   0                   4519.00             -10.288990          -55.336868          F 
510618                          1                   0.0001000           3108                70.11               44.33               71.41               2739065.00          0                   0.17                0                   0                   6640.00             -14.301166          -59.771479          F 
150360                          1                   0.0001000           3108                70.11               44.33               71.41               2739065.00          210                 2.59                81.03               83.17               101247.00           -5.871333           -56.496545          F 
160027                          2                   0.0001000           384                 24.93               15.40               16.12               974066.00           112                 1.29                86.80               88.00               50410.00            1.096940            -53.306000          F 
160015                          2                   0.0001000           384                 24.93               15.40               16.12               974066.00           1                   0.42                2.37                2.37                16502.00            1.157828            -52.523712          F 
150050                          2                   0.0001000           384                 24.93               15.40               16.12               974066.00           2                   0.87                2.29                2.29                34109.00            0.284350            -53.893460          F 
160005                          2                   0.0001000           384                 24.93               15.40               16.12               974066.00           0                   0.14                0                   0                   5397.00             1.649528            -52.270468          F 
160053                          2                   0.0001000           384                 24.93               15.40               16.12               974066.00           3                   0.56                5.33                5.34                21971.00            0.587711            -51.673569          F 
160040                          2                   0.0001000           384                 24.93               15.40               16.12               974066.00           4                   0.55                7.22                7.23                21632.00            -0.0730322          -51.943908          F 
160023                          2                   0.0001000           384                 24.93               15.40               16.12               974066.00           0                   0.20                0                   0                   7780.00             0.958713            -51.419182          F 
160055                          2                   0.0001000           384                 24.93               15.40               16.12               974066.00           0                   0.13                0                   0                   5120.00             1.625299            -51.277065          F 
160060                          2                   0.0001000           384                 24.93               15.40               16.12               974066.00           40                  3.11                12.88               12.93               121364.00           0.128476            -51.379449          F 
160020                          2                   0.0001000           384                 24.93               15.40               16.12               974066.00           0                   0.28                0                   0                   11117.00            2.430849            -51.404322          F 
160070                          2                   0.0001000           384                 24.93               15.40               16.12               974066.00           0                   0.44                0                   0                   17315.00            1.294034            -50.985687          F 
150040                          2                   0.0001000           384                 24.93               15.40               16.12               974066.00           12                  1.45                8.26                8.27                56789.00            -0.536230           -55.069883          F 
160050                          2                   0.0001000           384                 24.93               15.40               16.12               974066.00           5                   0.70                7.16                7.17                27270.00            3.088524            -51.904801          F 
160080                          2                   0.0001000           384                 24.93               15.40               16.12               974066.00           2                   0.41                4.90                4.91                15931.00            -0.997903           -52.061167          F 
150480                          2                   0.0001000           384                 24.93               15.40               16.12               974066.00           6                   1.49                4.04                4.04                58032.00            -1.119762           -54.365806          F 
160030                          2                   0.0001000           384                 24.93               15.40               16.12               974066.00           197                 12.88               15.29               15.65               503327.00           0.554818            -50.700863          F 
211000                          3                   0.0001000           73                  14.41               5.06                5.10                563059.00           10                  1.86                5.38                5.38                72667.00            -4.325910           -45.885268          F 
210215                          3                   0.0001000           73                  14.41               5.06                5.10                563059.00           0                   0.24                0                   0                   9188.00             -4.369485           -45.549445          F 
210040                          3                   0.0001000           73                  14.41               5.06                5.10                563059.00           0                   0.21                0                   0                   8128.00             -4.168960           -45.503735          F 
210047                          3                   0.0001000           73                  14.41               5.06                5.10                563059.00           6                   0.82                7.34                7.35                31919.00            -3.880456           -46.007745          F 
210232                          3                   0.0001000           73                  14.41               5.06                5.10                563059.00           1                   1.85                0.54                0.54                72358.00            -4.493661           -46.342388          F 
210635                          3                   0.0001000           73                  14.41               5.06                5.10                563059.00           0                   0.20                0                   0                   7792.00             -4.736924           -45.558563          F 
210810                          3                   0.0001000           73                  14.41               5.06                5.10                563059.00           6                   0.54                11.14               11.15               21040.00            -4.519491           -45.361569          F 
211300                          3                   0.0001000           73                  14.41               5.06                5.10                563059.00           0                   0.81                0                   0                   31523.00            -4.243861           -45.312642          F 
210990                          3                   0.0001000           73                  14.41               5.06                5.10                563059.00           12                  2.28                5.26                5.27                89044.00            -3.871839           -45.434294          F 
211227                          3                   0.0001000           73                  14.41               5.06                5.10                563059.00           0                   0.15                0                   0                   5840.00             -3.757538           -45.581194          F 
210200                          3                   0.0001000           73                  14.41               5.06                5.10                563059.00           11                  1.07                10.32               10.34               41630.00            -3.900294           -46.418166          F 
211172                          3                   0.0001000           73                  14.41               5.06                5.10                563059.00           0                   0.36                0                   0                   13914.00            -3.938769           -45.259330          F 
210095                          3                   0.0001000           73                  14.41               5.06                5.10                563059.00           2                   0.84                2.39                2.39                32701.00            -5.060040           -45.954318          F 
210596                          3                   0.0001000           73                  14.41               5.06                5.10                563059.00           4                   0.29                13.71               13.72               11394.00            -4.929942           -45.400875          F 
210850                          3                   0.0001000           73                  14.41               5.06                5.10                563059.00           0                   0.84                0                   0                   32941.00            -3.691451           -45.437504          F 
210740                          3                   0.0001000           73                  14.41               5.06                5.10                563059.00           0                   0.50                0                   0                   19505.00            -4.094537           -45.120265          F 
210570                          3                   0.0001000           73                  14.41               5.06                5.10                563059.00           19                  1.29                14.77               14.80               50266.00            -4.753793           -45.182696          F 
210177                          3                   0.0001000           73                  14.41               5.06                5.10                563059.00           2                   0.29                6.97                6.97                11209.00            -3.758452           -45.264977          F 
210637                          4                   0.0001000           50                  11.96               4.18                4.20                467433.00           1                   0.42                2.40                2.40                16265.00            -2.452057           -45.988295          F 
210315                          4                   0.0001000           50                  11.96               4.18                4.20                467433.00           1                   0.34                2.90                2.90                13458.00            -2.367505           -46.128105          F 
211003                          4                   0.0001000           50                  11.96               4.18                4.20                467433.00           3                   0.65                4.64                4.64                25254.00            -2.539736           -45.792268          F 
210923                          4                   0.0001000           50                  11.96               4.18                4.20                467433.00           0                   0.18                0                   0                   7015.00             -2.318820           -45.773469          F 
210467                          4                   0.0001000           50                  11.96               4.18                4.20                467433.00           4                   0.65                6.11                6.11                25577.00            -2.061555           -45.818133          F 
210735                          4                   0.0001000           50                  11.96               4.18                4.20                467433.00           0                   0.54                0                   0                   20928.00            -2.896221           -45.955324          F 
210632                          4                   0.0001000           50                  11.96               4.18                4.20                467433.00           0                   0.55                0                   0                   21395.00            -1.982063           -45.992607          F 
210565                          4                   0.0001000           50                  11.96               4.18                4.20                467433.00           0                   0.088               0                   0                   3432.00             -1.917746           -46.115749          F 
210980                          4                   0.0001000           50                  11.96               4.18                4.20                467433.00           1                   1.08                0.93                0.93                42130.00            -2.426092           -45.383311          F 
211245                          4                   0.0001000           50                  11.96               4.18                4.20                467433.00           0                   0.66                0                   0                   25619.00            -2.159310           -45.437701          F 
210927                          4                   0.0001000           50                  11.96               4.18                4.20                467433.00           1                   0.48                2.07                2.07                18918.00            -2.586560           -45.361129          F 
150195                          4                   0.0001000           50                  11.96               4.18                4.20                467433.00           10                  0.87                11.52               11.54               33900.00            -1.991029           -46.439673          F 
210087                          4                   0.0001000           50                  11.96               4.18                4.20                467433.00           0                   0.39                0                   0                   15426.00            -3.079638           -45.787376          F 
210197                          4                   0.0001000           50                  11.96               4.18                4.20                467433.00           0                   0.24                0                   0                   9287.00             -1.762813           -46.178716          F 
210825                          4                   0.0001000           50                  11.96               4.18                4.20                467433.00           3                   0.64                4.66                4.66                25144.00            -2.989105           -45.429993          F 
210055                          4                   0.0001000           50                  11.96               4.18                4.20                467433.00           0                   0.18                0                   0                   6962.00             -1.673095           -45.948022          F 
211400                          4                   0.0001000           50                  11.96               4.18                4.20                467433.00           4                   1.32                3.02                3.02                51714.00            -3.275512           -45.968477          F 
210317                          4                   0.0001000           50                  11.96               4.18                4.20                467433.00           5                   0.55                9.03                9.04                21622.00            -3.086137           -46.538028          F 
210860                          4                   0.0001000           50                  11.96               4.18                4.20                467433.00           17                  2.13                7.96                7.98                83387.00            -2.504333           -45.132674          F 
210462                          5                   0.0001000           9                   0.100               90.07               90.17               7807.00             9                   0.100               90.07               90.17               7807.00             -5.537002           -44.093332          F 
170740                          6                   0.0001000           7                   0.14                49.74               49.78               10996.00            7                   0.14                49.74               49.78               10996.00            -5.326535           -48.540410          F 
510269                          7                   0.9993              17                  5.55                3.06                3.07                216695.00           0                   0.12                0                   0                   4743.00             -11.201057          -51.823179          F 
510785                          7                   0.9993              17                  5.55                3.06                3.07                216695.00           0                   0.30                0                   0                   11708.00            -11.452949          -51.961623          F 
510677                          7                   0.9993              17                  5.55                3.06                3.07                216695.00           0                   0.32                0                   0                   12517.00            -10.825476          -51.712660          F 
510035                          7                   0.9993              17                  5.55                3.06                3.07                216695.00           0                   0.17                0                   0                   6822.00             -11.810796          -51.749943          F 
510335                          7                   0.9993              17                  5.55                3.06                3.07                216695.00           0                   0.79                0                   0                   30933.00            -10.403493          -51.698039          F 
510530                          7                   0.9993              17                  5.55                3.06                3.07                216695.00           0                   0.053               0                   0                   2077.00             -11.007852          -50.935617          F 
510735                          7                   0.9993              17                  5.55                3.06                3.07                216695.00           0                   0.14                0                   0                   5595.00             -10.696430          -52.616401          F 
510788                          7                   0.9993              17                  5.55                3.06                3.07                216695.00           0                   0.042               0                   0                   1650.00             -12.022095          -51.362144          F 
510185                          7                   0.9993              17                  5.55                3.06                3.07                216695.00           0                   0.17                0                   0                   6580.00             -12.216986          -51.739360          F 
510860                          7                   0.9993              17                  5.55                3.06                3.07                216695.00           0                   0.67                0                   0                   26037.00            -9.980623           -51.404814          F 
510706                          7                   0.9993              17                  5.55                3.06                3.07                216695.00           0                   0.45                0                   0                   17479.00            -12.161387          -52.742100          F 
510777                          7                   0.9993              17                  5.55                3.06                3.07                216695.00           0                   0.21                0                   0                   8371.00             -10.332303          -50.792279          F 
510774                          7                   0.9993              17                  5.55                3.06                3.07                216695.00           0                   0.066               0                   0                   2564.00             -10.064857          -52.541103          F 
510631                          7                   0.9993              17                  5.55                3.06                3.07                216695.00           0                   0.068               0                   0                   2640.00             -12.316068          -50.888796          F 
171190                          7                   0.9993              17                  5.55                3.06                3.07                216695.00           0                   0.34                0                   0                   13357.00            -11.035890          -50.160454          F 
510718                          7                   0.9993              17                  5.55                3.06                3.07                216695.00           0                   0.26                0                   0                   10206.00            -12.874322          -51.567902          F 
170820                          7                   0.9993              17                  5.55                3.06                3.07                216695.00           0                   0.47                0                   0                   18440.00            -11.959003          -50.097998          F 
510642                          7                   0.9993              17                  5.55                3.06                3.07                216695.00           17                  0.90                18.99               19.03               34976.00            -10.147782          -53.587442          F 
