130280                          1                   0.0001000           1486                89.67               16.57               27.20               7486550.00          0                   0.22                0                   0                   18423.00            -2.428415           -65.038109          F 
130426                          1                   0.0001000           1486                89.67               16.57               27.20               7486550.00          0                   0.16                0                   0                   13121.00            -3.167038           -65.411879          F 
130002                          1                   0.0001000           1486                89.67               16.57               27.20               7486550.00          0                   0.19                0                   0                   15545.00            -3.701122           -65.330652          F 
130160                          1                   0.0001000           1486                89.67               16.57               27.20               7486550.00          0                   0.25                0                   0                   20742.00            -2.492180           -66.358452          F 
130220                          1                   0.0001000           1486                89.67               16.57               27.20               7486550.00          0                   0.16                0                   0                   13198.00            -3.524623           -66.306825          F 
130420                          1                   0.0001000           1486                89.67               16.57               27.20               7486550.00          0                   0.75                0                   0                   62444.00            -4.468383           -65.529278          F 
130360                          1                   0.0001000           1486                89.67               16.57               27.20               7486550.00          0                   0.27                0                   0                   22404.00            -0.318566           -65.522058          F 
130120                          1                   0.0001000           1486                89.67               16.57               27.20               7486550.00          0                   1.00                0                   0                   83078.00            -4.437162           -64.124619          F 
130130                          1                   0.0001000           1486                89.67               16.57               27.20               7486550.00          0                   0.32                0                   0                   26777.00            -3.289026           -62.972665          F 
130040                          1                   0.0001000           1486                89.67               16.57               27.20               7486550.00          1                   0.33                3.04                3.04                27433.00            -0.465180           -63.434588          F 
130423                          1                   0.0001000           1486                89.67               16.57               27.20               7486550.00          0                   0.22                0                   0                   18478.00            -2.691643           -67.827923          F 
130083                          1                   0.0001000           1486                89.67               16.57               27.20               7486550.00          0                   0.15                0                   0                   12420.00            -3.081969           -61.877491          F 
130320                          1                   0.0001000           1486                89.67               16.57               27.20               7486550.00          0                   0.21                0                   0                   17671.00            -2.046996           -61.701836          F 
130210                          1                   0.0001000           1486                89.67               16.57               27.20               7486550.00          0                   0.061               0                   0                   5125.00             -1.698117           -68.320288          F 
130006                          1                   0.0001000           1486                89.67               16.57               27.20               7486550.00          0                   0.13                0                   0                   10847.00            -3.418321           -68.287308          F 
130010                          1                   0.0001000           1486                89.67               16.57               27.20               7486550.00          0                   0.23                0                   0                   19292.00            -4.186645           -62.073001          F 
130008                          1                   0.0001000           1486                89.67               16.57               27.20               7486550.00          0                   0.15                0                   0                   12320.00            -3.502503           -61.716696          F 
130100                          1                   0.0001000           1486                89.67               16.57               27.20               7486550.00          0                   0.33                0                   0                   27880.00            -5.118832           -67.337382          F 
130410                          1                   0.0001000           1486                89.67               16.57               27.20               7486550.00          0                   0.22                0                   0                   18152.00            -6.104509           -64.893865          F 
130063                          1                   0.0001000           1486                89.67               16.57               27.20               7486550.00          0                   0.22                0                   0                   18171.00            -4.603475           -61.787364          F 
130230                          1                   0.0001000           1486                89.67               16.57               27.20               7486550.00          0                   0.20                0                   0                   16585.00            -4.713108           -68.403854          F 
130380                          1                   0.0001000           1486                89.67               16.57               27.20               7486550.00          0                   0.52                0                   0                   43094.00            0.374453            -67.997697          F 
130370                          1                   0.0001000           1486                89.67               16.57               27.20               7486550.00          0                   0.28                0                   0                   23688.00            -3.051175           -69.087897          F 
130250                          1                   0.0001000           1486                89.67               16.57               27.20               7486550.00          2                   1.13                1.77                1.77                94175.00            -3.291606           -60.958222          F 
130255                          1                   0.0001000           1486                89.67               16.57               27.20               7486550.00          1                   0.34                2.94                2.94                28413.00            -3.779354           -60.697327          F 
130185                          1                   0.0001000           1486                89.67               16.57               27.20               7486550.00          1                   0.55                1.82                1.82                45984.00            -3.095148           -60.480667          F 
140047                          1                   0.0001000           1486                89.67               16.57               27.20               7486550.00          9                   0.33                27.54               27.60               27288.00            0.0378310           -61.010414          F 
130260                          1                   0.0001000           1486                89.67               16.57               27.20               7486550.00          51                  24.65               2.07                2.08                2057711.00          -2.626021           -60.259483          F 
130390                          1                   0.0001000           1486                89.67               16.57               27.20               7486550.00          0                   0.44                0                   0                   36536.00            -4.497836           -69.450565          F 
130406                          1                   0.0001000           1486                89.67               16.57               27.20               7486550.00          0                   0.73                0                   0                   61028.00            -4.027765           -69.681346          F 
140020                          1                   0.0001000           1486                89.67               16.57               27.20               7486550.00          5                   0.24                20.60               20.63               20261.00            0.990862            -61.471950          F 
130110                          1                   0.0001000           1486                89.67               16.57               27.20               7486550.00          0                   0.44                0                   0                   36435.00            -3.770658           -60.183093          F 
130090                          1                   0.0001000           1486                89.67               16.57               27.20               7486550.00          14                  0.18                77.25               77.54               15130.00            -7.403346           -64.096665          F 
130353                          1                   0.0001000           1486                89.67               16.57               27.20               7486550.00          1                   0.39                2.54                2.54                32812.00            -1.372564           -59.988741          F 
130195                          1                   0.0001000           1486                89.67               16.57               27.20               7486550.00          0                   0.098               0                   0                   8179.00             -6.682874           -68.114036          F 
140028                          1                   0.0001000           1486                89.67               16.57               27.20               7486550.00          0                   0.12                0                   0                   10320.00            2.186649            -62.468913          F 
130270                          1                   0.0001000           1486                89.67               16.57               27.20               7486550.00          6                   0.64                9.44                9.46                53053.00            -6.459804           -61.446481          F 
130356                          1                   0.0001000           1486                89.67               16.57               27.20               7486550.00          1                   0.37                2.73                2.74                30530.00            -2.529891           -59.638156          F 
130115                          1                   0.0001000           1486                89.67               16.57               27.20               7486550.00          0                   0.34                0                   0                   27981.00            -3.286228           -59.599493          F 
130170                          1                   0.0001000           1486                89.67               16.57               27.20               7486550.00          50                  0.61                81.37               82.48               51302.00            -7.362897           -62.485394          F 
130030                          1                   0.0001000           1486                89.67               16.57               27.20               7486550.00          0                   0.44                0                   0                   37033.00            -3.788879           -59.528635          F 
140030                          1                   0.0001000           1486                89.67               16.57               27.20               7486550.00          2                   0.20                10.19               10.20               16380.00            2.510145            -61.983632          F 
140060                          1                   0.0001000           1486                89.67               16.57               27.20               7486550.00          0                   0.089               0                   0                   7407.00             0.884349            -60.151701          F 
140005                          1                   0.0001000           1486                89.67               16.57               27.20               7486550.00          0                   0.19                0                   0                   16176.00            3.078187            -62.755259          F 
130240                          1                   0.0001000           1486                89.67               16.57               27.20               7486550.00          8                   0.52                15.44               15.47               43263.00            -8.375880           -65.812244          F 
130060                          1                   0.0001000           1486                89.67               16.57               27.20               7486550.00          0                   0.47                0                   0                   39484.00            -5.429327           -70.278296          F 
140050                          1                   0.0001000           1486                89.67               16.57               27.20               7486550.00          1                   0.090               11.11               11.11               7516.00             0.635650            -59.844809          F 
130080                          1                   0.0001000           1486                89.67               16.57               27.20               7486550.00          0                   0.47                0                   0                   39292.00            -4.957034           -59.534428          F 
130350                          1                   0.0001000           1486                89.67               16.57               27.20               7486550.00          1                   0.23                4.31                4.31                19378.00            -7.757795           -68.197229          F 
130430                          1                   0.0001000           1486                89.67               16.57               27.20               7486550.00          0                   0.21                0                   0                   17163.00            -0.893871           -59.029898          F 
130190                          1                   0.0001000           1486                89.67               16.57               27.20               7486550.00          3                   1.16                2.58                2.58                97122.00            -3.174662           -58.777136          F 
130330                          1                   0.0001000           1486                89.67               16.57               27.20               7486550.00          1                   0.29                3.43                3.43                24315.00            -6.825051           -60.477192          F 
130395                          1                   0.0001000           1486                89.67               16.57               27.20               7486550.00          0                   0.15                0                   0                   12781.00            -1.946118           -58.702338          F 
130200                          1                   0.0001000           1486                89.67               16.57               27.20               7486550.00          0                   0.11                0                   0                   8953.00             -2.498704           -58.619577          F 
140017                          1                   0.0001000           1486                89.67               16.57               27.20               7486550.00          2                   0.19                10.34               10.34               16149.00            2.272838            -60.542067          F 
130400                          1                   0.0001000           1486                89.67               16.57               27.20               7486550.00          0                   0.11                0                   0                   9081.00             -2.822093           -58.536128          F 
140023                          1                   0.0001000           1486                89.67               16.57               27.20               7486550.00          1                   0.11                9.11                9.11                9165.00             0.914772            -59.338066          F 
130310                          1                   0.0001000           1486                89.67               16.57               27.20               7486550.00          0                   0.42                0                   0                   35156.00            -3.988364           -58.601783          F 
110080                          1                   0.0001000           1486                89.67               16.57               27.20               7486550.00          6                   0.29                20.74               20.77               24155.00            -8.887011           -63.325581          F 
140002                          1                   0.0001000           1486                89.67               16.57               27.20               7486550.00          0                   0.13                0                   0                   11006.00            3.732874            -62.436863          F 
110020                          1                   0.0001000           1486                89.67               16.57               27.20               7486550.00          278                 6.02                46.16               49.87               502748.00           -9.153039           -64.305489          F 
130140                          1                   0.0001000           1486                89.67               16.57               27.20               7486550.00          1                   0.41                2.45                2.45                34025.00            -7.022778           -70.222033          F 
130070                          1                   0.0001000           1486                89.67               16.57               27.20               7486550.00          0                   0.40                0                   0                   33498.00            -8.772979           -68.047540          F 
110110                          1                   0.0001000           1486                89.67               16.57               27.20               7486550.00          0                   0.12                0                   0                   9995.00             -9.170195           -63.044988          F 
140010                          1                   0.0001000           1486                89.67               16.57               27.20               7486550.00          38                  3.84                9.89                9.99                320714.00           3.117964            -60.717850          F 
130150                          1                   0.0001000           1486                89.67               16.57               27.20               7486550.00          0                   0.23                0                   0                   18786.00            -7.573750           -70.054927          F 
110094                          1                   0.0001000           1486                89.67               16.57               27.20               7486550.00          12                  0.25                47.77               47.92               20974.00            -9.170974           -62.565037          F 
140015                          1                   0.0001000           1486                89.67               16.57               27.20               7486550.00          0                   0.14                0                   0                   11739.00            2.787148            -60.100125          F 
130440                          1                   0.0001000           1486                89.67               16.57               27.20               7486550.00          0                   0.25                0                   0                   21140.00            -2.812240           -57.770143          F 
150300                          1                   0.0001000           1486                89.67               16.57               27.20               7486550.00          0                   0.088               0                   0                   7333.00             -1.158833           -57.806300          F 
130068                          1                   0.0001000           1486                89.67               16.57               27.20               7486550.00          0                   0.21                0                   0                   17668.00            -3.138082           -57.669942          F 
110040                          1                   0.0001000           1486                89.67               16.57               27.20               7486550.00          1                   0.24                4.13                4.13                20210.00            -9.649274           -63.394283          F 
110013                          1                   0.0001000           1486                89.67               16.57               27.20               7486550.00          133                 0.45                298.75              309.97              37167.00            -9.204070           -62.010294          F 
130300                          1                   0.0001000           1486                89.67               16.57               27.20               7486550.00          0                   0.24                0                   0                   20358.00            -1.680483           -57.656536          F 
130290                          1                   0.0001000           1486                89.67               16.57               27.20               7486550.00          67                  0.72                93.25               94.97               59983.00            -4.984990           -58.060916          F 
130020                          1                   0.0001000           1486                89.67               16.57               27.20               7486550.00          0                   0.22                0                   0                   18133.00            -5.711940           -71.742673          F 
110026                          1                   0.0001000           1486                89.67               16.57               27.20               7486550.00          0                   0.045               0                   0                   3750.00             -9.645106           -62.790311          F 
120080                          1                   0.0001000           1486                89.67               16.57               27.20               7486550.00          1                   0.20                4.98                4.98                16757.00            -9.629475           -67.701064          F 
110045                          1                   0.0001000           1486                89.67               16.57               27.20               7486550.00          14                  0.45                30.89               31.00               37838.00            -10.052159          -63.941154          F 
130014                          1                   0.0001000           1486                89.67               16.57               27.20               7486550.00          0                   0.25                0                   0                   20648.00            -7.759871           -59.431439          F 
120001                          1                   0.0001000           1486                89.67               16.57               27.20               7486550.00          2                   0.17                12.04               12.05               13869.00            -9.934392           -66.948427          F 
110002                          1                   0.0001000           1486                89.67               16.57               27.20               7486550.00          27                  1.25                21.59               21.74               104401.00           -9.951979           -62.957373          F 
140045                          1                   0.0001000           1486                89.67               16.57               27.20               7486550.00          0                   0.14                0                   0                   11908.00            4.168751            -60.839425          F 
120013                          1                   0.0001000           1486                89.67               16.57               27.20               7486550.00          1                   0.11                8.94                8.94                9339.00             -9.613848           -68.175429          F 
130050                          1                   0.0001000           1486                89.67               16.57               27.20               7486550.00          0                   0.37                0                   0                   30658.00            -3.129157           -57.172390          F 
110175                          1                   0.0001000           1486                89.67               16.57               27.20               7486550.00          7                   0.13                53.90               54.00               10843.00            -9.732685           -61.939355          F 
120045                          1                   0.0001000           1486                89.67               16.57               27.20               7486550.00          3                   0.25                11.82               11.83               21182.00            -9.996928           -67.427266          F 
130180                          1                   0.0001000           1486                89.67               16.57               27.20               7486550.00          16                  0.32                49.73               49.94               26860.00            -7.181162           -71.415929          F 
110140                          1                   0.0001000           1486                89.67               16.57               27.20               7486550.00          2                   0.19                10.52               10.52               15873.00            -10.210793          -63.372281          F 
110033                          1                   0.0001000           1486                89.67               16.57               27.20               7486550.00          0                   0.33                0                   0                   27600.00            -10.382239          -64.629270          F 
140040                          1                   0.0001000           1486                89.67               16.57               27.20               7486550.00          0                   0.12                0                   0                   10148.00            3.878942            -60.064912          F 
110160                          1                   0.0001000           1486                89.67               16.57               27.20               7486550.00          2                   0.14                14.72               14.72               11347.00            -10.121814          -62.342289          F 
120038                          1                   0.0001000           1486                89.67               16.57               27.20               7486550.00          5                   0.22                22.99               23.02               18159.00            -10.248624          -67.339671          F 
110070                          1                   0.0001000           1486                89.67               16.57               27.20               7486550.00          0                   0.17                0                   0                   14220.00            -10.485091          -63.799446          F 
110060                          1                   0.0001000           1486                89.67               16.57               27.20               7486550.00          0                   0.076               0                   0                   6367.00             -10.331685          -62.987180          F 
130340                          1                   0.0001000           1486                89.67               16.57               27.20               7486550.00          1                   1.34                0.75                0.75                111575.00           -2.688407           -56.854026          F 
510325                          1                   0.0001000           1486                89.67               16.57               27.20               7486550.00          10                  0.40                24.87               24.93               33575.00            -9.292283           -60.305531          F 
120040                          1                   0.0001000           1486                89.67               16.57               27.20               7486550.00          57                  4.44                12.84               13.03               370550.00           -10.066358          -68.371440          F 
150530                          1                   0.0001000           1486                89.67               16.57               27.20               7486550.00          3                   0.83                3.63                3.63                69024.00            0.255032            -57.149736          F 
120034                          1                   0.0001000           1486                89.67               16.57               27.20               7486550.00          0                   0.10                0                   0                   8641.00             -9.380351           -69.854989          F 
110180                          1                   0.0001000           1486                89.67               16.57               27.20               7486550.00          0                   0.099               0                   0                   8231.00             -10.384134          -62.093876          F 
120017                          1                   0.0001000           1486                89.67               16.57               27.20               7486550.00          0                   0.13                0                   0                   10498.00            -10.474157          -67.835782          F 
120050                          1                   0.0001000           1486                89.67               16.57               27.20               7486550.00          4                   0.50                8.00                8.01                41750.00            -9.771845           -69.382700          F 
110011                          1                   0.0001000           1486                89.67               16.57               27.20               7486550.00          56                  0.67                83.88               85.17               55738.00            -10.592446          -62.584788          F 
110100                          1                   0.0001000           1486                89.67               16.57               27.20               7486550.00          1                   0.12                8.24                8.25                10127.00            -10.748055          -63.183884          F 
140070                          1                   0.0001000           1486                89.67               16.57               27.20               7486550.00          0                   0.11                0                   0                   9488.00             4.683843            -60.280731          F 
150797                          1                   0.0001000           1486                89.67               16.57               27.20               7486550.00          0                   0.21                0                   0                   17946.00            -1.952134           -56.458364          F 
120060                          1                   0.0001000           1486                89.67               16.57               27.20               7486550.00          15                  0.46                32.26               32.39               38819.00            -8.238234           -71.446466          F 
120030                          1                   0.0001000           1486                89.67               16.57               27.20               7486550.00          3                   0.39                7.73                7.74                32385.00            -8.926430           -70.747840          F 
110015                          1                   0.0001000           1486                89.67               16.57               27.20               7486550.00          22                  0.48                46.00               46.28               39924.00            -10.610539          -62.172424          F 
110012                          1                   0.0001000           1486                89.67               16.57               27.20               7486550.00          44                  1.56                28.17               28.50               130419.00           -10.462197          -61.757091          F 
120043                          1                   0.0001000           1486                89.67               16.57               27.20               7486550.00          0                   0.070               0                   0                   5809.00             -9.412364           -70.398018          F 
150390                          1                   0.0001000           1486                89.67               16.57               27.20               7486550.00          6                   0.65                9.28                9.29                53989.00            -2.622585           -56.221232          F 
110143                          1                   0.0001000           1486                89.67               16.57               27.20               7486550.00          1                   0.094               10.67               10.67               7824.00             -10.889526          -62.532438          F 
120070                          1                   0.0001000           1486                89.67               16.57               27.20               7486550.00          0                   0.21                0                   0                   17608.00            -10.575880          -68.505122          F 
110010                          1                   0.0001000           1486                89.67               16.57               27.20               7486550.00          3                   0.56                5.37                5.37                46632.00            -11.305773          -64.537463          F 
110130                          1                   0.0001000           1486                89.67               16.57               27.20               7486550.00          1                   0.15                6.75                6.76                12360.00            -11.076985          -62.848279          F 
110155                          1                   0.0001000           1486                89.67               16.57               27.20               7486550.00          0                   0.060               0                   0                   5003.00             -10.943464          -62.279708          F 
510757                          1                   0.0001000           1486                89.67               16.57               27.20               7486550.00          0                   0.045               0                   0                   3792.00             -10.463060          -61.010088          F 
110170                          1                   0.0001000           1486                89.67               16.57               27.20               7486550.00          3                   0.16                18.84               18.86               13293.00            -11.103908          -62.424021          F 
150100                          1                   0.0001000           1486                89.67               16.57               27.20               7486550.00          1                   0.19                5.23                5.23                15953.00            -3.667209           -56.016450          F 
130165                          1                   0.0001000           1486                89.67               16.57               27.20               7486550.00          27                  0.19                142.43              143.48              15826.00            -7.229841           -72.844424          F 
120025                          1                   0.0001000           1486                89.67               16.57               27.20               7486550.00          0                   0.20                0                   0                   16731.00            -10.889162          -68.618498          F 
150360                          1                   0.0001000           1486                89.67               16.57               27.20               7486550.00          107                 1.18                90.74               93.44               98446.00            -5.871333           -56.496545          F 
150375                          1                   0.0001000           1486                89.67               16.57               27.20               7486550.00          13                  0.50                26.16               26.25               41490.00            -7.445178           -57.302829          F 
110034                          1                   0.0001000           1486                89.67               16.57               27.20               7486550.00          5                   0.20                24.46               24.50               17063.00            -11.311455          -62.544783          F 
110025                          1                   0.0001000           1486                89.67               16.57               27.20               7486550.00          2                   0.27                7.40                7.41                22557.00            -11.166190          -61.877898          F 
120010                          1                   0.0001000           1486                89.67               16.57               27.20               7486550.00          0                   0.29                0                   0                   23849.00            -10.747736          -69.207484          F 
510140                          1                   0.0001000           1486                89.67               16.57               27.20               7486550.00          0                   0.25                0                   0                   20657.00            -10.187963          -59.839297          F 
110120                          1                   0.0001000           1486                89.67               16.57               27.20               7486550.00          0                   0.13                0                   0                   10823.00            -11.160345          -61.568926          F 
150805                          1                   0.0001000           1486                89.67               16.57               27.20               7486550.00          0                   0.22                0                   0                   18084.00            -5.130084           -56.003417          F 
110032                          1                   0.0001000           1486                89.67               16.57               27.20               7486550.00          5                   0.29                17.44               17.46               23933.00            -11.628169          -62.941940          F 
120020                          1                   0.0001000           1486                89.67               16.57               27.20               7486550.00          222                 0.98                227.36              241.96              81519.00            -7.974126           -72.761548          F 
510337                          1                   0.0001000           1486                89.67               16.57               27.20               7486550.00          0                   0.21                0                   0                   17716.00            -9.536841           -58.677801          F 
110150                          1                   0.0001000           1486                89.67               16.57               27.20               7486550.00          0                   0.15                0                   0                   12581.00            -11.807291          -63.230667          F 
110014                          1                   0.0001000           1486                89.67               16.57               27.20               7486550.00          1                   0.26                3.87                3.87                21592.00            -11.564334          -62.233031          F 
510080                          1                   0.0001000           1486                89.67               16.57               27.20               7486550.00          0                   0.11                0                   0                   9400.00             -8.753341           -57.827599          F 
110090                          1                   0.0001000           1486                89.67               16.57               27.20               7486550.00          0                   0.043               0                   0                   3617.00             -11.470879          -61.879911          F 
110004                          1                   0.0001000           1486                89.67               16.57               27.20               7486550.00          32                  1.04                30.63               30.89               87226.00            -11.301237          -61.324689          F 
150510                          1                   0.0001000           1486                89.67               16.57               27.20               7486550.00          3                   0.60                4.96                4.97                50459.00            -0.170427           -55.674947          F 
120032                          1                   0.0001000           1486                89.67               16.57               27.20               7486550.00          0                   0.090               0                   0                   7509.00             -9.243211           -71.907488          F 
120005                          1                   0.0001000           1486                89.67               16.57               27.20               7486550.00          0                   0.081               0                   0                   6738.00             -10.779491          -70.006358          F 
110050                          1                   0.0001000           1486                89.67               16.57               27.20               7486550.00          0                   0.12                0                   0                   10276.00            -11.681047          -62.083187          F 
120039                          1                   0.0001000           1486                89.67               16.57               27.20               7486550.00          0                   0.13                0                   0                   10759.00            -8.489533           -72.721389          F 
110008                          1                   0.0001000           1486                89.67               16.57               27.20               7486550.00          6                   0.20                30.08               30.13               16651.00            -12.147321          -64.058780          F 
120042                          1                   0.0001000           1486                89.67               16.57               27.20               7486550.00          4                   0.20                19.67               19.69               16974.00            -7.841819           -73.222514          F 
120033                          1                   0.0001000           1486                89.67               16.57               27.20               7486550.00          15                  0.21                72.92               73.22               17173.00            -7.503753           -73.439585          F 
110028                          1                   0.0001000           1486                89.67               16.57               27.20               7486550.00          3                   0.67                4.45                4.46                56242.00            -11.732560          -61.771453          F 
110009                          1                   0.0001000           1486                89.67               16.57               27.20               7486550.00          8                   0.39                20.62               20.67               32385.00            -11.351368          -60.784721          F 
150285                          1                   0.0001000           1486                89.67               16.57               27.20               7486550.00          2                   0.16                12.31               12.32               13562.00            -1.845743           -55.113264          F 
150680                          1                   0.0001000           1486                89.67               16.57               27.20               7486550.00          23                  3.50                6.56                6.60                292520.00           -2.764647           -55.093854          F 
160015                          2                   0.0001000           274                 8.89                30.81               33.22               742446.00           0                   0.17                0                   0                   13988.00            1.157828            -52.523712          F 
160005                          2                   0.0001000           274                 8.89                30.81               33.22               742446.00           0                   0.059               0                   0                   4938.00             1.649528            -52.270468          F 
160027                          2                   0.0001000           274                 8.89                30.81               33.22               742446.00           116                 0.55                211.86              218.75              45712.00            1.096940            -53.306000          F 
160053                          2                   0.0001000           274                 8.89                30.81               33.22               742446.00           3                   0.24                12.73               12.74               19669.00            0.587711            -51.673569          F 
160023                          2                   0.0001000           274                 8.89                30.81               33.22               742446.00           0                   0.083               0                   0                   6901.00             0.958713            -51.419182          F 
160055                          2                   0.0001000           274                 8.89                30.81               33.22               742446.00           0                   0.054               0                   0                   4531.00             1.625299            -51.277065          F 
160040                          2                   0.0001000           274                 8.89                30.81               33.22               742446.00           0                   0.23                0                   0                   19571.00            -0.0730322          -51.943908          F 
160060                          2                   0.0001000           274                 8.89                30.81               33.22               742446.00           32                  1.34                23.81               24.01               112218.00           0.128476            -51.379449          F 
160070                          2                   0.0001000           274                 8.89                30.81               33.22               742446.00           0                   0.18                0                   0                   15212.00            1.294034            -50.985687          F 
150050                          2                   0.0001000           274                 8.89                30.81               33.22               742446.00           1                   0.40                2.50                2.50                33372.00            0.284350            -53.893460          F 
160020                          2                   0.0001000           274                 8.89                30.81               33.22               742446.00           2                   0.12                16.43               16.44               10163.00            2.430849            -51.404322          F 
160030                          2                   0.0001000           274                 8.89                30.81               33.22               742446.00           120                 5.46                21.96               22.67               456171.00           0.554818            -50.700863          F 
210200                          3                   0.0001000           14                  0.86                16.28               16.34               87467.00            0                   0.40                0                   0                   40660.00            -3.900294           -46.418166          F 
211102                          3                   0.0001000           14                  0.86                16.28               16.34               87467.00            7                   0.15                45.88               45.97               15520.00            -3.559519           -46.392487          F 
210047                          3                   0.0001000           14                  0.86                16.28               16.34               87467.00            7                   0.31                22.76               22.80               31287.00            -3.880456           -46.007745          F 
510706                          4                   0.0001000           33                  9.01                3.66                3.69                764633.00           0                   0.18                0                   0                   15597.00            -12.161387          -52.742100          F 
510185                          4                   0.0001000           33                  9.01                3.66                3.69                764633.00           0                   0.071               0                   0                   6018.00             -12.216986          -51.739360          F 
510035                          4                   0.0001000           33                  9.01                3.66                3.69                764633.00           0                   0.072               0                   0                   6146.00             -11.810796          -51.749943          F 
510785                          4                   0.0001000           33                  9.01                3.66                3.69                764633.00           0                   0.13                0                   0                   11125.00            -11.452949          -51.961623          F 
510385                          4                   0.0001000           33                  9.01                3.66                3.69                764633.00           0                   0.083               0                   0                   7036.00             -12.996255          -53.455995          F 
510270                          4                   0.0001000           33                  9.01                3.66                3.69                764633.00           0                   0.24                0                   0                   20208.00            -13.331224          -52.398800          F 
510269                          4                   0.0001000           33                  9.01                3.66                3.69                764633.00           0                   0.055               0                   0                   4678.00             -11.201057          -51.823179          F 
510718                          4                   0.0001000           33                  9.01                3.66                3.69                764633.00           0                   0.11                0                   0                   9562.00             -12.874322          -51.567902          F 
510788                          4                   0.0001000           33                  9.01                3.66                3.69                764633.00           0                   0.018               0                   0                   1520.00             -12.022095          -51.362144          F 
510370                          4                   0.0001000           33                  9.01                3.66                3.69                764633.00           0                   0.15                0                   0                   12782.00            -11.918239          -54.167552          F 
510735                          4                   0.0001000           33                  9.01                3.66                3.69                764633.00           0                   0.063               0                   0                   5375.00             -10.696430          -52.616401          F 
510830                          4                   0.0001000           33                  9.01                3.66                3.69                764633.00           0                   0.042               0                   0                   3551.00             -11.528079          -54.315704          F 
510677                          4                   0.0001000           33                  9.01                3.66                3.69                764633.00           0                   0.14                0                   0                   11674.00            -10.825476          -51.712660          F 
510558                          4                   0.0001000           33                  9.01                3.66                3.69                764633.00           0                   0.13                0                   0                   10861.00            -10.886197          -54.053071          F 
510631                          4                   0.0001000           33                  9.01                3.66                3.69                764633.00           0                   0.028               0                   0                   2369.00             -12.316068          -50.888796          F 
510020                          4                   0.0001000           33                  9.01                3.66                3.69                764633.00           0                   0.28                0                   0                   23551.00            -13.977087          -52.499920          F 
510630                          4                   0.0001000           33                  9.01                3.66                3.69                764633.00           0                   0.25                0                   0                   21014.00            -13.676744          -54.108586          F 
510335                          4                   0.0001000           33                  9.01                3.66                3.69                764633.00           0                   0.33                0                   0                   28339.00            -10.403493          -51.698039          F 
510774                          4                   0.0001000           33                  9.01                3.66                3.69                764633.00           0                   0.027               0                   0                   2284.00             -10.064857          -52.541103          F 
510530                          4                   0.0001000           33                  9.01                3.66                3.69                764633.00           0                   0.025               0                   0                   2094.00             -11.007852          -50.935617          F 
510724                          4                   0.0001000           33                  9.01                3.66                3.69                764633.00           1                   0.051               19.77               19.78               4292.00             -11.935890          -54.903014          F 
510624                          4                   0.0001000           33                  9.01                3.66                3.69                764633.00           0                   0.13                0                   0                   10801.00            -12.990775          -54.766813          F 
510617                          4                   0.0001000           33                  9.01                3.66                3.69                764633.00           0                   0.041               0                   0                   3491.00             -14.155878          -51.889764          F 
510642                          4                   0.0001000           33                  9.01                3.66                3.69                764633.00           10                  0.39                25.86               25.93               32818.00            -10.147782          -53.587442          F 
510260                          4                   0.0001000           33                  9.01                3.66                3.69                764633.00           0                   0.18                0                   0                   15112.00            -14.374493          -53.129163          F 
510310                          4                   0.0001000           33                  9.01                3.66                3.69                764633.00           0                   0.065               0                   0                   5530.00             -13.868782          -51.147459          F 
510305                          4                   0.0001000           33                  9.01                3.66                3.69                764633.00           0                   0.14                0                   0                   11546.00            -11.448470          -55.048169          F 
510619                          4                   0.0001000           33                  9.01                3.66                3.69                764633.00           0                   0.042               0                   0                   3566.00             -10.920430          -54.900941          F 
510625                          4                   0.0001000           33                  9.01                3.66                3.69                764633.00           0                   0.24                0                   0                   20399.00            -14.592851          -52.409471          F 
510860                          4                   0.0001000           33                  9.01                3.66                3.69                764633.00           0                   0.28                0                   0                   23937.00            -9.980623           -51.404814          F 
510850                          4                   0.0001000           33                  9.01                3.66                3.69                764633.00           3                   0.13                23.72               23.73               10736.00            -12.420937          -55.345256          F 
170820                          4                   0.0001000           33                  9.01                3.66                3.69                764633.00           0                   0.22                0                   0                   18742.00            -11.959003          -50.097998          F 
522020                          4                   0.0001000           33                  9.01                3.66                3.69                764633.00           0                   0.27                0                   0                   22728.00            -13.145623          -50.249100          F 
510777                          4                   0.0001000           33                  9.01                3.66                3.69                764633.00           0                   0.093               0                   0                   7883.00             -10.332303          -50.792279          F 
510560                          4                   0.0001000           33                  9.01                3.66                3.69                764633.00           4                   0.18                22.00               22.02               15433.00            -10.011788          -54.361207          F 
510790                          4                   0.0001000           33                  9.01                3.66                3.69                764633.00           8                   1.53                5.23                5.24                129916.00           -11.711912          -55.499834          F 
510805                          4                   0.0001000           33                  9.01                3.66                3.69                764633.00           0                   0.12                0                   0                   10167.00            -10.507189          -54.979631          F 
171190                          4                   0.0001000           33                  9.01                3.66                3.69                764633.00           0                   0.14                0                   0                   12184.00            -11.035890          -50.160454          F 
171884                          4                   0.0001000           33                  9.01                3.66                3.69                764633.00           0                   0.040               0                   0                   3410.00             -12.401973          -49.876147          F 
521483                          4                   0.0001000           33                  9.01                3.66                3.69                764633.00           0                   0.15                0                   0                   12653.00            -14.133960          -50.561719          F 
510792                          4                   0.0001000           33                  9.01                3.66                3.69                764633.00           0                   0.95                0                   0                   80298.00            -12.741400          -55.677809          F 
510628                          4                   0.0001000           33                  9.01                3.66                3.69                764633.00           0                   0.063               0                   0                   5323.00             -15.078424          -53.240963          F 
521405                          4                   0.0001000           33                  9.01                3.66                3.69                764633.00           0                   0.070               0                   0                   5914.00             -13.798766          -50.203361          F 
510455                          4                   0.0001000           33                  9.01                3.66                3.69                764633.00           0                   0.047               0                   0                   4013.00             -11.106900          -55.585363          F 
510776                          4                   0.0001000           33                  9.01                3.66                3.69                764633.00           0                   0.036               0                   0                   3036.00             -13.832607          -55.294029          F 
510410                          4                   0.0001000           33                  9.01                3.66                3.69                764633.00           1                   0.40                2.50                2.50                33929.00            -9.775286           -54.617359          F 
170200                          4                   0.0001000           33                  9.01                3.66                3.69                764633.00           0                   0.10                0                   0                   8777.00             -12.841080          -49.696345          F 
510645                          4                   0.0001000           33                  9.01                3.66                3.69                764633.00           0                   0.031               0                   0                   2647.00             -14.589849          -54.673101          F 
510320                          4                   0.0001000           33                  9.01                3.66                3.69                764633.00           5                   0.38                13.30               13.32               31895.00            -10.622571          -55.468060          F 
510100                          4                   0.0001000           33                  9.01                3.66                3.69                764633.00           0                   0.036               0                   0                   3083.00             -15.126839          -51.804091          F 
510880                          4                   0.0001000           33                  9.01                3.66                3.69                764633.00           1                   0.054               18.49               18.49               4590.00             -10.288990          -55.336868          F 
211140                          5                   0.001400            10                  0.74                13.54               13.57               192302.00           1                   0.071               13.99               14.00               18607.00            -4.380915           -44.640425          F 
211223                          5                   0.001400            10                  0.74                13.54               13.57               192302.00           0                   0.080               0                   0                   20891.00            -4.528265           -44.669518          F 
210120                          5                   0.001400            10                  0.74                13.54               13.57               192302.00           7                   0.39                17.75               17.79               102656.00           -4.170844           -44.757831          F 
210820                          5                   0.001400            10                  0.74                13.54               13.57               192302.00           1                   0.15                6.76                6.76                38506.00            -4.619189           -44.591691          F 
210600                          5                   0.001400            10                  0.74                13.54               13.57               192302.00           1                   0.045               22.36               22.37               11642.00            -4.556850           -44.464734          F 
150195                          6                   0.04220             10                  1.07                9.37                9.39                136611.00           2                   0.24                8.18                8.18                31300.00            -1.991029           -46.439673          F 
210565                          6                   0.04220             10                  1.07                9.37                9.39                136611.00           0                   0.027               0                   0                   3431.00             -1.917746           -46.115749          F 
210197                          6                   0.04220             10                  1.07                9.37                9.39                136611.00           2                   0.070               28.46               28.47               8996.00             -1.762813           -46.178716          F 
210632                          6                   0.04220             10                  1.07                9.37                9.39                136611.00           0                   0.16                0                   0                   20815.00            -1.982063           -45.992607          F 
150830                          6                   0.04220             10                  1.07                9.37                9.39                136611.00           4                   0.46                8.67                8.68                59054.00            -1.532521           -46.455573          F 
210315                          6                   0.04220             10                  1.07                9.37                9.39                136611.00           2                   0.10                19.67               19.68               13015.00            -2.367505           -46.128105          F 
170210                          7                   0.7493              10                  1.70                5.90                5.91                170183.00           10                  1.70                5.90                5.91                170183.00           -7.331699           -48.587995          F 
210440                          8                   0.9703              3                   0.070               42.98               43.01               17579.00            3                   0.070               42.98               43.01               17579.00            -5.152015           -44.170468          F 
