120038                          1                   0.0001000           1291                39.82               32.42               46.34               2869741.00          4                   0.25                16.03               16.05               17979.00            -10.248624          -67.339671          F 
120045                          1                   0.0001000           1291                39.82               32.42               46.34               2869741.00          3                   0.29                10.30               10.31               20992.00            -9.996928           -67.427266          F 
120001                          1                   0.0001000           1291                39.82               32.42               46.34               2869741.00          8                   0.19                42.35               42.43               13613.00            -9.934392           -66.948427          F 
120017                          1                   0.0001000           1291                39.82               32.42               46.34               2869741.00          4                   0.14                28.35               28.37               10170.00            -10.474157          -67.835782          F 
120080                          1                   0.0001000           1291                39.82               32.42               46.34               2869741.00          8                   0.23                35.17               35.23               16396.00            -9.629475           -67.701064          F 
120040                          1                   0.0001000           1291                39.82               32.42               46.34               2869741.00          46                  5.05                9.11                9.20                363928.00           -10.066358          -68.371440          F 
120013                          1                   0.0001000           1291                39.82               32.42               46.34               2869741.00          0                   0.13                0                   0                   9173.00             -9.613848           -68.175429          F 
120070                          1                   0.0001000           1291                39.82               32.42               46.34               2869741.00          2                   0.24                8.32                8.33                17317.00            -10.575880          -68.505122          F 
120025                          1                   0.0001000           1291                39.82               32.42               46.34               2869741.00          0                   0.23                0                   0                   16417.00            -10.889162          -68.618498          F 
130070                          1                   0.0001000           1291                39.82               32.42               46.34               2869741.00          1                   0.46                2.17                2.17                33148.00            -8.772979           -68.047540          F 
120010                          1                   0.0001000           1291                39.82               32.42               46.34               2869741.00          1                   0.32                3.08                3.08                23378.00            -10.747736          -69.207484          F 
120050                          1                   0.0001000           1291                39.82               32.42               46.34               2869741.00          0                   0.57                0                   0                   41036.00            -9.771845           -69.382700          F 
130240                          1                   0.0001000           1291                39.82               32.42               46.34               2869741.00          13                  0.59                22.08               22.14               42439.00            -8.375880           -65.812244          F 
120034                          1                   0.0001000           1291                39.82               32.42               46.34               2869741.00          2                   0.12                16.93               16.94               8514.00             -9.380351           -69.854989          F 
130350                          1                   0.0001000           1291                39.82               32.42               46.34               2869741.00          0                   0.27                0                   0                   19265.00            -7.757795           -68.197229          F 
110033                          1                   0.0001000           1291                39.82               32.42               46.34               2869741.00          2                   0.37                5.35                5.36                26925.00            -10.382239          -64.629270          F 
120005                          1                   0.0001000           1291                39.82               32.42               46.34               2869741.00          0                   0.092               0                   0                   6610.00             -10.779491          -70.006358          F 
110010                          1                   0.0001000           1291                39.82               32.42               46.34               2869741.00          2                   0.64                3.12                3.12                46203.00            -11.305773          -64.537463          F 
120043                          1                   0.0001000           1291                39.82               32.42               46.34               2869741.00          0                   0.078               0                   0                   5593.00             -9.412364           -70.398018          F 
110020                          1                   0.0001000           1291                39.82               32.42               46.34               2869741.00          432                 6.85                63.02               70.13               494013.00           -9.153039           -64.305489          F 
110045                          1                   0.0001000           1291                39.82               32.42               46.34               2869741.00          5                   0.52                9.69                9.70                37207.00            -10.052159          -63.941154          F 
110070                          1                   0.0001000           1291                39.82               32.42               46.34               2869741.00          0                   0.20                0                   0                   14081.00            -10.485091          -63.799446          F 
120030                          1                   0.0001000           1291                39.82               32.42               46.34               2869741.00          1                   0.45                2.22                2.22                32398.00            -8.926430           -70.747840          F 
130195                          1                   0.0001000           1291                39.82               32.42               46.34               2869741.00          0                   0.11                0                   0                   8205.00             -6.682874           -68.114036          F 
110008                          1                   0.0001000           1291                39.82               32.42               46.34               2869741.00          6                   0.23                26.60               26.63               16258.00            -12.147321          -64.058780          F 
130150                          1                   0.0001000           1291                39.82               32.42               46.34               2869741.00          1                   0.26                3.91                3.91                18422.00            -7.573750           -70.054927          F 
110140                          1                   0.0001000           1291                39.82               32.42               46.34               2869741.00          3                   0.22                13.76               13.77               15710.00            -10.210793          -63.372281          F 
110040                          1                   0.0001000           1291                39.82               32.42               46.34               2869741.00          2                   0.28                7.26                7.27                19841.00            -9.649274           -63.394283          F 
110100                          1                   0.0001000           1291                39.82               32.42               46.34               2869741.00          0                   0.14                0                   0                   10327.00            -10.748055          -63.183884          F 
110080                          1                   0.0001000           1291                39.82               32.42               46.34               2869741.00          2                   0.33                6.11                6.12                23573.00            -8.887011           -63.325581          F 
110060                          1                   0.0001000           1291                39.82               32.42               46.34               2869741.00          0                   0.088               0                   0                   6318.00             -10.331685          -62.987180          F 
130090                          1                   0.0001000           1291                39.82               32.42               46.34               2869741.00          50                  0.21                241.14              244.03              14944.00            -7.403346           -64.096665          F 
130140                          1                   0.0001000           1291                39.82               32.42               46.34               2869741.00          1                   0.47                2.15                2.15                33580.00            -7.022778           -70.222033          F 
110150                          1                   0.0001000           1291                39.82               32.42               46.34               2869741.00          3                   0.17                17.24               17.25               12543.00            -11.807291          -63.230667          F 
110002                          1                   0.0001000           1291                39.82               32.42               46.34               2869741.00          30                  1.43                21.02               21.16               102860.00           -9.951979           -62.957373          F 
110110                          1                   0.0001000           1291                39.82               32.42               46.34               2869741.00          0                   0.14                0                   0                   9831.00             -9.170195           -63.044988          F 
110130                          1                   0.0001000           1291                39.82               32.42               46.34               2869741.00          0                   0.17                0                   0                   12414.00            -11.076985          -62.848279          F 
110026                          1                   0.0001000           1291                39.82               32.42               46.34               2869741.00          1                   0.051               19.43               19.44               3709.00             -9.645106           -62.790311          F 
120060                          1                   0.0001000           1291                39.82               32.42               46.34               2869741.00          5                   0.53                9.43                9.44                38201.00            -8.238234           -71.446466          F 
110032                          1                   0.0001000           1291                39.82               32.42               46.34               2869741.00          1                   0.33                3.03                3.03                23803.00            -11.628169          -62.941940          F 
120032                          1                   0.0001000           1291                39.82               32.42               46.34               2869741.00          0                   0.10                0                   0                   7330.00             -9.243211           -71.907488          F 
110149                          1                   0.0001000           1291                39.82               32.42               46.34               2869741.00          3                   0.26                11.60               11.61               18640.00            -12.368674          -63.122203          F 
110011                          1                   0.0001000           1291                39.82               32.42               46.34               2869741.00          21                  0.77                27.19               27.32               55669.00            -10.592446          -62.584788          F 
110143                          1                   0.0001000           1291                39.82               32.42               46.34               2869741.00          0                   0.11                0                   0                   7853.00             -10.889526          -62.532438          F 
130410                          1                   0.0001000           1291                39.82               32.42               46.34               2869741.00          0                   0.25                0                   0                   18266.00            -6.104509           -64.893865          F 
110094                          1                   0.0001000           1291                39.82               32.42               46.34               2869741.00          7                   0.28                24.97               25.01               20204.00            -9.170974           -62.565037          F 
110034                          1                   0.0001000           1291                39.82               32.42               46.34               2869741.00          2                   0.24                8.37                8.37                17228.00            -11.311455          -62.544783          F 
110170                          1                   0.0001000           1291                39.82               32.42               46.34               2869741.00          0                   0.19                0                   0                   13391.00            -11.103908          -62.424021          F 
110160                          1                   0.0001000           1291                39.82               32.42               46.34               2869741.00          3                   0.16                19.06               19.07               11345.00            -10.121814          -62.342289          F 
110155                          1                   0.0001000           1291                39.82               32.42               46.34               2869741.00          0                   0.070               0                   0                   5041.00             -10.943464          -62.279708          F 
130180                          1                   0.0001000           1291                39.82               32.42               46.34               2869741.00          40                  0.36                110.38              111.43              26118.00            -7.181162           -71.415929          F 
110015                          1                   0.0001000           1291                39.82               32.42               46.34               2869741.00          13                  0.56                23.42               23.49               40010.00            -10.610539          -62.172424          F 
130100                          1                   0.0001000           1291                39.82               32.42               46.34               2869741.00          0                   0.38                0                   0                   27645.00            -5.118832           -67.337382          F 
110180                          1                   0.0001000           1291                39.82               32.42               46.34               2869741.00          0                   0.12                0                   0                   8327.00             -10.384134          -62.093876          F 
110014                          1                   0.0001000           1291                39.82               32.42               46.34               2869741.00          0                   0.30                0                   0                   21511.00            -11.564334          -62.233031          F 
120035                          1                   0.0001000           1291                39.82               32.42               46.34               2869741.00          0                   0.23                0                   0                   16380.00            -9.099817           -72.558104          F 
110175                          1                   0.0001000           1291                39.82               32.42               46.34               2869741.00          4                   0.15                26.99               27.01               10682.00            -9.732685           -61.939355          F 
110050                          1                   0.0001000           1291                39.82               32.42               46.34               2869741.00          0                   0.14                0                   0                   10393.00            -11.681047          -62.083187          F 
110013                          1                   0.0001000           1291                39.82               32.42               46.34               2869741.00          155                 0.51                306.79              318.50              36412.00            -9.204070           -62.010294          F 
110001                          1                   0.0001000           1291                39.82               32.42               46.34               2869741.00          1                   0.36                2.81                2.81                25652.00            -12.470071          -62.274560          F 
110025                          1                   0.0001000           1291                39.82               32.42               46.34               2869741.00          3                   0.32                9.49                9.50                22783.00            -11.166190          -61.877898          F 
110012                          1                   0.0001000           1291                39.82               32.42               46.34               2869741.00          40                  1.79                22.31               22.51               129242.00           -10.462197          -61.757091          F 
110090                          1                   0.0001000           1291                39.82               32.42               46.34               2869741.00          0                   0.051               0                   0                   3653.00             -11.470879          -61.879911          F 
120039                          1                   0.0001000           1291                39.82               32.42               46.34               2869741.00          0                   0.15                0                   0                   10453.00            -8.489533           -72.721389          F 
130170                          1                   0.0001000           1291                39.82               32.42               46.34               2869741.00          82                  0.70                117.65              119.97              50230.00            -7.362897           -62.485394          F 
130060                          1                   0.0001000           1291                39.82               32.42               46.34               2869741.00          0                   0.53                0                   0                   38533.00            -5.429327           -70.278296          F 
130230                          1                   0.0001000           1291                39.82               32.42               46.34               2869741.00          0                   0.24                0                   0                   16977.00            -4.713108           -68.403854          F 
110028                          1                   0.0001000           1291                39.82               32.42               46.34               2869741.00          2                   0.77                2.58                2.58                55807.00            -11.732560          -61.771453          F 
110120                          1                   0.0001000           1291                39.82               32.42               46.34               2869741.00          0                   0.15                0                   0                   10860.00            -11.160345          -61.568926          F 
110029                          1                   0.0001000           1291                39.82               32.42               46.34               2869741.00          0                   0.12                0                   0                   8706.00             -12.027061          -61.700877          F 
120020                          1                   0.0001000           1291                39.82               32.42               46.34               2869741.00          170                 1.12                151.35              157.68              80953.00            -7.974126           -72.761548          F 
110037                          1                   0.0001000           1291                39.82               32.42               46.34               2869741.00          3                   0.19                15.57               15.58               13884.00            -12.593622          -61.880777          F 
110148                          1                   0.0001000           1291                39.82               32.42               46.34               2869741.00          0                   0.085               0                   0                   6160.00             -11.904682          -61.467066          F 
110004                          1                   0.0001000           1291                39.82               32.42               46.34               2869741.00          31                  1.20                25.81               26.00               86556.00            -11.301237          -61.324689          F 
130420                          1                   0.0001000           1291                39.82               32.42               46.34               2869741.00          0                   0.87                0                   0                   62662.00            -4.468383           -65.529278          F 
130390                          1                   0.0001000           1291                39.82               32.42               46.34               2869741.00          0                   0.50                0                   0                   35757.00            -4.497836           -69.450565          F 
110147                          1                   0.0001000           1291                39.82               32.42               46.34               2869741.00          0                   0.049               0                   0                   3548.00             -11.878589          -61.315189          F 
110145                          1                   0.0001000           1291                39.82               32.42               46.34               2869741.00          1                   0.078               12.90               12.90               5589.00             -12.262291          -61.415241          F 
130165                          1                   0.0001000           1291                39.82               32.42               46.34               2869741.00          42                  0.22                194.52              196.48              15561.00            -7.229841           -72.844424          F 
510757                          1                   0.0001000           1291                39.82               32.42               46.34               2869741.00          0                   0.052               0                   0                   3759.00             -10.463060          -61.010088          F 
120042                          1                   0.0001000           1291                39.82               32.42               46.34               2869741.00          9                   0.23                39.37               39.45               16475.00            -7.841819           -73.222514          F 
130020                          1                   0.0001000           1291                39.82               32.42               46.34               2869741.00          0                   0.25                0                   0                   17658.00            -5.711940           -71.742673          F 
110146                          1                   0.0001000           1291                39.82               32.42               46.34               2869741.00          0                   0.034               0                   0                   2432.00             -13.173850          -61.545322          F 
110009                          1                   0.0001000           1291                39.82               32.42               46.34               2869741.00          9                   0.44                20.24               20.28               32047.00            -11.351368          -60.784721          F 
110018                          1                   0.0001000           1291                39.82               32.42               46.34               2869741.00          5                   0.52                9.68                9.69                37230.00            -11.894543          -60.830315          F 
120033                          1                   0.0001000           1291                39.82               32.42               46.34               2869741.00          6                   0.23                25.75               25.78               16795.00            -7.503753           -73.439585          F 
150285                          2                   0.0001000           533                 37.41               14.25               16.17               2740695.00          0                   0.18                0                   0                   13333.00            -1.845743           -55.113264          F 
150680                          2                   0.0001000           533                 37.41               14.25               16.17               2740695.00          18                  3.97                4.54                4.55                290521.00           -2.764647           -55.093854          F 
150480                          2                   0.0001000           533                 37.41               14.25               16.17               2740695.00          5                   0.77                6.51                6.52                56231.00            -1.119762           -54.365806          F 
150040                          2                   0.0001000           533                 37.41               14.25               16.17               2740695.00          3                   0.74                4.04                4.05                54353.00            -0.536230           -55.069883          F 
150797                          2                   0.0001000           533                 37.41               14.25               16.17               2740695.00          0                   0.24                0                   0                   17783.00            -1.952134           -56.458364          F 
150145                          2                   0.0001000           533                 37.41               14.25               16.17               2740695.00          0                   0.23                0                   0                   16924.00            -3.191161           -54.992826          F 
150390                          2                   0.0001000           533                 37.41               14.25               16.17               2740695.00          1                   0.72                1.39                1.39                52755.00            -2.622585           -56.221232          F 
150600                          2                   0.0001000           533                 37.41               14.25               16.17               2740695.00          0                   0.40                0                   0                   29270.00            -2.120276           -53.660235          F 
150510                          2                   0.0001000           533                 37.41               14.25               16.17               2740695.00          2                   0.69                2.91                2.91                50317.00            -0.170427           -55.674947          F 
130340                          2                   0.0001000           533                 37.41               14.25               16.17               2740695.00          2                   1.51                1.33                1.33                110411.00           -2.688407           -56.854026          F 
150100                          2                   0.0001000           533                 37.41               14.25               16.17               2740695.00          0                   0.22                0                   0                   15956.00            -3.667209           -56.016450          F 
150565                          2                   0.0001000           533                 37.41               14.25               16.17               2740695.00          1                   0.38                2.64                2.65                27700.00            -3.889977           -54.500599          F 
150815                          2                   0.0001000           533                 37.41               14.25               16.17               2740695.00          2                   0.61                3.28                3.29                44607.00            -3.583648           -53.807296          F 
150445                          2                   0.0001000           533                 37.41               14.25               16.17               2740695.00          2                   0.40                4.98                4.98                29444.00            -3.160218           -53.194916          F 
150619                          2                   0.0001000           533                 37.41               14.25               16.17               2740695.00          2                   0.62                3.21                3.21                45595.00            -4.241022           -55.210827          F 
130050                          2                   0.0001000           533                 37.41               14.25               16.17               2740695.00          0                   0.41                0                   0                   30202.00            -3.129157           -57.172390          F 
150050                          2                   0.0001000           533                 37.41               14.25               16.17               2740695.00          6                   0.46                13.14               13.15               33466.00            0.284350            -53.893460          F 
130300                          2                   0.0001000           533                 37.41               14.25               16.17               2740695.00          1                   0.27                3.65                3.65                20078.00            -1.680483           -57.656536          F 
150590                          2                   0.0001000           533                 37.41               14.25               16.17               2740695.00          2                   0.51                3.89                3.89                37669.00            -2.184494           -52.547960          F 
150300                          2                   0.0001000           533                 37.41               14.25               16.17               2740695.00          0                   0.10                0                   0                   7504.00             -1.158833           -57.806300          F 
150172                          2                   0.0001000           533                 37.41               14.25               16.17               2740695.00          0                   0.21                0                   0                   15139.00            -3.292151           -52.685423          F 
130440                          2                   0.0001000           533                 37.41               14.25               16.17               2740695.00          0                   0.28                0                   0                   20621.00            -2.812240           -57.770143          F 
130068                          2                   0.0001000           533                 37.41               14.25               16.17               2740695.00          0                   0.24                0                   0                   17248.00            -3.138082           -57.669942          F 
150530                          2                   0.0001000           533                 37.41               14.25               16.17               2740695.00          3                   0.93                3.24                3.24                67939.00            0.255032            -57.149736          F 
160080                          2                   0.0001000           533                 37.41               14.25               16.17               2740695.00          5                   0.19                26.08               26.11               14045.00            -0.997903           -52.061167          F 
150835                          2                   0.0001000           533                 37.41               14.25               16.17               2740695.00          0                   0.19                0                   0                   14242.00            -3.141047           -51.973342          F 
150805                          2                   0.0001000           533                 37.41               14.25               16.17               2740695.00          0                   0.24                0                   0                   17880.00            -5.130084           -56.003417          F 
160027                          2                   0.0001000           533                 37.41               14.25               16.17               2740695.00          127                 0.61                207.80              214.24              44777.00            1.096940            -53.306000          F 
130400                          2                   0.0001000           533                 37.41               14.25               16.17               2740695.00          0                   0.12                0                   0                   9014.00             -2.822093           -58.536128          F 
130200                          2                   0.0001000           533                 37.41               14.25               16.17               2740695.00          1                   0.12                8.27                8.27                8864.00             -2.498704           -58.619577          F 
130395                          2                   0.0001000           533                 37.41               14.25               16.17               2740695.00          0                   0.17                0                   0                   12451.00            -1.946118           -58.702338          F 
150310                          2                   0.0001000           533                 37.41               14.25               16.17               2740695.00          1                   0.43                2.35                2.35                31182.00            -1.151921           -51.555276          F 
160040                          2                   0.0001000           533                 37.41               14.25               16.17               2740695.00          0                   0.26                0                   0                   19157.00            -0.0730322          -51.943908          F 
130190                          2                   0.0001000           533                 37.41               14.25               16.17               2740695.00          1                   1.31                0.77                0.77                95714.00            -3.174662           -58.777136          F 
160015                          2                   0.0001000           533                 37.41               14.25               16.17               2740695.00          0                   0.18                0                   0                   13411.00            1.157828            -52.523712          F 
150450                          2                   0.0001000           533                 37.41               14.25               16.17               2740695.00          0                   0.36                0                   0                   26133.00            -1.607856           -51.104066          F 
130430                          2                   0.0001000           533                 37.41               14.25               16.17               2740695.00          1                   0.24                4.24                4.24                17264.00            -0.893871           -59.029898          F 
150780                          2                   0.0001000           533                 37.41               14.25               16.17               2740695.00          0                   0.16                0                   0                   12075.00            -4.171559           -51.773388          F 
130310                          2                   0.0001000           533                 37.41               14.25               16.17               2740695.00          0                   0.47                0                   0                   34498.00            -3.988364           -58.601783          F 
160053                          2                   0.0001000           533                 37.41               14.25               16.17               2740695.00          0                   0.26                0                   0                   19191.00            0.587711            -51.673569          F 
150580                          2                   0.0001000           533                 37.41               14.25               16.17               2740695.00          1                   0.78                1.28                1.28                57205.00            -2.565541           -50.955536          F 
160060                          2                   0.0001000           533                 37.41               14.25               16.17               2740695.00          26                  1.51                17.23               17.33               110565.00           0.128476            -51.379449          F 
150360                          2                   0.0001000           533                 37.41               14.25               16.17               2740695.00          91                  1.34                67.75               69.23               98405.00            -5.871333           -56.496545          F 
130290                          2                   0.0001000           533                 37.41               14.25               16.17               2740695.00          140                 0.80                174.34              180.31              58834.00            -4.984990           -58.060916          F 
150085                          2                   0.0001000           533                 37.41               14.25               16.17               2740695.00          0                   0.33                0                   0                   24525.00            -3.997294           -51.301209          F 
160005                          2                   0.0001000           533                 37.41               14.25               16.17               2740695.00          0                   0.066               0                   0                   4850.00             1.649528            -52.270468          F 
150180                          2                   0.0001000           533                 37.41               14.25               16.17               2740695.00          3                   1.33                2.26                2.26                97351.00            -1.121333           -50.628584          F 
130356                          2                   0.0001000           533                 37.41               14.25               16.17               2740695.00          0                   0.41                0                   0                   29771.00            -2.529891           -59.638156          F 
160023                          2                   0.0001000           533                 37.41               14.25               16.17               2740695.00          0                   0.092               0                   0                   6714.00             0.958713            -51.419182          F 
150030                          2                   0.0001000           533                 37.41               14.25               16.17               2740695.00          1                   0.51                1.98                1.98                37004.00            -0.263841           -50.727746          F 
130115                          2                   0.0001000           533                 37.41               14.25               16.17               2740695.00          0                   0.37                0                   0                   27357.00            -3.286228           -59.599493          F 
150060                          2                   0.0001000           533                 37.41               14.25               16.17               2740695.00          0                   1.46                0                   0                   106768.00           -6.486303           -53.886671          F 
130030                          2                   0.0001000           533                 37.41               14.25               16.17               2740695.00          0                   0.50                0                   0                   36301.00            -3.788879           -59.528635          F 
150548                          2                   0.0001000           533                 37.41               14.25               16.17               2740695.00          0                   0.60                0                   0                   43930.00            -3.684058           -50.631545          F 
130353                          2                   0.0001000           533                 37.41               14.25               16.17               2740695.00          2                   0.44                4.59                4.59                31903.00            -1.372564           -59.988741          F 
150110                          2                   0.0001000           533                 37.41               14.25               16.17               2740695.00          0                   0.38                0                   0                   27491.00            -2.372794           -50.181886          F 
160030                          2                   0.0001000           533                 37.41               14.25               16.17               2740695.00          83                  6.10                13.61               13.87               446757.00           0.554818            -50.700863          F 
510624                          3                   0.0001000           78                  18.95               4.12                4.18                2093846.00          0                   0.095               0                   0                   10508.00            -12.990775          -54.766813          F 
510850                          3                   0.0001000           78                  18.95               4.12                4.18                2093846.00          0                   0.096               0                   0                   10650.00            -12.420937          -55.345256          F 
510792                          3                   0.0001000           78                  18.95               4.12                4.18                2093846.00          4                   0.70                5.69                5.69                77735.00            -12.741400          -55.677809          F 
510630                          3                   0.0001000           78                  18.95               4.12                4.18                2093846.00          0                   0.19                0                   0                   20703.00            -13.676744          -54.108586          F 
510776                          3                   0.0001000           78                  18.95               4.12                4.18                2093846.00          0                   0.027               0                   0                   2935.00             -13.832607          -55.294029          F 
510724                          3                   0.0001000           78                  18.95               4.12                4.18                2093846.00          0                   0.039               0                   0                   4256.00             -11.935890          -54.903014          F 
510370                          3                   0.0001000           78                  18.95               4.12                4.18                2093846.00          0                   0.11                0                   0                   12440.00            -11.918239          -54.167552          F 
510385                          3                   0.0001000           78                  18.95               4.12                4.18                2093846.00          0                   0.062               0                   0                   6900.00             -12.996255          -53.455995          F 
510525                          3                   0.0001000           78                  18.95               4.12                4.18                2093846.00          2                   0.50                4.01                4.01                55094.00            -13.037820          -56.166103          F 
510622                          3                   0.0001000           78                  18.95               4.12                4.18                2093846.00          1                   0.35                2.89                2.89                38206.00            -13.630225          -56.104794          F 
510790                          3                   0.0001000           78                  18.95               4.12                4.18                2093846.00          5                   1.15                4.36                4.36                126817.00           -11.711912          -55.499834          F 
510830                          3                   0.0001000           78                  18.95               4.12                4.18                2093846.00          0                   0.033               0                   0                   3594.00             -11.528079          -54.315704          F 
510305                          3                   0.0001000           78                  18.95               4.12                4.18                2093846.00          0                   0.10                0                   0                   11457.00            -11.448470          -55.048169          F 
510452                          3                   0.0001000           78                  18.95               4.12                4.18                2093846.00          0                   0.057               0                   0                   6347.00             -12.014634          -56.055922          F 
510645                          3                   0.0001000           78                  18.95               4.12                4.18                2093846.00          0                   0.024               0                   0                   2665.00             -14.589849          -54.673101          F 
510590                          3                   0.0001000           78                  18.95               4.12                4.18                2093846.00          0                   0.14                0                   0                   14980.00            -14.368474          -55.792674          F 
510800                          3                   0.0001000           78                  18.95               4.12                4.18                2093846.00          0                   0.11                0                   0                   11950.00            -12.570964          -56.531900          F 
510620                          3                   0.0001000           78                  18.95               4.12                4.18                2093846.00          0                   0.037               0                   0                   4139.00             -14.787594          -55.044963          F 
510455                          3                   0.0001000           78                  18.95               4.12                4.18                2093846.00          0                   0.037               0                   0                   4124.00             -11.106900          -55.585363          F 
510730                          3                   0.0001000           78                  18.95               4.12                4.18                2093846.00          0                   0.17                0                   0                   18701.00            -13.552388          -56.811455          F 
510619                          3                   0.0001000           78                  18.95               4.12                4.18                2093846.00          0                   0.032               0                   0                   3550.00             -10.920430          -54.900941          F 
510770                          3                   0.0001000           78                  18.95               4.12                4.18                2093846.00          0                   0.16                0                   0                   17275.00            -14.767668          -55.935107          F 
510260                          3                   0.0001000           78                  18.95               4.12                4.18                2093846.00          0                   0.14                0                   0                   14971.00            -14.374493          -53.129163          F 
510454                          3                   0.0001000           78                  18.95               4.12                4.18                2093846.00          0                   0.054               0                   0                   5950.00             -12.141644          -56.750553          F 
510706                          3                   0.0001000           78                  18.95               4.12                4.18                2093846.00          0                   0.14                0                   0                   15121.00            -12.161387          -52.742100          F 
510704                          3                   0.0001000           78                  18.95               4.12                4.18                2093846.00          0                   0.51                0                   0                   56450.00            -15.098729          -54.219746          F 
510558                          3                   0.0001000           78                  18.95               4.12                4.18                2093846.00          0                   0.10                0                   0                   11090.00            -10.886197          -54.053071          F 
510300                          3                   0.0001000           78                  18.95               4.12                4.18                2093846.00          0                   0.17                0                   0                   18548.00            -15.110633          -55.540735          F 
510350                          3                   0.0001000           78                  18.95               4.12                4.18                2093846.00          1                   0.19                5.28                5.28                20945.00            -14.091918          -56.800725          F 
510680                          3                   0.0001000           78                  18.95               4.12                4.18                2093846.00          0                   0.049               0                   0                   5361.00             -11.731217          -56.747467          F 
510270                          3                   0.0001000           78                  18.95               4.12                4.18                2093846.00          0                   0.18                0                   0                   19948.00            -13.331224          -52.398800          F 
510600                          3                   0.0001000           78                  18.95               4.12                4.18                2093846.00          1                   0.055               18.03               18.04               6128.00             -14.347846          -56.719947          F 
510267                          3                   0.0001000           78                  18.95               4.12                4.18                2093846.00          0                   0.33                0                   0                   36800.00            -15.346163          -54.960330          F 
510890                          3                   0.0001000           78                  18.95               4.12                4.18                2093846.00          0                   0.068               0                   0                   7546.00             -12.786325          -57.219962          F 
510020                          3                   0.0001000           78                  18.95               4.12                4.18                2093846.00          0                   0.21                0                   0                   23057.00            -13.977087          -52.499920          F 
510794                          3                   0.0001000           78                  18.95               4.12                4.18                2093846.00          0                   0.087               0                   0                   9582.00             -11.212222          -56.489854          F 
510320                          3                   0.0001000           78                  18.95               4.12                4.18                2093846.00          1                   0.29                3.49                3.49                31707.00            -10.622571          -55.468060          F 
510805                          3                   0.0001000           78                  18.95               4.12                4.18                2093846.00          0                   0.094               0                   0                   10391.00            -10.507189          -54.979631          F 
510050                          3                   0.0001000           78                  18.95               4.12                4.18                2093846.00          0                   0.096               0                   0                   10592.00            -14.748960          -56.637866          F 
510130                          3                   0.0001000           78                  18.95               4.12                4.18                2093846.00          0                   0.089               0                   0                   9825.00             -14.506192          -56.859180          F 
510628                          3                   0.0001000           78                  18.95               4.12                4.18                2093846.00          0                   0.049               0                   0                   5465.00             -15.078424          -53.240963          F 
510621                          3                   0.0001000           78                  18.95               4.12                4.18                2093846.00          1                   0.11                8.96                8.96                12330.00            -10.700456          -56.042463          F 
510010                          3                   0.0001000           78                  18.95               4.12                4.18                2093846.00          0                   0.049               0                   0                   5396.00             -15.177691          -56.318806          F 
510360                          3                   0.0001000           78                  18.95               4.12                4.18                2093846.00          0                   0.073               0                   0                   8066.00             -15.658390          -54.773123          F 
510340                          3                   0.0001000           78                  18.95               4.12                4.18                2093846.00          9                   5.21                1.73                1.73                575480.00           -15.449032          -55.938648          F 
510345                          3                   0.0001000           78                  18.95               4.12                4.18                2093846.00          0                   0.081               0                   0                   8897.00             -14.724760          -56.962430          F 
510885                          3                   0.0001000           78                  18.95               4.12                4.18                2093846.00          0                   0.028               0                   0                   3080.00             -14.289654          -57.264471          F 
510880                          3                   0.0001000           78                  18.95               4.12                4.18                2093846.00          0                   0.042               0                   0                   4660.00             -10.288990          -55.336868          F 
510625                          3                   0.0001000           78                  18.95               4.12                4.18                2093846.00          0                   0.18                0                   0                   20273.00            -14.592851          -52.409471          F 
510390                          3                   0.0001000           78                  18.95               4.12                4.18                2093846.00          0                   0.048               0                   0                   5267.00             -15.557947          -53.391736          F 
510726                          3                   0.0001000           78                  18.95               4.12                4.18                2093846.00          0                   0.027               0                   0                   3032.00             -14.450629          -57.344112          F 
510490                          3                   0.0001000           78                  18.95               4.12                4.18                2093846.00          0                   0.071               0                   0                   7889.00             -15.330226          -56.550067          F 
510700                          3                   0.0001000           78                  18.95               4.12                4.18                2093846.00          0                   0.15                0                   0                   16677.00            -15.853389          -54.182186          F 
510480                          3                   0.0001000           78                  18.95               4.12                4.18                2093846.00          1                   0.24                4.20                4.21                26281.00            -15.903328          -55.110920          F 
510840                          3                   0.0001000           78                  18.95               4.12                4.18                2093846.00          0                   2.41                0                   0                   265775.00           -15.556527          -56.281346          F 
510627                          3                   0.0001000           78                  18.95               4.12                4.18                2093846.00          0                   0.035               0                   0                   3830.00             -11.386567          -57.308941          F 
510560                          3                   0.0001000           78                  18.95               4.12                4.18                2093846.00          8                   0.14                58.14               58.25               15206.00            -10.011788          -54.361207          F 
510617                          3                   0.0001000           78                  18.95               4.12                4.18                2093846.00          0                   0.031               0                   0                   3406.00             -14.155878          -51.889764          F 
510185                          3                   0.0001000           78                  18.95               4.12                4.18                2093846.00          0                   0.053               0                   0                   5889.00             -12.216986          -51.739360          F 
510279                          3                   0.0001000           78                  18.95               4.12                4.18                2093846.00          0                   0.095               0                   0                   10493.00            -10.104998          -55.830530          F 
510642                          3                   0.0001000           78                  18.95               4.12                4.18                2093846.00          16                  0.29                54.46               54.67               32464.00            -10.147782          -53.587442          F 
510735                          3                   0.0001000           78                  18.95               4.12                4.18                2093846.00          0                   0.048               0                   0                   5354.00             -10.696430          -52.616401          F 
510718                          3                   0.0001000           78                  18.95               4.12                4.18                2093846.00          0                   0.085               0                   0                   9440.00             -12.874322          -51.567902          F 
510623                          3                   0.0001000           78                  18.95               4.12                4.18                2093846.00          0                   0.17                0                   0                   18704.00            -14.783213          -57.400534          F 
510785                          3                   0.0001000           78                  18.95               4.12                4.18                2093846.00          0                   0.100               0                   0                   11039.00            -11.452949          -51.961623          F 
510263                          3                   0.0001000           78                  18.95               4.12                4.18                2093846.00          1                   0.28                3.55                3.55                31171.00            -13.689561          -57.932077          F 
510810                          3                   0.0001000           78                  18.95               4.12                4.18                2093846.00          0                   0.032               0                   0                   3498.00             -15.893517          -53.456248          F 
510035                          3                   0.0001000           78                  18.95               4.12                4.18                2093846.00          0                   0.054               0                   0                   5980.00             -11.810796          -51.749943          F 
510520                          3                   0.0001000           78                  18.95               4.12                4.18                2093846.00          0                   0.10                0                   0                   11179.00            -16.181159          -54.899911          F 
510190                          3                   0.0001000           78                  18.95               4.12                4.18                2093846.00          0                   0.16                0                   0                   17361.00            -12.425468          -57.995502          F 
510410                          3                   0.0001000           78                  18.95               4.12                4.18                2093846.00          11                  0.30                36.14               36.24               33632.00            -9.775286           -54.617359          F 
510180                          3                   0.0001000           78                  18.95               4.12                4.18                2093846.00          0                   0.53                0                   0                   58099.00            -15.359689          -52.497248          F 
510626                          3                   0.0001000           78                  18.95               4.12                4.18                2093846.00          1                   0.074               13.52               13.52               8174.00             -9.752651           -55.402225          F 
510610                          3                   0.0001000           78                  18.95               4.12                4.18                2093846.00          0                   0.10                0                   0                   11444.00            -15.836161          -56.525920          F 
510025                          3                   0.0001000           78                  18.95               4.12                4.18                2093846.00          15                  0.45                33.23               33.35               49877.00            -10.054593          -56.366407          F 
210232                          4                   0.0001000           44                  12.18               3.61                3.64                1069279.00          1                   0.79                1.26                1.26                69548.00            -4.493661           -46.342388          F 
210203                          4                   0.0001000           44                  12.18               3.61                3.64                1069279.00          0                   0.37                0                   0                   32133.00            -4.600704           -46.688724          F 
211000                          4                   0.0001000           44                  12.18               3.61                3.64                1069279.00          7                   0.86                8.11                8.13                75762.00            -4.325910           -45.885268          F 
210200                          4                   0.0001000           44                  12.18               3.61                3.64                1069279.00          1                   0.46                2.17                2.17                40405.00            -3.900294           -46.418166          F 
210095                          4                   0.0001000           44                  12.18               3.61                3.64                1069279.00          0                   0.36                0                   0                   31944.00            -5.060040           -45.954318          F 
210047                          4                   0.0001000           44                  12.18               3.61                3.64                1069279.00          5                   0.36                14.04               14.06               31271.00            -3.880456           -46.007745          F 
210215                          4                   0.0001000           44                  12.18               3.61                3.64                1069279.00          0                   0.049               0                   0                   4291.00             -4.369485           -45.549445          F 
210635                          4                   0.0001000           44                  12.18               3.61                3.64                1069279.00          0                   0.088               0                   0                   7689.00             -4.736924           -45.558563          F 
210060                          4                   0.0001000           44                  12.18               3.61                3.64                1069279.00          1                   0.46                2.20                2.20                39974.00            -5.285725           -46.573078          F 
210040                          4                   0.0001000           44                  12.18               3.61                3.64                1069279.00          0                   0.13                0                   0                   11699.00            -4.168960           -45.503735          F 
211102                          4                   0.0001000           44                  12.18               3.61                3.64                1069279.00          2                   0.18                11.29               11.29               15558.00            -3.559519           -46.392487          F 
210542                          4                   0.0001000           44                  12.18               3.61                3.64                1069279.00          1                   0.29                3.46                3.46                25357.00            -4.271325           -47.260573          F 
210535                          4                   0.0001000           44                  12.18               3.61                3.64                1069279.00          1                   0.16                6.14                6.14                14298.00            -5.145868           -45.640663          F 
210810                          4                   0.0001000           44                  12.18               3.61                3.64                1069279.00          3                   0.23                12.83               12.84               20539.00            -4.519491           -45.361569          F 
210005                          4                   0.0001000           44                  12.18               3.61                3.64                1069279.00          2                   1.24                1.61                1.62                108765.00           -4.785872           -47.332250          F 
210596                          4                   0.0001000           44                  12.18               3.61                3.64                1069279.00          2                   0.15                13.70               13.70               12822.00            -4.929942           -45.400875          F 
211300                          4                   0.0001000           44                  12.18               3.61                3.64                1069279.00          0                   0.35                0                   0                   30937.00            -4.243861           -45.312642          F 
211227                          4                   0.0001000           44                  12.18               3.61                3.64                1069279.00          0                   0.065               0                   0                   5699.00             -3.757538           -45.581194          F 
210990                          4                   0.0001000           44                  12.18               3.61                3.64                1069279.00          2                   0.94                2.12                2.12                82680.00            -3.871839           -45.434294          F 
210550                          4                   0.0001000           44                  12.18               3.61                3.64                1069279.00          0                   0.27                0                   0                   23338.00            -5.227371           -47.182857          F 
211176                          4                   0.0001000           44                  12.18               3.61                3.64                1069279.00          0                   0.16                0                   0                   14195.00            -5.325134           -47.107834          F 
210465                          4                   0.0001000           44                  12.18               3.61                3.64                1069279.00          0                   0.11                0                   0                   10060.00            -3.421759           -45.920143          F 
210547                          4                   0.0001000           44                  12.18               3.61                3.64                1069279.00          0                   0.18                0                   0                   16015.00            -5.390799           -45.575691          F 
210570                          4                   0.0001000           44                  12.18               3.61                3.64                1069279.00          2                   0.55                3.62                3.62                48511.00            -4.753793           -45.182696          F 
211085                          4                   0.0001000           44                  12.18               3.61                3.64                1069279.00          4                   0.13                31.25               31.28               11242.00            -5.158471           -47.353530          F 
210850                          4                   0.0001000           44                  12.18               3.61                3.64                1069279.00          3                   0.36                8.22                8.23                32037.00            -3.691451           -45.437504          F 
211172                          4                   0.0001000           44                  12.18               3.61                3.64                1069279.00          0                   0.15                0                   0                   13231.00            -3.938769           -45.259330          F 
210235                          4                   0.0001000           44                  12.18               3.61                3.64                1069279.00          0                   0.17                0                   0                   15055.00            -5.518122           -47.061504          F 
211400                          4                   0.0001000           44                  12.18               3.61                3.64                1069279.00          2                   0.57                3.50                3.50                50190.00            -3.275512           -45.968477          F 
210740                          4                   0.0001000           44                  12.18               3.61                3.64                1069279.00          0                   0.22                0                   0                   19009.00            -4.094537           -45.120265          F 
210177                          4                   0.0001000           44                  12.18               3.61                3.64                1069279.00          1                   0.12                8.10                8.11                10836.00            -3.758452           -45.264977          F 
210207                          4                   0.0001000           44                  12.18               3.61                3.64                1069279.00          0                   0.18                0                   0                   15655.00            -4.346562           -45.020966          F 
150812                          4                   0.0001000           44                  12.18               3.61                3.64                1069279.00          1                   0.59                1.69                1.69                51956.00            -3.809797           -47.493553          F 
210580                          4                   0.0001000           44                  12.18               3.61                3.64                1069279.00          0                   0.12                0                   0                   10565.00            -4.541277           -44.981108          F 
210480                          4                   0.0001000           44                  12.18               3.61                3.64                1069279.00          3                   0.75                3.99                3.99                66013.00            -5.823099           -46.054675          F 
220420                          5                   0.1560              4                   0.076               52.52               52.57               16558.00            1                   0.041               24.17               24.18               8993.00             -7.021665           -41.148475          F 
220650                          5                   0.1560              4                   0.076               52.52               52.57               16558.00            3                   0.035               86.21               86.27               7565.00             -6.918369           -41.038089          F 
210440                          6                   0.3200              15                  3.31                4.54                4.55                487082.00           1                   0.12                8.38                8.39                17576.00            -5.152015           -44.170468          F 
210450                          6                   0.3200              15                  3.31                4.54                4.55                487082.00           1                   0.071               13.99               13.99               10531.00            -4.997516           -44.218996          F 
211174                          6                   0.3200              15                  3.31                4.54                4.55                487082.00           0                   0.073               0                   0                   10763.00            -5.261142           -43.984607          F 
210460                          6                   0.3200              15                  3.31                4.54                4.55                487082.00           0                   0.11                0                   0                   16386.00            -5.385267           -44.067223          F 
210380                          6                   0.3200              15                  3.31                4.54                4.55                487082.00           0                   0.16                0                   0                   22863.00            -5.023384           -44.395432          F 
210470                          6                   0.3200              15                  3.31                4.54                4.55                487082.00           0                   0.042               0                   0                   6147.00             -5.414674           -44.318150          F 
210910                          6                   0.3200              15                  3.31                4.54                4.55                487082.00           0                   0.31                0                   0                   46369.00            -5.285985           -44.456692          F 
210462                          6                   0.3200              15                  3.31                4.54                4.55                487082.00           0                   0.051               0                   0                   7580.00             -5.537002           -44.093332          F 
211125                          6                   0.3200              15                  3.31                4.54                4.55                487082.00           0                   0.051               0                   0                   7501.00             -5.038681           -44.569784          F 
211107                          6                   0.3200              15                  3.31                4.54                4.55                487082.00           0                   0.12                0                   0                   17956.00            -5.040153           -43.766617          F 
211030                          6                   0.3200              15                  3.31                4.54                4.55                487082.00           1                   0.097               10.33               10.33               14270.00            -4.826451           -44.481210          F 
210275                          6                   0.3200              15                  3.31                4.54                4.55                487082.00           0                   0.073               0                   0                   10725.00            -4.682141           -44.306296          F 
211070                          6                   0.3200              15                  3.31                4.54                4.55                487082.00           4                   0.23                17.48               17.50               33716.00            -5.638122           -44.336502          F 
210420                          6                   0.3200              15                  3.31                4.54                4.55                487082.00           1                   0.10                9.68                9.68                15226.00            -5.668344           -44.029543          F 
210975                          6                   0.3200              15                  3.31                4.54                4.55                487082.00           0                   0.051               0                   0                   7503.00             -5.519274           -44.615397          F 
210560                          6                   0.3200              15                  3.31                4.54                4.55                487082.00           2                   0.11                18.66               18.67               15792.00            -5.013724           -44.756650          F 
210330                          6                   0.3200              15                  3.31                4.54                4.55                487082.00           2                   0.81                2.46                2.46                119962.00           -4.607417           -43.886093          F 
210600                          6                   0.3200              15                  3.31                4.54                4.55                487082.00           0                   0.079               0                   0                   11612.00            -4.556850           -44.464734          F 
210820                          6                   0.3200              15                  3.31                4.54                4.55                487082.00           2                   0.26                7.64                7.64                38582.00            -4.619189           -44.591691          F 
210193                          6                   0.3200              15                  3.31                4.54                4.55                487082.00           0                   0.040               0                   0                   5860.00             -4.675717           -44.690475          F 
210545                          6                   0.3200              15                  3.31                4.54                4.55                487082.00           0                   0.065               0                   0                   9596.00             -5.852174           -44.294115          F 
211230                          6                   0.3200              15                  3.31                4.54                4.55                487082.00           1                   0.28                3.63                3.63                40566.00            -5.605333           -44.725202          F 
