1                   1                   1                   4466                106.66              41.87               60.68               2097341.00          
2                   1                   1                   805                 84.62               9.51                10.03               1636857.00          
3                   1                   1                   88                  0.78                113.14              113.84              15127.00            
4                   1                   1                   60                  0.38                158.01              158.68              7385.00             
5                   1                   1                   58                  5.56                10.43               10.47               107552.00           
6                   1                   1                   230                 109.38              2.10                2.12                4325555.00          
7                   1                   1                   37                  6.83                5.42                5.43                161029.00           
8                   1                   1                   12                  0.47                25.27               25.29               18573.00            
9                   1                   1                   23                  3.59                6.40                6.41                84679.00            
10                  1                   1                   9                   0.46                19.65               19.66               26721.00            
11                  1                   1                   16                  2.27                7.04                7.05                52855.00            
12                  1                   1                   14                  3.35                4.19                4.19                77817.00            
13                  1                   1                   6                   0.65                9.20                9.20                38045.00            
