510325                          1                   0.0001000           2696                63.43               42.50               66.76               2770188.00          11                  0.91                12.05               12.07               39861.00            -9.292283           -60.305531          F 
510140                          1                   0.0001000           2696                63.43               42.50               66.76               2770188.00          5                   0.52                9.61                9.62                22714.00            -10.187963          -59.839297          F 
510757                          1                   0.0001000           2696                63.43               42.50               66.76               2770188.00          0                   0.092               0                   0                   4036.00             -10.463060          -61.010088          F 
510337                          1                   0.0001000           2696                63.43               42.50               66.76               2770188.00          0                   0.46                0                   0                   20238.00            -9.536841           -58.677801          F 
110175                          1                   0.0001000           2696                63.43               42.50               66.76               2770188.00          5                   0.26                19.19               19.21               11377.00            -9.732685           -61.939355          F 
110013                          1                   0.0001000           2696                63.43               42.50               66.76               2770188.00          98                  0.94                104.73              106.13              40867.00            -9.204070           -62.010294          F 
130014                          1                   0.0001000           2696                63.43               42.50               66.76               2770188.00          10                  0.51                19.53               19.56               22359.00            -7.759871           -59.431439          F 
110012                          1                   0.0001000           2696                63.43               42.50               66.76               2770188.00          44                  2.98                14.78               14.86               130009.00           -10.462197          -61.757091          F 
510517                          1                   0.0001000           2696                63.43               42.50               66.76               2770188.00          0                   0.37                0                   0                   16335.00            -10.359620          -58.592177          F 
110180                          1                   0.0001000           2696                63.43               42.50               66.76               2770188.00          2                   0.15                13.12               13.13               6656.00             -10.384134          -62.093876          F 
110009                          1                   0.0001000           2696                63.43               42.50               66.76               2770188.00          9                   0.75                12.02               12.04               32695.00            -11.351368          -60.784721          F 
110160                          1                   0.0001000           2696                63.43               42.50               66.76               2770188.00          11                  0.24                46.21               46.28               10395.00            -10.121814          -62.342289          F 
110094                          1                   0.0001000           2696                63.43               42.50               66.76               2770188.00          13                  0.60                21.68               21.72               26183.00            -9.170974           -62.565037          F 
110120                          1                   0.0001000           2696                63.43               42.50               66.76               2770188.00          8                   0.22                36.55               36.59               9559.00             -11.160345          -61.568926          F 
110004                          1                   0.0001000           2696                63.43               42.50               66.76               2770188.00          34                  1.97                17.29               17.36               85893.00            -11.301237          -61.324689          F 
510615                          1                   0.0001000           2696                63.43               42.50               66.76               2770188.00          0                   0.36                0                   0                   15685.00            -9.768714           -58.076318          F 
110015                          1                   0.0001000           2696                63.43               42.50               66.76               2770188.00          5                   0.82                6.11                6.11                35737.00            -10.610539          -62.172424          F 
510285                          1                   0.0001000           2696                63.43               42.50               66.76               2770188.00          0                   0.20                0                   0                   8749.00             -10.955815          -58.604328          F 
110025                          1                   0.0001000           2696                63.43               42.50               66.76               2770188.00          14                  0.43                32.92               32.98               18571.00            -11.166190          -61.877898          F 
510515                          1                   0.0001000           2696                63.43               42.50               66.76               2770188.00          0                   0.94                0                   0                   41101.00            -11.533422          -59.327120          F 
130330                          1                   0.0001000           2696                63.43               42.50               66.76               2770188.00          3                   0.60                5.03                5.03                26046.00            -6.825051           -60.477192          F 
110026                          1                   0.0001000           2696                63.43               42.50               66.76               2770188.00          0                   0.087               0                   0                   3804.00             -9.645106           -62.790311          F 
510080                          1                   0.0001000           2696                63.43               42.50               66.76               2770188.00          1                   0.24                4.25                4.25                10283.00            -8.753341           -57.827599          F 
110155                          1                   0.0001000           2696                63.43               42.50               66.76               2770188.00          0                   0.097               0                   0                   4233.00             -10.943464          -62.279708          F 
110011                          1                   0.0001000           2696                63.43               42.50               66.76               2770188.00          41                  1.18                34.69               34.88               51620.00            -10.592446          -62.584788          F 
110018                          1                   0.0001000           2696                63.43               42.50               66.76               2770188.00          12                  0.84                14.21               14.23               36881.00            -11.894543          -60.830315          F 
110090                          1                   0.0001000           2696                63.43               42.50               66.76               2770188.00          0                   0.068               0                   0                   2987.00             -11.470879          -61.879911          F 
110002                          1                   0.0001000           2696                63.43               42.50               66.76               2770188.00          139                 2.51                55.43               56.48               109523.00           -9.951979           -62.957373          F 
110110                          1                   0.0001000           2696                63.43               42.50               66.76               2770188.00          3                   0.24                12.31               12.32               10641.00            -9.170195           -63.044988          F 
110143                          1                   0.0001000           2696                63.43               42.50               66.76               2770188.00          6                   0.16                38.00               38.03               6895.00             -10.889526          -62.532438          F 
110170                          1                   0.0001000           2696                63.43               42.50               66.76               2770188.00          5                   0.26                19.37               19.38               11272.00            -11.103908          -62.424021          F 
110147                          1                   0.0001000           2696                63.43               42.50               66.76               2770188.00          0                   0.064               0                   0                   2776.00             -11.878589          -61.315189          F 
110030                          1                   0.0001000           2696                63.43               42.50               66.76               2770188.00          33                  2.34                14.10               14.16               102211.00           -12.087986          -60.252451          F 
110028                          1                   0.0001000           2696                63.43               42.50               66.76               2770188.00          10                  1.27                7.88                7.89                55407.00            -11.732560          -61.771453          F 
110060                          1                   0.0001000           2696                63.43               42.50               66.76               2770188.00          2                   0.14                13.93               13.94               6269.00             -10.331685          -62.987180          F 
110148                          1                   0.0001000           2696                63.43               42.50               66.76               2770188.00          0                   0.12                0                   0                   5066.00             -11.904682          -61.467066          F 
130170                          1                   0.0001000           2696                63.43               42.50               66.76               2770188.00          67                  1.29                52.12               52.59               56144.00            -7.362897           -62.485394          F 
110014                          1                   0.0001000           2696                63.43               42.50               66.76               2770188.00          4                   0.47                8.53                8.53                20489.00            -11.564334          -62.233031          F 
110050                          1                   0.0001000           2696                63.43               42.50               66.76               2770188.00          1                   0.19                5.24                5.24                8329.00             -11.681047          -62.083187          F 
110034                          1                   0.0001000           2696                63.43               42.50               66.76               2770188.00          0                   0.32                0                   0                   14106.00            -11.311455          -62.544783          F 
110080                          1                   0.0001000           2696                63.43               42.50               66.76               2770188.00          23                  0.63                36.67               36.79               27388.00            -8.887011           -63.325581          F 
130270                          1                   0.0001000           2696                63.43               42.50               66.76               2770188.00          3                   1.30                2.32                2.32                56583.00            -6.459804           -61.446481          F 
110029                          1                   0.0001000           2696                63.43               42.50               66.76               2770188.00          0                   0.14                0                   0                   6216.00             -12.027061          -61.700877          F 
110040                          1                   0.0001000           2696                63.43               42.50               66.76               2770188.00          9                   0.50                17.99               18.01               21847.00            -9.649274           -63.394283          F 
110130                          1                   0.0001000           2696                63.43               42.50               66.76               2770188.00          9                   0.25                36.33               36.38               10818.00            -11.076985          -62.848279          F 
510895                          1                   0.0001000           2696                63.43               42.50               66.76               2770188.00          0                   0.21                0                   0                   9277.00             -9.964637           -57.251389          F 
110140                          1                   0.0001000           2696                63.43               42.50               66.76               2770188.00          10                  0.37                27.28               27.32               16007.00            -10.210793          -63.372281          F 
110145                          1                   0.0001000           2696                63.43               42.50               66.76               2770188.00          0                   0.14                0                   0                   6198.00             -12.262291          -61.415241          F 
510510                          1                   0.0001000           2696                63.43               42.50               66.76               2770188.00          0                   0.80                0                   0                   35121.00            -11.021025          -57.612138          F 
110100                          1                   0.0001000           2696                63.43               42.50               66.76               2770188.00          2                   0.17                11.73               11.73               7445.00             -10.748055          -63.183884          F 
110092                          1                   0.0001000           2696                63.43               42.50               66.76               2770188.00          2                   0.26                7.61                7.62                11472.00            -12.537404          -60.898400          F 
110032                          1                   0.0001000           2696                63.43               42.50               66.76               2770188.00          8                   0.53                15.14               15.15               23077.00            -11.628169          -62.941940          F 
150375                          1                   0.0001000           2696                63.43               42.50               66.76               2770188.00          252                 0.17                1449.96             1501.70             7590.00             -7.445178           -57.302829          F 
510629                          1                   0.0001000           2696                63.43               42.50               66.76               2770188.00          0                   0.26                0                   0                   11244.00            -9.593078           -56.684722          F 
510627                          1                   0.0001000           2696                63.43               42.50               66.76               2770188.00          0                   0.093               0                   0                   4051.00             -11.386567          -57.308941          F 
110070                          1                   0.0001000           2696                63.43               42.50               66.76               2770188.00          12                  0.33                36.73               36.79               14266.00            -10.485091          -63.799446          F 
110037                          1                   0.0001000           2696                63.43               42.50               66.76               2770188.00          0                   0.30                0                   0                   13255.00            -12.593622          -61.880777          F 
110045                          1                   0.0001000           2696                63.43               42.50               66.76               2770188.00          34                  0.92                36.79               36.96               40356.00            -10.052159          -63.941154          F 
110007                          1                   0.0001000           2696                63.43               42.50               66.76               2770188.00          0                   0.17                0                   0                   7220.00             -12.926666          -61.091715          F 
110001                          1                   0.0001000           2696                63.43               42.50               66.76               2770188.00          0                   0.52                0                   0                   22728.00            -12.470071          -62.274560          F 
110150                          1                   0.0001000           2696                63.43               42.50               66.76               2770188.00          0                   0.27                0                   0                   11851.00            -11.807291          -63.230667          F 
510190                          1                   0.0001000           2696                63.43               42.50               66.76               2770188.00          0                   0.46                0                   0                   20140.00            -12.425468          -57.995502          F 
110006                          1                   0.0001000           2696                63.43               42.50               66.76               2770188.00          1                   0.36                2.81                2.81                15544.00            -13.159213          -60.550197          F 
510330                          1                   0.0001000           2696                63.43               42.50               66.76               2770188.00          2                   0.48                4.16                4.16                21008.00            -13.189673          -59.752227          F 
110020                          1                   0.0001000           2696                63.43               42.50               66.76               2770188.00          994                 12.35               80.48               93.00               539354.00           -9.153039           -64.305489          F 
510025                          1                   0.0001000           2696                63.43               42.50               66.76               2770188.00          10                  1.19                8.40                8.42                51959.00            -10.054593          -56.366407          F 
110005                          1                   0.0001000           2696                63.43               42.50               66.76               2770188.00          4                   0.37                10.78               10.79               16204.00            -13.203669          -61.260843          F 
110146                          1                   0.0001000           2696                63.43               42.50               66.76               2770188.00          0                   0.049               0                   0                   2148.00             -13.173850          -61.545322          F 
110149                          1                   0.0001000           2696                63.43               42.50               66.76               2770188.00          18                  0.47                38.01               38.10               20681.00            -12.368674          -63.122203          F 
510787                          1                   0.0001000           2696                63.43               42.50               66.76               2770188.00          0                   0.61                0                   0                   26688.00            -13.152251          -58.653484          F 
110003                          1                   0.0001000           2696                63.43               42.50               66.76               2770188.00          0                   0.12                0                   0                   5188.00             -13.474873          -60.639653          F 
130090                          1                   0.0001000           2696                63.43               42.50               66.76               2770188.00          0                   0.36                0                   0                   15807.00            -7.403346           -64.096665          F 
510794                          1                   0.0001000           2696                63.43               42.50               66.76               2770188.00          0                   0.22                0                   0                   9429.00             -11.212222          -56.489854          F 
510680                          1                   0.0001000           2696                63.43               42.50               66.76               2770188.00          0                   0.12                0                   0                   5363.00             -11.731217          -56.747467          F 
110033                          1                   0.0001000           2696                63.43               42.50               66.76               2770188.00          2                   0.72                2.78                2.78                31392.00            -10.382239          -64.629270          F 
130080                          1                   0.0001000           2696                63.43               42.50               66.76               2770188.00          0                   0.96                0                   0                   41748.00            -4.957034           -59.534428          F 
510268                          1                   0.0001000           2696                63.43               42.50               66.76               2770188.00          0                   0.16                0                   0                   7070.00             -13.578425          -59.192168          F 
510621                          1                   0.0001000           2696                63.43               42.50               66.76               2770188.00          0                   0.29                0                   0                   12831.00            -10.700456          -56.042463          F 
510279                          1                   0.0001000           2696                63.43               42.50               66.76               2770188.00          0                   0.23                0                   0                   10199.00            -10.104998          -55.830530          F 
510454                          1                   0.0001000           2696                63.43               42.50               66.76               2770188.00          0                   0.16                0                   0                   6885.00             -12.141644          -56.750553          F 
510890                          1                   0.0001000           2696                63.43               42.50               66.76               2770188.00          0                   0.20                0                   0                   8850.00             -12.786325          -57.219962          F 
110010                          1                   0.0001000           2696                63.43               42.50               66.76               2770188.00          6                   1.07                5.63                5.63                46556.00            -11.305773          -64.537463          F 
110008                          1                   0.0001000           2696                63.43               42.50               66.76               2770188.00          2                   0.43                4.65                4.65                18798.00            -12.147321          -64.058780          F 
150503                          1                   0.0001000           2696                63.43               42.50               66.76               2770188.00          23                  0.59                38.98               39.10               25766.00            -8.062463           -55.612052          F 
130290                          1                   0.0001000           2696                63.43               42.50               66.76               2770188.00          298                 1.49                200.09              208.56              65040.00            -4.984990           -58.060916          F 
510626                          1                   0.0001000           2696                63.43               42.50               66.76               2770188.00          1                   0.21                4.66                4.66                9363.00             -9.752651           -55.402225          F 
130063                          1                   0.0001000           2696                63.43               42.50               66.76               2770188.00          0                   0.46                0                   0                   20093.00            -4.603475           -61.787364          F 
510320                          1                   0.0001000           2696                63.43               42.50               66.76               2770188.00          12                  0.77                15.57               15.60               33649.00            -10.622571          -55.468060          F 
510800                          1                   0.0001000           2696                63.43               42.50               66.76               2770188.00          0                   0.32                0                   0                   14046.00            -12.570964          -56.531900          F 
510263                          1                   0.0001000           2696                63.43               42.50               66.76               2770188.00          3                   0.83                3.62                3.63                36143.00            -13.689561          -57.932077          F 
510452                          1                   0.0001000           2696                63.43               42.50               66.76               2770188.00          0                   0.18                0                   0                   7920.00             -12.014634          -56.055922          F 
510455                          1                   0.0001000           2696                63.43               42.50               66.76               2770188.00          0                   0.085               0                   0                   3704.00             -11.106900          -55.585363          F 
510880                          1                   0.0001000           2696                63.43               42.50               66.76               2770188.00          0                   0.10                0                   0                   4464.00             -10.288990          -55.336868          F 
510618                          1                   0.0001000           2696                63.43               42.50               66.76               2770188.00          0                   0.15                0                   0                   6751.00             -14.301166          -59.771479          F 
150360                          1                   0.0001000           2696                63.43               42.50               66.76               2770188.00          360                 2.32                155.05              163.04              101395.00           -5.871333           -56.496545          F 
160027                          2                   0.0001000           101                 1.16                86.82               88.02               51362.00            101                 1.16                86.82               88.02               51362.00            1.096940            -53.306000          F 
210465                          3                   0.0001000           194                 42.46               4.57                4.67                1854132.00          1                   0.23                4.30                4.30                10151.00            -3.421759           -45.920143          F 
211400                          3                   0.0001000           194                 42.46               4.57                4.67                1854132.00          9                   1.19                7.56                7.57                51956.00            -3.275512           -45.968477          F 
210087                          3                   0.0001000           194                 42.46               4.57                4.67                1854132.00          0                   0.36                0                   0                   15551.00            -3.079638           -45.787376          F 
210047                          3                   0.0001000           194                 42.46               4.57                4.67                1854132.00          10                  0.73                13.67               13.69               31943.00            -3.880456           -46.007745          F 
211227                          3                   0.0001000           194                 42.46               4.57                4.67                1854132.00          0                   0.13                0                   0                   5854.00             -3.757538           -45.581194          F 
211102                          3                   0.0001000           194                 42.46               4.57                4.67                1854132.00          8                   0.36                22.13               22.15               15787.00            -3.559519           -46.392487          F 
210735                          3                   0.0001000           194                 42.46               4.57                4.67                1854132.00          1                   0.48                2.07                2.07                21080.00            -2.896221           -45.955324          F 
210850                          3                   0.0001000           194                 42.46               4.57                4.67                1854132.00          0                   0.76                0                   0                   33065.00            -3.691451           -45.437504          F 
210690                          3                   0.0001000           194                 42.46               4.57                4.67                1854132.00          0                   0.77                0                   0                   33664.00            -3.479863           -45.320156          F 
210825                          3                   0.0001000           194                 42.46               4.57                4.67                1854132.00          1                   0.58                1.72                1.72                25354.00            -2.989105           -45.429993          F 
210830                          3                   0.0001000           194                 42.46               4.57                4.67                1854132.00          2                   0.89                2.26                2.26                38731.00            -3.251174           -45.285441          F 
210990                          3                   0.0001000           194                 42.46               4.57                4.67                1854132.00          9                   2.05                4.39                4.40                89489.00            -3.871839           -45.434294          F 
210200                          3                   0.0001000           194                 42.46               4.57                4.67                1854132.00          9                   0.96                9.40                9.41                41822.00            -3.900294           -46.418166          F 
210317                          3                   0.0001000           194                 42.46               4.57                4.67                1854132.00          1                   0.50                2.00                2.00                21840.00            -3.086137           -46.538028          F 
210177                          3                   0.0001000           194                 42.46               4.57                4.67                1854132.00          2                   0.26                7.74                7.75                11279.00            -3.758452           -45.264977          F 
210515                          3                   0.0001000           194                 42.46               4.57                4.67                1854132.00          1                   0.33                3.05                3.05                14324.00            -3.650085           -45.119947          F 
211172                          3                   0.0001000           194                 42.46               4.57                4.67                1854132.00          0                   0.32                0                   0                   14096.00            -3.938769           -45.259330          F 
210040                          3                   0.0001000           194                 42.46               4.57                4.67                1854132.00          0                   0.19                0                   0                   8189.00             -4.168960           -45.503735          F 
210250                          3                   0.0001000           194                 42.46               4.57                4.67                1854132.00          0                   0.45                0                   0                   19451.00            -3.382683           -45.030399          F 
211003                          3                   0.0001000           194                 42.46               4.57                4.67                1854132.00          3                   0.58                5.16                5.17                25371.00            -2.539736           -45.792268          F 
211000                          3                   0.0001000           194                 42.46               4.57                4.67                1854132.00          26                  1.67                15.58               15.63               72887.00            -4.325910           -45.885268          F 
210870                          3                   0.0001000           194                 42.46               4.57                4.67                1854132.00          4                   0.49                8.17                8.17                21379.00            -3.851378           -45.093343          F 
211280                          3                   0.0001000           194                 42.46               4.57                4.67                1854132.00          1                   1.21                0.83                0.83                52649.00            -3.156166           -45.002041          F 
210637                          3                   0.0001000           194                 42.46               4.57                4.67                1854132.00          2                   0.38                5.29                5.29                16511.00            -2.452057           -45.988295          F 
210650                          3                   0.0001000           194                 42.46               4.57                4.67                1854132.00          0                   0.54                0                   0                   23482.00            -3.071373           -45.001708          F 
210927                          3                   0.0001000           194                 42.46               4.57                4.67                1854132.00          1                   0.44                2.29                2.29                19069.00            -2.586560           -45.361129          F 
211290                          3                   0.0001000           194                 42.46               4.57                4.67                1854132.00          0                   0.75                0                   0                   32861.00            -3.567466           -44.923697          F 
210745                          3                   0.0001000           194                 42.46               4.57                4.67                1854132.00          1                   0.34                2.94                2.94                14836.00            -2.975264           -45.010113          F 
210215                          3                   0.0001000           194                 42.46               4.57                4.67                1854132.00          0                   0.21                0                   0                   9014.00             -4.369485           -45.549445          F 
211300                          3                   0.0001000           194                 42.46               4.57                4.67                1854132.00          1                   0.72                1.39                1.39                31522.00            -4.243861           -45.312642          F 
210740                          3                   0.0001000           194                 42.46               4.57                4.67                1854132.00          0                   0.45                0                   0                   19561.00            -4.094537           -45.120265          F 
210315                          3                   0.0001000           194                 42.46               4.57                4.67                1854132.00          2                   0.31                6.39                6.39                13670.00            -2.367505           -46.128105          F 
211050                          3                   0.0001000           194                 42.46               4.57                4.67                1854132.00          0                   1.04                0                   0                   45604.00            -2.798485           -44.999458          F 
210923                          3                   0.0001000           194                 42.46               4.57                4.67                1854132.00          0                   0.16                0                   0                   7070.00             -2.318820           -45.773469          F 
211170                          3                   0.0001000           194                 42.46               4.57                4.67                1854132.00          0                   0.51                0                   0                   22350.00            -2.877163           -44.939344          F 
210980                          3                   0.0001000           194                 42.46               4.57                4.67                1854132.00          9                   0.97                9.25                9.26                42483.00            -2.426092           -45.383311          F 
210355                          3                   0.0001000           194                 42.46               4.57                4.67                1854132.00          0                   0.38                0                   0                   16400.00            -3.798051           -44.838213          F 
210232                          3                   0.0001000           194                 42.46               4.57                4.67                1854132.00          5                   1.67                2.99                2.99                72983.00            -4.493661           -46.342388          F 
210760                          3                   0.0001000           194                 42.46               4.57                4.67                1854132.00          0                   0.45                0                   0                   19781.00            -2.692804           -45.025090          F 
210590                          3                   0.0001000           194                 42.46               4.57                4.67                1854132.00          1                   0.37                2.68                2.68                16314.00            -3.990758           -44.883285          F 
210100                          3                   0.0001000           194                 42.46               4.57                4.67                1854132.00          0                   0.69                0                   0                   29932.00            -3.533252           -44.727340          F 
210860                          3                   0.0001000           194                 42.46               4.57                4.67                1854132.00          37                  1.92                19.29               19.38               83777.00            -2.504333           -45.132674          F 
210810                          3                   0.0001000           194                 42.46               4.57                4.67                1854132.00          5                   0.48                10.37               10.37               21066.00            -4.519491           -45.361569          F 
211100                          3                   0.0001000           194                 42.46               4.57                4.67                1854132.00          0                   0.47                0                   0                   20701.00            -3.004516           -44.758863          F 
210207                          3                   0.0001000           194                 42.46               4.57                4.67                1854132.00          0                   0.38                0                   0                   16438.00            -4.346562           -45.020966          F 
210840                          3                   0.0001000           194                 42.46               4.57                4.67                1854132.00          0                   0.33                0                   0                   14345.00            -2.571722           -44.895419          F 
210070                          3                   0.0001000           194                 42.46               4.57                4.67                1854132.00          0                   0.62                0                   0                   26988.00            -3.250503           -44.590367          F 
211245                          3                   0.0001000           194                 42.46               4.57                4.67                1854132.00          0                   0.59                0                   0                   25868.00            -2.159310           -45.437701          F 
210635                          3                   0.0001000           194                 42.46               4.57                4.67                1854132.00          2                   0.18                11.23               11.24               7775.00             -4.736924           -45.558563          F 
210467                          3                   0.0001000           194                 42.46               4.57                4.67                1854132.00          5                   0.58                8.55                8.56                25539.00            -2.061555           -45.818133          F 
210120                          3                   0.0001000           194                 42.46               4.57                4.67                1854132.00          0                   2.40                0                   0                   104790.00           -4.170844           -44.757831          F 
210675                          3                   0.0001000           194                 42.46               4.57                4.67                1854132.00          0                   0.66                0                   0                   28754.00            -3.534961           -44.528127          F 
210203                          3                   0.0001000           194                 42.46               4.57                4.67                1854132.00          0                   0.79                0                   0                   34567.00            -4.600704           -46.688724          F 
150495                          3                   0.0001000           194                 42.46               4.57                4.67                1854132.00          0                   0.49                0                   0                   21444.00            -2.392513           -46.899644          F 
210632                          3                   0.0001000           194                 42.46               4.57                4.67                1854132.00          0                   0.49                0                   0                   21586.00            -1.982063           -45.992607          F 
210240                          3                   0.0001000           194                 42.46               4.57                4.67                1854132.00          0                   0.26                0                   0                   11216.00            -2.863788           -44.573311          F 
210580                          3                   0.0001000           194                 42.46               4.57                4.67                1854132.00          0                   0.25                0                   0                   10869.00            -4.541277           -44.981108          F 
210135                          3                   0.0001000           194                 42.46               4.57                4.67                1854132.00          0                   0.13                0                   0                   5670.00             -2.690822           -44.632263          F 
210663                          3                   0.0001000           194                 42.46               4.57                4.67                1854132.00          0                   0.39                0                   0                   17033.00            -3.758787           -44.476339          F 
211150                          3                   0.0001000           194                 42.46               4.57                4.67                1854132.00          0                   0.95                0                   0                   41579.00            -3.987537           -44.527403          F 
210190                          3                   0.0001000           194                 42.46               4.57                4.67                1854132.00          0                   0.49                0                   0                   21299.00            -2.424873           -44.787402          F 
210565                          3                   0.0001000           194                 42.46               4.57                4.67                1854132.00          0                   0.10                0                   0                   4392.00             -1.917746           -46.115749          F 
210570                          3                   0.0001000           194                 42.46               4.57                4.67                1854132.00          24                  1.16                20.71               20.77               50616.00            -4.753793           -45.182696          F 
150195                          3                   0.0001000           194                 42.46               4.57                4.67                1854132.00          6                   0.79                7.57                7.58                34609.00            -1.991029           -46.439673          F 
210594                          3                   0.0001000           194                 42.46               4.57                4.67                1854132.00          0                   0.20                0                   0                   8857.00             -4.605936           -44.939917          F 
210312                          3                   0.0001000           194                 42.46               4.57                4.67                1854132.00          1                   0.20                5.00                5.00                8740.00             -2.261293           -44.869742          F 
210542                          3                   0.0001000           194                 42.46               4.57                4.67                1854132.00          0                   0.60                0                   0                   26068.00            -4.271325           -47.260573          F 
210596                          3                   0.0001000           194                 42.46               4.57                4.67                1854132.00          0                   0.26                0                   0                   11464.00            -4.929942           -45.400875          F 
211140                          3                   0.0001000           194                 42.46               4.57                4.67                1854132.00          4                   0.43                9.33                9.33                18727.00            -4.380915           -44.640425          F 
150030                          4                   0.0001000           96                  15.60               6.15                6.22                681182.00           0                   0.91                0                   0                   39567.00            -0.263841           -50.727746          F 
160060                          4                   0.0001000           96                  15.60               6.15                6.22                681182.00           8                   2.82                2.84                2.84                123096.00           0.128476            -51.379449          F 
160025                          4                   0.0001000           96                  15.60               6.15                6.22                681182.00           0                   0.13                0                   0                   5617.00             0.532233            -50.651554          F 
160030                          4                   0.0001000           96                  15.60               6.15                6.22                681182.00           88                  11.74               7.49                7.57                512902.00           0.554818            -50.700863          F 
510269                          5                   0.05460             12                  1.67                7.19                7.20                219737.00           0                   0.036               0                   0                   4728.00             -11.201057          -51.823179          F 
510785                          5                   0.05460             12                  1.67                7.19                7.20                219737.00           0                   0.090               0                   0                   11843.00            -11.452949          -51.961623          F 
510677                          5                   0.05460             12                  1.67                7.19                7.20                219737.00           0                   0.096               0                   0                   12685.00            -10.825476          -51.712660          F 
510035                          5                   0.05460             12                  1.67                7.19                7.20                219737.00           0                   0.053               0                   0                   6936.00             -11.810796          -51.749943          F 
510335                          5                   0.05460             12                  1.67                7.19                7.20                219737.00           0                   0.24                0                   0                   31510.00            -10.403493          -51.698039          F 
510530                          5                   0.05460             12                  1.67                7.19                7.20                219737.00           0                   0.016               0                   0                   2058.00             -11.007852          -50.935617          F 
510735                          5                   0.05460             12                  1.67                7.19                7.20                219737.00           0                   0.043               0                   0                   5620.00             -10.696430          -52.616401          F 
510788                          5                   0.05460             12                  1.67                7.19                7.20                219737.00           0                   0.013               0                   0                   1678.00             -12.022095          -51.362144          F 
510185                          5                   0.05460             12                  1.67                7.19                7.20                219737.00           0                   0.051               0                   0                   6706.00             -12.216986          -51.739360          F 
510860                          5                   0.05460             12                  1.67                7.19                7.20                219737.00           0                   0.20                0                   0                   26496.00            -9.980623           -51.404814          F 
510706                          5                   0.05460             12                  1.67                7.19                7.20                219737.00           0                   0.14                0                   0                   17937.00            -12.161387          -52.742100          F 
510777                          5                   0.05460             12                  1.67                7.19                7.20                219737.00           0                   0.064               0                   0                   8460.00             -10.332303          -50.792279          F 
510774                          5                   0.05460             12                  1.67                7.19                7.20                219737.00           0                   0.020               0                   0                   2633.00             -10.064857          -52.541103          F 
510631                          5                   0.05460             12                  1.67                7.19                7.20                219737.00           0                   0.021               0                   0                   2705.00             -12.316068          -50.888796          F 
171190                          5                   0.05460             12                  1.67                7.19                7.20                219737.00           0                   0.10                0                   0                   13676.00            -11.035890          -50.160454          F 
510718                          5                   0.05460             12                  1.67                7.19                7.20                219737.00           0                   0.078               0                   0                   10329.00            -12.874322          -51.567902          F 
170820                          5                   0.05460             12                  1.67                7.19                7.20                219737.00           1                   0.14                7.16                7.16                18399.00            -11.959003          -50.097998          F 
510642                          5                   0.05460             12                  1.67                7.19                7.20                219737.00           11                  0.27                41.01               41.07               35338.00            -10.147782          -53.587442          F 
431848                          6                   0.9992              3                   0.091               32.82               32.83               4865.00             3                   0.091               32.82               32.83               4865.00             -29.536236          -51.257737          F 
