1                   120017                          -10.474157          -67.835782          681.50              2005/7/1          2005/12/31        71                  17079.670482        0.0001000           5834                140.62              41.49               61.30               2166428.00          F 
2                   160027                          1.096940            -53.306000          0                   2005/3/1          2005/8/31         1                   2621.090314         0.0001000           578                 2.33                248.24              256.56              35872.00            F 
3                   150060                          -6.486303           -53.886671          789.52              2005/6/1          2005/11/30        264                 497.143881          0.0001000           1189                413.91              2.87                3.01                6411792.00          F 
4                   210197                          -1.762813           -46.178716          0                   2005/5/1          2005/10/31        1                   392.884616          0.0001000           89                  0.40                223.07              224.18              6147.00             F 
5                   210317                          -3.086137           -46.538028          0                   2005/7/1          2005/12/31        1                   229.390777          0.0001000           71                  1.05                67.64               67.90               16173.00            F 
6                   320490                          -18.748657          -40.021427          0                   2005/1/1          2005/4/30         1                   58.257429           0.0001000           42                  4.28                9.82                9.84                101051.00           F 
7                   231410                          -3.545242           -41.136051          0                   2005/1/1          2005/2/28         1                   29.293792           0.0001000           16                  1.00                15.92               15.93               48285.00            F 
8                   510780                          -16.456508          -55.439706          124.00              2005/5/1          2005/8/31         7                   19.907135           0.0004000           76                  33.42               2.27                2.28                770309.00           F 
9                   410880                          -24.191498          -54.230805          0                   2005/7/1          2005/12/31        1                   12.536333           0.1123              12                  1.81                6.65                6.65                27819.00            F 
10                  500240                          -22.587623          -54.804720          0                   2005/1/1          2005/2/28         1                   10.543037           0.4989              6                   0.41                14.72               14.72               19587.00            F 
11                  320330                          -18.876256          -41.071944          35.49               2005/1/1          2005/3/31         6                   9.113547            0.9049              13                  2.99                4.35                4.36                94038.00            F 
12                  211150                          -3.987537           -44.527403          26.04               2005/7/1          2005/8/31         2                   7.629423            0.9994              7                   1.00                7.01                7.01                45669.00            F 
