1                   120017                          -10.474157          -67.835782          681.50              2007/1/1          2007/6/30         71                  13077.979233        0.0001000           4466                106.66              41.87               60.68               2097341.00          F 
2                   150285                          -1.845743           -55.113264          478.10              2007/7/1          2007/12/31        44                  1111.725193         0.0001000           805                 84.62               9.51                10.03               1636857.00          F 
3                   210317                          -3.086137           -46.538028          0                   2007/6/1          2007/11/30        1                   329.165099          0.0001000           88                  0.78                113.14              113.84              15127.00            F 
4                   210197                          -1.762813           -46.178716          0                   2007/6/1          2007/11/30        1                   244.264632          0.0001000           60                  0.38                158.01              158.68              7385.00             F 
5                   170380                          -5.337853           -48.137952          46.21               2007/7/1          2007/12/31        11                  83.654812           0.0001000           58                  5.56                10.43               10.47               107552.00           F 
6                   510770                          -14.767668          -55.935107          699.31              2007/1/1          2007/3/31         220                 50.842987           0.0001000           230                 109.38              2.10                2.12                4325555.00          F 
7                   170215                          -6.791078           -48.525078          60.48               2007/1/1          2007/5/31         9                   32.368295           0.0001000           37                  6.83                5.42                5.43                161029.00           F 
8                   313655                          -18.247084          -42.480625          16.45               2007/9/1          2007/11/30        2                   27.234607           0.0001000           12                  0.47                25.27               25.29               18573.00            F 
9                   171250                          -9.787699           -49.699800          107.05              2007/1/1          2007/5/31         10                  23.307658           0.0001000           23                  3.59                6.40                6.41                84679.00            F 
10                  313960                          -18.685374          -41.080706          0                   2007/8/1          2007/9/30         1                   18.263897           0.0005000           9                   0.46                19.65               19.66               26721.00            F 
11                  231410                          -3.545242           -41.136051          0                   2007/6/1          2007/10/31        1                   17.508379           0.001100            16                  2.27                7.04                7.05                52855.00            F 
12                  210207                          -4.346562           -45.020966          34.28               2007/7/1          2007/11/30        5                   9.390389            0.8447              14                  3.35                4.19                4.19                77817.00            F 
13                  211150                          -3.987537           -44.527403          0                   2007/10/1         2007/11/30        1                   7.969261            0.9978              6                   0.65                9.20                9.20                38045.00            F 
