130002                          1                   0.0001000           1691                101.66              16.63               26.29               7099519.00          0                   0.23                0                   0                   15729.00            -3.701122           -65.330652          F 
130426                          1                   0.0001000           1691                101.66              16.63               26.29               7099519.00          0                   0.19                0                   0                   13276.00            -3.167038           -65.411879          F 
130420                          1                   0.0001000           1691                101.66              16.63               26.29               7099519.00          0                   0.89                0                   0                   62230.00            -4.468383           -65.529278          F 
130220                          1                   0.0001000           1691                101.66              16.63               26.29               7099519.00          0                   0.19                0                   0                   13581.00            -3.524623           -66.306825          F 
130280                          1                   0.0001000           1691                101.66              16.63               26.29               7099519.00          0                   0.26                0                   0                   18477.00            -2.428415           -65.038109          F 
130120                          1                   0.0001000           1691                101.66              16.63               26.29               7099519.00          0                   1.20                0                   0                   83929.00            -4.437162           -64.124619          F 
130160                          1                   0.0001000           1691                101.66              16.63               26.29               7099519.00          0                   0.29                0                   0                   20199.00            -2.492180           -66.358452          F 
130130                          1                   0.0001000           1691                101.66              16.63               26.29               7099519.00          0                   0.39                0                   0                   27303.00            -3.289026           -62.972665          F 
130410                          1                   0.0001000           1691                101.66              16.63               26.29               7099519.00          0                   0.26                0                   0                   18039.00            -6.104509           -64.893865          F 
130100                          1                   0.0001000           1691                101.66              16.63               26.29               7099519.00          0                   0.40                0                   0                   28111.00            -5.118832           -67.337382          F 
130423                          1                   0.0001000           1691                101.66              16.63               26.29               7099519.00          0                   0.27                0                   0                   18632.00            -2.691643           -67.827923          F 
130006                          1                   0.0001000           1691                101.66              16.63               26.29               7099519.00          0                   0.16                0                   0                   11047.00            -3.418321           -68.287308          F 
130230                          1                   0.0001000           1691                101.66              16.63               26.29               7099519.00          0                   0.23                0                   0                   16200.00            -4.713108           -68.403854          F 
130010                          1                   0.0001000           1691                101.66              16.63               26.29               7099519.00          0                   0.28                0                   0                   19749.00            -4.186645           -62.073001          F 
130360                          1                   0.0001000           1691                101.66              16.63               26.29               7099519.00          1                   0.33                3.02                3.02                23092.00            -0.318566           -65.522058          F 
130083                          1                   0.0001000           1691                101.66              16.63               26.29               7099519.00          0                   0.18                0                   0                   12622.00            -3.081969           -61.877491          F 
130210                          1                   0.0001000           1691                101.66              16.63               26.29               7099519.00          0                   0.067               0                   0                   4660.00             -1.698117           -68.320288          F 
130008                          1                   0.0001000           1691                101.66              16.63               26.29               7099519.00          0                   0.18                0                   0                   12653.00            -3.502503           -61.716696          F 
130063                          1                   0.0001000           1691                101.66              16.63               26.29               7099519.00          0                   0.27                0                   0                   18579.00            -4.603475           -61.787364          F 
130040                          1                   0.0001000           1691                101.66              16.63               26.29               7099519.00          0                   0.40                0                   0                   27589.00            -0.465180           -63.434588          F 
130370                          1                   0.0001000           1691                101.66              16.63               26.29               7099519.00          0                   0.33                0                   0                   23378.00            -3.051175           -69.087897          F 
130090                          1                   0.0001000           1691                101.66              16.63               26.29               7099519.00          45                  0.22                205.24              207.34              15312.00            -7.403346           -64.096665          F 
130320                          1                   0.0001000           1691                101.66              16.63               26.29               7099519.00          0                   0.26                0                   0                   18133.00            -2.046996           -61.701836          F 
130195                          1                   0.0001000           1691                101.66              16.63               26.29               7099519.00          0                   0.12                0                   0                   8153.00             -6.682874           -68.114036          F 
130390                          1                   0.0001000           1691                101.66              16.63               26.29               7099519.00          0                   0.53                0                   0                   37300.00            -4.497836           -69.450565          F 
130406                          1                   0.0001000           1691                101.66              16.63               26.29               7099519.00          0                   0.89                0                   0                   62346.00            -4.027765           -69.681346          F 
130250                          1                   0.0001000           1691                101.66              16.63               26.29               7099519.00          3                   1.37                2.20                2.20                95330.00            -3.291606           -60.958222          F 
130255                          1                   0.0001000           1691                101.66              16.63               26.29               7099519.00          0                   0.42                0                   0                   29327.00            -3.779354           -60.697327          F 
130170                          1                   0.0001000           1691                101.66              16.63               26.29               7099519.00          36                  0.75                48.02               48.41               52354.00            -7.362897           -62.485394          F 
130240                          1                   0.0001000           1691                101.66              16.63               26.29               7099519.00          10                  0.63                15.85               15.88               44071.00            -8.375880           -65.812244          F 
130270                          1                   0.0001000           1691                101.66              16.63               26.29               7099519.00          6                   0.77                7.78                7.78                53890.00            -6.459804           -61.446481          F 
130380                          1                   0.0001000           1691                101.66              16.63               26.29               7099519.00          0                   0.63                0                   0                   43831.00            0.374453            -67.997697          F 
130185                          1                   0.0001000           1691                101.66              16.63               26.29               7099519.00          1                   0.67                1.50                1.50                46703.00            -3.095148           -60.480667          F 
130350                          1                   0.0001000           1691                101.66              16.63               26.29               7099519.00          1                   0.28                3.58                3.58                19488.00            -7.757795           -68.197229          F 
130110                          1                   0.0001000           1691                101.66              16.63               26.29               7099519.00          1                   0.53                1.89                1.89                36922.00            -3.770658           -60.183093          F 
130260                          1                   0.0001000           1691                101.66              16.63               26.29               7099519.00          32                  29.99               1.07                1.07                2094391.00          -2.626021           -60.259483          F 
130060                          1                   0.0001000           1691                101.66              16.63               26.29               7099519.00          0                   0.58                0                   0                   40417.00            -5.429327           -70.278296          F 
110020                          1                   0.0001000           1691                101.66              16.63               26.29               7099519.00          314                 7.32                42.90               46.09               511219.00           -9.153039           -64.305489          F 
110080                          1                   0.0001000           1691                101.66              16.63               26.29               7099519.00          5                   0.35                14.13               14.14               24719.00            -8.887011           -63.325581          F 
140047                          1                   0.0001000           1691                101.66              16.63               26.29               7099519.00          8                   0.40                20.13               20.16               27756.00            0.0378310           -61.010414          F 
130115                          1                   0.0001000           1691                101.66              16.63               26.29               7099519.00          0                   0.41                0                   0                   28592.00            -3.286228           -59.599493          F 
130070                          1                   0.0001000           1691                101.66              16.63               26.29               7099519.00          1                   0.48                2.06                2.06                33840.00            -8.772979           -68.047540          F 
130330                          1                   0.0001000           1691                101.66              16.63               26.29               7099519.00          3                   0.35                8.48                8.48                24718.00            -6.825051           -60.477192          F 
130030                          1                   0.0001000           1691                101.66              16.63               26.29               7099519.00          0                   0.54                0                   0                   37752.00            -3.788879           -59.528635          F 
130356                          1                   0.0001000           1691                101.66              16.63               26.29               7099519.00          2                   0.45                4.47                4.47                31274.00            -2.529891           -59.638156          F 
130353                          1                   0.0001000           1691                101.66              16.63               26.29               7099519.00          1                   0.48                2.07                2.07                33703.00            -1.372564           -59.988741          F 
130140                          1                   0.0001000           1691                101.66              16.63               26.29               7099519.00          2                   0.49                4.05                4.05                34461.00            -7.022778           -70.222033          F 
130080                          1                   0.0001000           1691                101.66              16.63               26.29               7099519.00          0                   0.57                0                   0                   39885.00            -4.957034           -59.534428          F 
110110                          1                   0.0001000           1691                101.66              16.63               26.29               7099519.00          0                   0.15                0                   0                   10155.00            -9.170195           -63.044988          F 
140020                          1                   0.0001000           1691                101.66              16.63               26.29               7099519.00          2                   0.29                6.80                6.80                20537.00            0.990862            -61.471950          F 
130150                          1                   0.0001000           1691                101.66              16.63               26.29               7099519.00          0                   0.27                0                   0                   19143.00            -7.573750           -70.054927          F 
110094                          1                   0.0001000           1691                101.66              16.63               26.29               7099519.00          7                   0.31                22.51               22.54               21720.00            -9.170974           -62.565037          F 
110040                          1                   0.0001000           1691                101.66              16.63               26.29               7099519.00          10                  0.29                33.95               34.03               20569.00            -9.649274           -63.394283          F 
120080                          1                   0.0001000           1691                101.66              16.63               26.29               7099519.00          0                   0.25                0                   0                   17111.00            -9.629475           -67.701064          F 
110013                          1                   0.0001000           1691                101.66              16.63               26.29               7099519.00          54                  0.54                99.51               100.72              37899.00            -9.204070           -62.010294          F 
120001                          1                   0.0001000           1691                101.66              16.63               26.29               7099519.00          10                  0.20                49.46               49.57               14120.00            -9.934392           -66.948427          F 
110026                          1                   0.0001000           1691                101.66              16.63               26.29               7099519.00          0                   0.054               0                   0                   3790.00             -9.645106           -62.790311          F 
110045                          1                   0.0001000           1691                101.66              16.63               26.29               7099519.00          1                   0.55                1.82                1.82                38450.00            -10.052159          -63.941154          F 
140028                          1                   0.0001000           1691                101.66              16.63               26.29               7099519.00          0                   0.15                0                   0                   10592.00            2.186649            -62.468913          F 
120013                          1                   0.0001000           1691                101.66              16.63               26.29               7099519.00          0                   0.14                0                   0                   9503.00             -9.613848           -68.175429          F 
130190                          1                   0.0001000           1691                101.66              16.63               26.29               7099519.00          1                   1.41                0.71                0.71                98503.00            -3.174662           -58.777136          F 
120045                          1                   0.0001000           1691                101.66              16.63               26.29               7099519.00          6                   0.31                19.61               19.63               21369.00            -9.996928           -67.427266          F 
110002                          1                   0.0001000           1691                101.66              16.63               26.29               7099519.00          53                  1.52                34.95               35.36               105896.00           -9.951979           -62.957373          F 
130020                          1                   0.0001000           1691                101.66              16.63               26.29               7099519.00          0                   0.27                0                   0                   18599.00            -5.711940           -71.742673          F 
110033                          1                   0.0001000           1691                101.66              16.63               26.29               7099519.00          1                   0.40                2.47                2.47                28255.00            -10.382239          -64.629270          F 
130310                          1                   0.0001000           1691                101.66              16.63               26.29               7099519.00          0                   0.51                0                   0                   35800.00            -3.988364           -58.601783          F 
110140                          1                   0.0001000           1691                101.66              16.63               26.29               7099519.00          4                   0.23                17.42               17.44               16032.00            -10.210793          -63.372281          F 
130200                          1                   0.0001000           1691                101.66              16.63               26.29               7099519.00          0                   0.13                0                   0                   9040.00             -2.498704           -58.619577          F 
130400                          1                   0.0001000           1691                101.66              16.63               26.29               7099519.00          0                   0.13                0                   0                   9147.00             -2.822093           -58.536128          F 
120038                          1                   0.0001000           1691                101.66              16.63               26.29               7099519.00          6                   0.26                22.85               22.88               18336.00            -10.248624          -67.339671          F 
130395                          1                   0.0001000           1691                101.66              16.63               26.29               7099519.00          0                   0.19                0                   0                   13105.00            -1.946118           -58.702338          F 
130430                          1                   0.0001000           1691                101.66              16.63               26.29               7099519.00          0                   0.24                0                   0                   17065.00            -0.893871           -59.029898          F 
110175                          1                   0.0001000           1691                101.66              16.63               26.29               7099519.00          4                   0.16                25.40               25.42               10999.00            -9.732685           -61.939355          F 
140060                          1                   0.0001000           1691                101.66              16.63               26.29               7099519.00          0                   0.11                0                   0                   7503.00             0.884349            -60.151701          F 
110070                          1                   0.0001000           1691                101.66              16.63               26.29               7099519.00          0                   0.21                0                   0                   14354.00            -10.485091          -63.799446          F 
130180                          1                   0.0001000           1691                101.66              16.63               26.29               7099519.00          21                  0.40                53.16               53.41               27587.00            -7.181162           -71.415929          F 
140050                          1                   0.0001000           1691                101.66              16.63               26.29               7099519.00          0                   0.11                0                   0                   7629.00             0.635650            -59.844809          F 
110060                          1                   0.0001000           1691                101.66              16.63               26.29               7099519.00          1                   0.092               10.89               10.89               6414.00             -10.331685          -62.987180          F 
120040                          1                   0.0001000           1691                101.66              16.63               26.29               7099519.00          60                  5.40                11.11               11.25               377057.00           -10.066358          -68.371440          F 
140030                          1                   0.0001000           1691                101.66              16.63               26.29               7099519.00          1                   0.24                4.20                4.20                16618.00            2.510145            -61.983632          F 
110160                          1                   0.0001000           1691                101.66              16.63               26.29               7099519.00          0                   0.16                0                   0                   11348.00            -10.121814          -62.342289          F 
130014                          1                   0.0001000           1691                101.66              16.63               26.29               7099519.00          1                   0.30                3.32                3.32                21031.00            -7.759871           -59.431439          F 
120017                          1                   0.0001000           1691                101.66              16.63               26.29               7099519.00          0                   0.15                0                   0                   10820.00            -10.474157          -67.835782          F 
120034                          1                   0.0001000           1691                101.66              16.63               26.29               7099519.00          0                   0.13                0                   0                   8765.00             -9.380351           -69.854989          F 
140005                          1                   0.0001000           1691                101.66              16.63               26.29               7099519.00          0                   0.23                0                   0                   16053.00            3.078187            -62.755259          F 
120050                          1                   0.0001000           1691                101.66              16.63               26.29               7099519.00          1                   0.61                1.65                1.65                42451.00            -9.771845           -69.382700          F 
110100                          1                   0.0001000           1691                101.66              16.63               26.29               7099519.00          0                   0.14                0                   0                   9933.00             -10.748055          -63.183884          F 
130290                          1                   0.0001000           1691                101.66              16.63               26.29               7099519.00          59                  0.88                67.43               68.32               61110.00            -4.984990           -58.060916          F 
110011                          1                   0.0001000           1691                101.66              16.63               26.29               7099519.00          12                  0.80                15.02               15.06               55806.00            -10.592446          -62.584788          F 
110180                          1                   0.0001000           1691                101.66              16.63               26.29               7099519.00          0                   0.12                0                   0                   8138.00             -10.384134          -62.093876          F 
510325                          1                   0.0001000           1691                101.66              16.63               26.29               7099519.00          14                  0.50                28.03               28.11               34885.00            -9.292283           -60.305531          F 
120030                          1                   0.0001000           1691                101.66              16.63               26.29               7099519.00          0                   0.46                0                   0                   32372.00            -8.926430           -70.747840          F 
120070                          1                   0.0001000           1691                101.66              16.63               26.29               7099519.00          0                   0.26                0                   0                   17894.00            -10.575880          -68.505122          F 
140023                          1                   0.0001000           1691                101.66              16.63               26.29               7099519.00          1                   0.13                7.48                7.49                9331.00             0.914772            -59.338066          F 
110015                          1                   0.0001000           1691                101.66              16.63               26.29               7099519.00          9                   0.57                15.78               15.81               39840.00            -10.610539          -62.172424          F 
120060                          1                   0.0001000           1691                101.66              16.63               26.29               7099519.00          1                   0.56                1.77                1.77                39427.00            -8.238234           -71.446466          F 
130440                          1                   0.0001000           1691                101.66              16.63               26.29               7099519.00          0                   0.31                0                   0                   21650.00            -2.812240           -57.770143          F 
120043                          1                   0.0001000           1691                101.66              16.63               26.29               7099519.00          0                   0.086               0                   0                   6021.00             -9.412364           -70.398018          F 
110012                          1                   0.0001000           1691                101.66              16.63               26.29               7099519.00          7                   1.88                3.72                3.72                131560.00           -10.462197          -61.757091          F 
110010                          1                   0.0001000           1691                101.66              16.63               26.29               7099519.00          3                   0.67                4.45                4.46                47048.00            -11.305773          -64.537463          F 
140017                          1                   0.0001000           1691                101.66              16.63               26.29               7099519.00          2                   0.24                8.46                8.46                16516.00            2.272838            -60.542067          F 
130068                          1                   0.0001000           1691                101.66              16.63               26.29               7099519.00          0                   0.26                0                   0                   18080.00            -3.138082           -57.669942          F 
110143                          1                   0.0001000           1691                101.66              16.63               26.29               7099519.00          0                   0.11                0                   0                   7796.00             -10.889526          -62.532438          F 
110130                          1                   0.0001000           1691                101.66              16.63               26.29               7099519.00          2                   0.18                11.35               11.35               12308.00            -11.076985          -62.848279          F 
110155                          1                   0.0001000           1691                101.66              16.63               26.29               7099519.00          1                   0.071               14.06               14.07               4966.00             -10.943464          -62.279708          F 
120025                          1                   0.0001000           1691                101.66              16.63               26.29               7099519.00          0                   0.24                0                   0                   17038.00            -10.889162          -68.618498          F 
130300                          1                   0.0001000           1691                101.66              16.63               26.29               7099519.00          0                   0.30                0                   0                   20633.00            -1.680483           -57.656536          F 
150300                          1                   0.0001000           1691                101.66              16.63               26.29               7099519.00          0                   0.10                0                   0                   7168.00             -1.158833           -57.806300          F 
110170                          1                   0.0001000           1691                101.66              16.63               26.29               7099519.00          0                   0.19                0                   0                   13198.00            -11.103908          -62.424021          F 
140002                          1                   0.0001000           1691                101.66              16.63               26.29               7099519.00          0                   0.16                0                   0                   11285.00            3.732874            -62.436863          F 
510757                          1                   0.0001000           1691                101.66              16.63               26.29               7099519.00          0                   0.055               0                   0                   3823.00             -10.463060          -61.010088          F 
120010                          1                   0.0001000           1691                101.66              16.63               26.29               7099519.00          1                   0.35                2.87                2.87                24311.00            -10.747736          -69.207484          F 
110034                          1                   0.0001000           1691                101.66              16.63               26.29               7099519.00          1                   0.24                4.13                4.13                16902.00            -11.311455          -62.544783          F 
130050                          1                   0.0001000           1691                101.66              16.63               26.29               7099519.00          2                   0.45                4.49                4.49                31105.00            -3.129157           -57.172390          F 
110025                          1                   0.0001000           1691                101.66              16.63               26.29               7099519.00          3                   0.32                9.38                9.39                22337.00            -11.166190          -61.877898          F 
140010                          1                   0.0001000           1691                101.66              16.63               26.29               7099519.00          22                  4.67                4.71                4.73                326419.00           3.117964            -60.717850          F 
130165                          1                   0.0001000           1691                101.66              16.63               26.29               7099519.00          59                  0.23                256.17              259.61              16085.00            -7.229841           -72.844424          F 
110032                          1                   0.0001000           1691                101.66              16.63               26.29               7099519.00          1                   0.34                2.90                2.90                24059.00            -11.628169          -62.941940          F 
140015                          1                   0.0001000           1691                101.66              16.63               26.29               7099519.00          0                   0.17                0                   0                   11843.00            2.787148            -60.100125          F 
110120                          1                   0.0001000           1691                101.66              16.63               26.29               7099519.00          0                   0.15                0                   0                   10786.00            -11.160345          -61.568926          F 
110150                          1                   0.0001000           1691                101.66              16.63               26.29               7099519.00          0                   0.18                0                   0                   12617.00            -11.807291          -63.230667          F 
110014                          1                   0.0001000           1691                101.66              16.63               26.29               7099519.00          4                   0.31                12.89               12.90               21670.00            -11.564334          -62.233031          F 
120005                          1                   0.0001000           1691                101.66              16.63               26.29               7099519.00          0                   0.098               0                   0                   6863.00             -10.779491          -70.006358          F 
510140                          1                   0.0001000           1691                101.66              16.63               26.29               7099519.00          0                   0.30                0                   0                   21011.00            -10.187963          -59.839297          F 
110090                          1                   0.0001000           1691                101.66              16.63               26.29               7099519.00          0                   0.051               0                   0                   3583.00             -11.470879          -61.879911          F 
130340                          1                   0.0001000           1691                101.66              16.63               26.29               7099519.00          1                   1.61                0.62                0.62                112716.00           -2.688407           -56.854026          F 
120020                          1                   0.0001000           1691                101.66              16.63               26.29               7099519.00          430                 1.18                365.89              405.12              82075.00            -7.974126           -72.761548          F 
110008                          1                   0.0001000           1691                101.66              16.63               26.29               7099519.00          0                   0.24                0                   0                   17031.00            -12.147321          -64.058780          F 
120032                          1                   0.0001000           1691                101.66              16.63               26.29               7099519.00          0                   0.11                0                   0                   7685.00             -9.243211           -71.907488          F 
110004                          1                   0.0001000           1691                101.66              16.63               26.29               7099519.00          9                   1.26                7.15                7.17                87877.00            -11.301237          -61.324689          F 
110050                          1                   0.0001000           1691                101.66              16.63               26.29               7099519.00          0                   0.15                0                   0                   10161.00            -11.681047          -62.083187          F 
120039                          1                   0.0001000           1691                101.66              16.63               26.29               7099519.00          0                   0.16                0                   0                   11059.00            -8.489533           -72.721389          F 
110028                          1                   0.0001000           1691                101.66              16.63               26.29               7099519.00          3                   0.81                3.70                3.70                56664.00            -11.732560          -61.771453          F 
510337                          1                   0.0001000           1691                101.66              16.63               26.29               7099519.00          0                   0.26                0                   0                   18209.00            -9.536841           -58.677801          F 
150375                          1                   0.0001000           1691                101.66              16.63               26.29               7099519.00          136                 0.59                228.92              236.14              41490.00            -7.445178           -57.302829          F 
120042                          1                   0.0001000           1691                101.66              16.63               26.29               7099519.00          2                   0.25                8.00                8.00                17464.00            -7.841819           -73.222514          F 
110009                          1                   0.0001000           1691                101.66              16.63               26.29               7099519.00          0                   0.47                0                   0                   32712.00            -11.351368          -60.784721          F 
120033                          1                   0.0001000           1691                101.66              16.63               26.29               7099519.00          7                   0.25                27.86               27.91               17545.00            -7.503753           -73.439585          F 
110149                          1                   0.0001000           1691                101.66              16.63               26.29               7099519.00          3                   0.28                10.83               10.83               19353.00            -12.368674          -63.122203          F 
120035                          1                   0.0001000           1691                101.66              16.63               26.29               7099519.00          0                   0.25                0                   0                   17401.00            -9.099817           -72.558104          F 
510080                          1                   0.0001000           1691                101.66              16.63               26.29               7099519.00          1                   0.14                7.31                7.31                9551.00             -8.753341           -57.827599          F 
150797                          1                   0.0001000           1691                101.66              16.63               26.29               7099519.00          0                   0.26                0                   0                   18105.00            -1.952134           -56.458364          F 
110148                          1                   0.0001000           1691                101.66              16.63               26.29               7099519.00          0                   0.087               0                   0                   6048.00             -11.904682          -61.467066          F 
140045                          1                   0.0001000           1691                101.66              16.63               26.29               7099519.00          1                   0.17                5.75                5.75                12144.00            4.168751            -60.839425          F 
150360                          1                   0.0001000           1691                101.66              16.63               26.29               7099519.00          178                 1.41                126.22              131.47              98485.00            -5.871333           -56.496545          F 
160027                          2                   0.0001000           228                 0.66                345.16              363.84              46639.00            228                 0.66                345.16              363.84              46639.00            1.096940            -53.306000          F 
150180                          3                   0.0001000           192                 18.35               10.46               10.89               1281754.00          9                   1.42                6.34                6.35                99080.00            -1.121333           -50.628584          F 
150450                          3                   0.0001000           192                 18.35               10.46               10.89               1281754.00          3                   0.38                7.86                7.87                26652.00            -1.607856           -51.104066          F 
150070                          3                   0.0001000           192                 18.35               10.46               10.89               1281754.00          0                   0.40                0                   0                   28012.00            -0.827103           -49.962044          F 
150280                          3                   0.0001000           192                 18.35               10.46               10.89               1281754.00          0                   0.47                0                   0                   32881.00            -1.583580           -49.988115          F 
150030                          3                   0.0001000           192                 18.35               10.46               10.89               1281754.00          1                   0.54                1.85                1.85                37778.00            -0.263841           -50.727746          F 
150310                          3                   0.0001000           192                 18.35               10.46               10.89               1281754.00          1                   0.46                2.18                2.18                32049.00            -1.151921           -51.555276          F 
150770                          3                   0.0001000           192                 18.35               10.46               10.89               1281754.00          0                   0.37                0                   0                   25540.00            -1.434046           -49.680194          F 
150110                          3                   0.0001000           192                 18.35               10.46               10.89               1281754.00          2                   0.42                4.81                4.81                29065.00            -2.372794           -50.181886          F 
150490                          3                   0.0001000           192                 18.35               10.46               10.89               1281754.00          0                   0.55                0                   0                   38616.00            -1.355540           -49.309395          F 
150250                          3                   0.0001000           192                 18.35               10.46               10.89               1281754.00          0                   0.33                0                   0                   22821.00            -0.0296229          -49.829440          F 
150520                          3                   0.0001000           192                 18.35               10.46               10.89               1281754.00          1                   0.45                2.23                2.23                31257.00            -2.278960           -49.902322          F 
150400                          3                   0.0001000           192                 18.35               10.46               10.89               1281754.00          0                   0.40                0                   0                   27760.00            -1.864288           -49.469256          F 
150640                          3                   0.0001000           192                 18.35               10.46               10.89               1281754.00          0                   0.14                0                   0                   9635.00             -0.583158           -49.314290          F 
160080                          3                   0.0001000           192                 18.35               10.46               10.89               1281754.00          6                   0.21                28.54               28.58               14680.00            -0.997903           -52.061167          F 
160060                          3                   0.0001000           192                 18.35               10.46               10.89               1281754.00          23                  1.63                14.11               14.18               113854.00           0.128476            -51.379449          F 
150580                          3                   0.0001000           192                 18.35               10.46               10.89               1281754.00          9                   0.85                10.60               10.61               59322.00            -2.565541           -50.955536          F 
150570                          3                   0.0001000           192                 18.35               10.46               10.89               1281754.00          0                   0.43                0                   0                   29700.00            -1.117579           -49.077239          F 
150210                          3                   0.0001000           192                 18.35               10.46               10.89               1281754.00          0                   1.90                0                   0                   132515.00           -2.253113           -49.513615          F 
160025                          3                   0.0001000           192                 18.35               10.46               10.89               1281754.00          0                   0.072               0                   0                   5061.00             0.532233            -50.651554          F 
160030                          3                   0.0001000           192                 18.35               10.46               10.89               1281754.00          134                 6.67                20.10               20.70               465495.00           0.554818            -50.700863          F 
160040                          3                   0.0001000           192                 18.35               10.46               10.89               1281754.00          3                   0.29                10.49               10.49               19981.00            -0.0730322          -51.943908          F 
210635                          4                   0.0001000           65                  3.10                21.00               21.29               218580.00           0                   0.11                0                   0                   7630.00             -4.736924           -45.558563          F 
210596                          4                   0.0001000           65                  3.10                21.00               21.29               218580.00           3                   0.16                18.91               18.92               11202.00            -4.929942           -45.400875          F 
210810                          4                   0.0001000           65                  3.10                21.00               21.29               218580.00           6                   0.29                20.53               20.56               20635.00            -4.519491           -45.361569          F 
210215                          4                   0.0001000           65                  3.10                21.00               21.29               218580.00           1                   0.15                6.76                6.76                10444.00            -4.369485           -45.549445          F 
210570                          4                   0.0001000           65                  3.10                21.00               21.29               218580.00           40                  0.70                57.12               57.64               49440.00            -4.753793           -45.182696          F 
210535                          4                   0.0001000           65                  3.10                21.00               21.29               218580.00           3                   0.22                13.39               13.40               15817.00            -5.145868           -45.640663          F 
210095                          4                   0.0001000           65                  3.10                21.00               21.29               218580.00           3                   0.45                6.60                6.61                32083.00            -5.060040           -45.954318          F 
211000                          4                   0.0001000           65                  3.10                21.00               21.29               218580.00           9                   1.01                8.91                8.92                71329.00            -4.325910           -45.885268          F 
211107                          5                   0.0001000           12                  0.66                18.12               18.16               46763.00            2                   0.26                7.75                7.75                18225.00            -5.040153           -43.766617          F 
211174                          5                   0.0001000           12                  0.66                18.12               18.16               46763.00            0                   0.16                0                   0                   10955.00            -5.261142           -43.984607          F 
210440                          5                   0.0001000           12                  0.66                18.12               18.16               46763.00            10                  0.25                40.16               40.24               17583.00            -5.152015           -44.170468          F 
210055                          6                   0.0001000           9                   0.26                35.08               35.15               35835.00            0                   0.049               0                   0                   6844.00             -1.673095           -45.948022          F 
210197                          6                   0.0001000           9                   0.26                35.08               35.15               35835.00            3                   0.066               45.73               45.76               9164.00             -1.762813           -46.178716          F 
210260                          6                   0.0001000           9                   0.26                35.08               35.15               35835.00            6                   0.14                42.27               42.32               19827.00            -1.618742           -45.675606          F 
210735                          7                   0.0005000           34                  9.56                3.56                3.58                674947.00           0                   0.29                0                   0                   20588.00            -2.896221           -45.955324          F 
210087                          7                   0.0005000           34                  9.56                3.56                3.58                674947.00           0                   0.22                0                   0                   15182.00            -3.079638           -45.787376          F 
211400                          7                   0.0005000           34                  9.56                3.56                3.58                674947.00           2                   0.72                2.78                2.78                50806.00            -3.275512           -45.968477          F 
211003                          7                   0.0005000           34                  9.56                3.56                3.58                674947.00           0                   0.35                0                   0                   24810.00            -2.539736           -45.792268          F 
210637                          7                   0.0005000           34                  9.56                3.56                3.58                674947.00           0                   0.23                0                   0                   16062.00            -2.452057           -45.988295          F 
210465                          7                   0.0005000           34                  9.56                3.56                3.58                674947.00           0                   0.14                0                   0                   9965.00             -3.421759           -45.920143          F 
210825                          7                   0.0005000           34                  9.56                3.56                3.58                674947.00           2                   0.35                5.71                5.71                24748.00            -2.989105           -45.429993          F 
210315                          7                   0.0005000           34                  9.56                3.56                3.58                674947.00           1                   0.19                5.31                5.31                13295.00            -2.367505           -46.128105          F 
210923                          7                   0.0005000           34                  9.56                3.56                3.58                674947.00           0                   0.098               0                   0                   6902.00             -2.318820           -45.773469          F 
210317                          7                   0.0005000           34                  9.56                3.56                3.58                674947.00           0                   0.30                0                   0                   21300.00            -3.086137           -46.538028          F 
210927                          7                   0.0005000           34                  9.56                3.56                3.58                674947.00           0                   0.26                0                   0                   18615.00            -2.586560           -45.361129          F 
210980                          7                   0.0005000           34                  9.56                3.56                3.58                674947.00           0                   0.59                0                   0                   41466.00            -2.426092           -45.383311          F 
210830                          7                   0.0005000           34                  9.56                3.56                3.58                674947.00           0                   0.54                0                   0                   37833.00            -3.251174           -45.285441          F 
211102                          7                   0.0005000           34                  9.56                3.56                3.58                674947.00           0                   0.22                0                   0                   15483.00            -3.559519           -46.392487          F 
210467                          7                   0.0005000           34                  9.56                3.56                3.58                674947.00           0                   0.35                0                   0                   25052.00            -2.061555           -45.818133          F 
210690                          7                   0.0005000           34                  9.56                3.56                3.58                674947.00           0                   0.47                0                   0                   32884.00            -3.479863           -45.320156          F 
211245                          7                   0.0005000           34                  9.56                3.56                3.58                674947.00           3                   0.36                8.39                8.40                25232.00            -2.159310           -45.437701          F 
210860                          7                   0.0005000           34                  9.56                3.56                3.58                674947.00           12                  1.16                10.34               10.37               81924.00            -2.504333           -45.132674          F 
210632                          7                   0.0005000           34                  9.56                3.56                3.58                674947.00           0                   0.30                0                   0                   21063.00            -1.982063           -45.992607          F 
211227                          7                   0.0005000           34                  9.56                3.56                3.58                674947.00           6                   0.081               73.92               74.02               5731.00             -3.757538           -45.581194          F 
210745                          7                   0.0005000           34                  9.56                3.56                3.58                674947.00           0                   0.20                0                   0                   14474.00            -2.975264           -45.010113          F 
210850                          7                   0.0005000           34                  9.56                3.56                3.58                674947.00           1                   0.46                2.18                2.18                32348.00            -3.691451           -45.437504          F 
210760                          7                   0.0005000           34                  9.56                3.56                3.58                674947.00           0                   0.27                0                   0                   19359.00            -2.692804           -45.025090          F 
211050                          7                   0.0005000           34                  9.56                3.56                3.58                674947.00           0                   0.65                0                   0                   45560.00            -2.798485           -44.999458          F 
210650                          7                   0.0005000           34                  9.56                3.56                3.58                674947.00           2                   0.33                6.15                6.15                22962.00            -3.071373           -45.001708          F 
210047                          7                   0.0005000           34                  9.56                3.56                3.58                674947.00           5                   0.44                11.28               11.29               31303.00            -3.880456           -46.007745          F 
510269                          8                   0.0009000           17                  2.45                6.95                6.97                205475.00           0                   0.055               0                   0                   4654.00             -11.201057          -51.823179          F 
510785                          8                   0.0009000           17                  2.45                6.95                6.97                205475.00           0                   0.13                0                   0                   11209.00            -11.452949          -51.961623          F 
510677                          8                   0.0009000           17                  2.45                6.95                6.97                205475.00           0                   0.14                0                   0                   11837.00            -10.825476          -51.712660          F 
510035                          8                   0.0009000           17                  2.45                6.95                6.97                205475.00           0                   0.075               0                   0                   6308.00             -11.810796          -51.749943          F 
510335                          8                   0.0009000           17                  2.45                6.95                6.97                205475.00           0                   0.34                0                   0                   28913.00            -10.403493          -51.698039          F 
510530                          8                   0.0009000           17                  2.45                6.95                6.97                205475.00           0                   0.025               0                   0                   2068.00             -11.007852          -50.935617          F 
510735                          8                   0.0009000           17                  2.45                6.95                6.97                205475.00           0                   0.064               0                   0                   5396.00             -10.696430          -52.616401          F 
510788                          8                   0.0009000           17                  2.45                6.95                6.97                205475.00           0                   0.018               0                   0                   1548.00             -12.022095          -51.362144          F 
510185                          8                   0.0009000           17                  2.45                6.95                6.97                205475.00           0                   0.073               0                   0                   6144.00             -12.216986          -51.739360          F 
510860                          8                   0.0009000           17                  2.45                6.95                6.97                205475.00           1                   0.29                3.44                3.44                24392.00            -9.980623           -51.404814          F 
510706                          8                   0.0009000           17                  2.45                6.95                6.97                205475.00           0                   0.19                0                   0                   16061.00            -12.161387          -52.742100          F 
510777                          8                   0.0009000           17                  2.45                6.95                6.97                205475.00           0                   0.095               0                   0                   7967.00             -10.332303          -50.792279          F 
510774                          8                   0.0009000           17                  2.45                6.95                6.97                205475.00           0                   0.028               0                   0                   2353.00             -10.064857          -52.541103          F 
510631                          8                   0.0009000           17                  2.45                6.95                6.97                205475.00           0                   0.029               0                   0                   2434.00             -12.316068          -50.888796          F 
171190                          8                   0.0009000           17                  2.45                6.95                6.97                205475.00           0                   0.15                0                   0                   12501.00            -11.035890          -50.160454          F 
510718                          8                   0.0009000           17                  2.45                6.95                6.97                205475.00           0                   0.12                0                   0                   9681.00             -12.874322          -51.567902          F 
170820                          8                   0.0009000           17                  2.45                6.95                6.97                205475.00           0                   0.22                0                   0                   18713.00            -11.959003          -50.097998          F 
510642                          8                   0.0009000           17                  2.45                6.95                6.97                205475.00           16                  0.40                40.36               40.50               33296.00            -10.147782          -53.587442          F 
