130360                          1                   0.0001000           2632                203.10              12.96               18.64               7016780.00          0                   0.52                0                   0                   17876.00            -0.318566           -65.522058          F 
130040                          1                   0.0001000           2632                203.10              12.96               18.64               7016780.00          4                   0.61                6.56                6.56                21065.00            -0.465180           -63.434588          F 
130280                          1                   0.0001000           2632                203.10              12.96               18.64               7016780.00          0                   0.51                0                   0                   17455.00            -2.428415           -65.038109          F 
130160                          1                   0.0001000           2632                203.10              12.96               18.64               7016780.00          0                   0.66                0                   0                   22803.00            -2.492180           -66.358452          F 
130380                          1                   0.0001000           2632                203.10              12.96               18.64               7016780.00          0                   1.09                0                   0                   37663.00            0.374453            -67.997697          F 
130426                          1                   0.0001000           2632                203.10              12.96               18.64               7016780.00          0                   0.34                0                   0                   11693.00            -3.167038           -65.411879          F 
130210                          1                   0.0001000           2632                203.10              12.96               18.64               7016780.00          0                   0.21                0                   0                   7272.00             -1.698117           -68.320288          F 
130220                          1                   0.0001000           2632                203.10              12.96               18.64               7016780.00          0                   0.31                0                   0                   10802.00            -3.524623           -66.306825          F 
130423                          1                   0.0001000           2632                203.10              12.96               18.64               7016780.00          1                   0.49                2.03                2.03                17054.00            -2.691643           -67.827923          F 
130002                          1                   0.0001000           2632                203.10              12.96               18.64               7016780.00          0                   0.41                0                   0                   14053.00            -3.701122           -65.330652          F 
130130                          1                   0.0001000           2632                203.10              12.96               18.64               7016780.00          0                   0.67                0                   0                   23117.00            -3.289026           -62.972665          F 
140028                          1                   0.0001000           2632                203.10              12.96               18.64               7016780.00          0                   0.25                0                   0                   8631.00             2.186649            -62.468913          F 
130420                          1                   0.0001000           2632                203.10              12.96               18.64               7016780.00          0                   1.77                0                   0                   61198.00            -4.468383           -65.529278          F 
130006                          1                   0.0001000           2632                203.10              12.96               18.64               7016780.00          0                   0.27                0                   0                   9393.00             -3.418321           -68.287308          F 
130320                          1                   0.0001000           2632                203.10              12.96               18.64               7016780.00          0                   0.42                0                   0                   14604.00            -2.046996           -61.701836          F 
140020                          1                   0.0001000           2632                203.10              12.96               18.64               7016780.00          0                   0.53                0                   0                   18200.00            0.990862            -61.471950          F 
130120                          1                   0.0001000           2632                203.10              12.96               18.64               7016780.00          1                   2.18                0.46                0.46                75372.00            -4.437162           -64.124619          F 
140005                          1                   0.0001000           2632                203.10              12.96               18.64               7016780.00          1                   0.47                2.11                2.11                16351.00            3.078187            -62.755259          F 
130370                          1                   0.0001000           2632                203.10              12.96               18.64               7016780.00          0                   0.71                0                   0                   24361.00            -3.051175           -69.087897          F 
140047                          1                   0.0001000           2632                203.10              12.96               18.64               7016780.00          5                   0.69                7.23                7.23                23895.00            0.0378310           -61.010414          F 
140030                          1                   0.0001000           2632                203.10              12.96               18.64               7016780.00          0                   0.42                0                   0                   14644.00            2.510145            -61.983632          F 
130083                          1                   0.0001000           2632                203.10              12.96               18.64               7016780.00          0                   0.32                0                   0                   10918.00            -3.081969           -61.877491          F 
130008                          1                   0.0001000           2632                203.10              12.96               18.64               7016780.00          0                   0.29                0                   0                   10161.00            -3.502503           -61.716696          F 
140002                          1                   0.0001000           2632                203.10              12.96               18.64               7016780.00          1                   0.27                3.75                3.75                9217.00             3.732874            -62.436863          F 
130100                          1                   0.0001000           2632                203.10              12.96               18.64               7016780.00          0                   0.74                0                   0                   25697.00            -5.118832           -67.337382          F 
130010                          1                   0.0001000           2632                203.10              12.96               18.64               7016780.00          0                   0.47                0                   0                   16301.00            -4.186645           -62.073001          F 
130230                          1                   0.0001000           2632                203.10              12.96               18.64               7016780.00          0                   0.52                0                   0                   17911.00            -4.713108           -68.403854          F 
130250                          1                   0.0001000           2632                203.10              12.96               18.64               7016780.00          0                   2.46                0                   0                   84870.00            -3.291606           -60.958222          F 
140060                          1                   0.0001000           2632                203.10              12.96               18.64               7016780.00          1                   0.19                5.19                5.19                6660.00             0.884349            -60.151701          F 
130406                          1                   0.0001000           2632                203.10              12.96               18.64               7016780.00          0                   1.50                0                   0                   51838.00            -4.027765           -69.681346          F 
140017                          1                   0.0001000           2632                203.10              12.96               18.64               7016780.00          0                   0.40                0                   0                   13775.00            2.272838            -60.542067          F 
130353                          1                   0.0001000           2632                203.10              12.96               18.64               7016780.00          4                   0.78                5.13                5.13                26933.00            -1.372564           -59.988741          F 
130063                          1                   0.0001000           2632                203.10              12.96               18.64               7016780.00          0                   0.45                0                   0                   15472.00            -4.603475           -61.787364          F 
130390                          1                   0.0001000           2632                203.10              12.96               18.64               7016780.00          0                   0.91                0                   0                   31312.00            -4.497836           -69.450565          F 
130260                          1                   0.0001000           2632                203.10              12.96               18.64               7016780.00          107                 51.91               2.06                2.08                1793443.00          -2.626021           -60.259483          F 
130185                          1                   0.0001000           2632                203.10              12.96               18.64               7016780.00          0                   1.18                0                   0                   40642.00            -3.095148           -60.480667          F 
140050                          1                   0.0001000           2632                203.10              12.96               18.64               7016780.00          0                   0.19                0                   0                   6635.00             0.635650            -59.844809          F 
130410                          1                   0.0001000           2632                203.10              12.96               18.64               7016780.00          0                   0.55                0                   0                   19011.00            -6.104509           -64.893865          F 
140010                          1                   0.0001000           2632                203.10              12.96               18.64               7016780.00          49                  8.15                6.01                6.04                281538.00           3.117964            -60.717850          F 
130255                          1                   0.0001000           2632                203.10              12.96               18.64               7016780.00          0                   0.66                0                   0                   22706.00            -3.779354           -60.697327          F 
140015                          1                   0.0001000           2632                203.10              12.96               18.64               7016780.00          0                   0.31                0                   0                   10801.00            2.787148            -60.100125          F 
130356                          1                   0.0001000           2632                203.10              12.96               18.64               7016780.00          1                   0.74                1.36                1.36                25421.00            -2.529891           -59.638156          F 
140023                          1                   0.0001000           2632                203.10              12.96               18.64               7016780.00          0                   0.23                0                   0                   7977.00             0.914772            -59.338066          F 
130110                          1                   0.0001000           2632                203.10              12.96               18.64               7016780.00          0                   0.94                0                   0                   32634.00            -3.770658           -60.183093          F 
140045                          1                   0.0001000           2632                203.10              12.96               18.64               7016780.00          1                   0.30                3.32                3.32                10394.00            4.168751            -60.839425          F 
130430                          1                   0.0001000           2632                203.10              12.96               18.64               7016780.00          0                   0.49                0                   0                   16960.00            -0.893871           -59.029898          F 
130115                          1                   0.0001000           2632                203.10              12.96               18.64               7016780.00          0                   0.69                0                   0                   23916.00            -3.286228           -59.599493          F 
130195                          1                   0.0001000           2632                203.10              12.96               18.64               7016780.00          2                   0.23                8.66                8.66                7981.00             -6.682874           -68.114036          F 
140040                          1                   0.0001000           2632                203.10              12.96               18.64               7016780.00          0                   0.26                0                   0                   8891.00             3.878942            -60.064912          F 
130030                          1                   0.0001000           2632                203.10              12.96               18.64               7016780.00          0                   0.92                0                   0                   31903.00            -3.788879           -59.528635          F 
130060                          1                   0.0001000           2632                203.10              12.96               18.64               7016780.00          0                   0.96                0                   0                   33060.00            -5.429327           -70.278296          F 
130395                          1                   0.0001000           2632                203.10              12.96               18.64               7016780.00          0                   0.31                0                   0                   10680.00            -1.946118           -58.702338          F 
130090                          1                   0.0001000           2632                203.10              12.96               18.64               7016780.00          40                  0.37                108.49              109.02              12738.00            -7.403346           -64.096665          F 
130200                          1                   0.0001000           2632                203.10              12.96               18.64               7016780.00          0                   0.23                0                   0                   8067.00             -2.498704           -58.619577          F 
140070                          1                   0.0001000           2632                203.10              12.96               18.64               7016780.00          0                   0.24                0                   0                   8372.00             4.683843            -60.280731          F 
130190                          1                   0.0001000           2632                203.10              12.96               18.64               7016780.00          3                   2.50                1.20                1.20                86395.00            -3.174662           -58.777136          F 
130270                          1                   0.0001000           2632                203.10              12.96               18.64               7016780.00          14                  1.35                10.38               10.40               46596.00            -6.459804           -61.446481          F 
130400                          1                   0.0001000           2632                203.10              12.96               18.64               7016780.00          0                   0.24                0                   0                   8366.00             -2.822093           -58.536128          F 
130080                          1                   0.0001000           2632                203.10              12.96               18.64               7016780.00          0                   1.01                0                   0                   34896.00            -4.957034           -59.534428          F 
130170                          1                   0.0001000           2632                203.10              12.96               18.64               7016780.00          110                 1.27                86.42               87.59               43974.00            -7.362897           -62.485394          F 
150300                          1                   0.0001000           2632                203.10              12.96               18.64               7016780.00          12                  0.24                50.96               51.03               8136.00             -1.158833           -57.806300          F 
130310                          1                   0.0001000           2632                203.10              12.96               18.64               7016780.00          5                   0.86                5.79                5.79                29858.00            -3.988364           -58.601783          F 
130350                          1                   0.0001000           2632                203.10              12.96               18.64               7016780.00          1                   0.52                1.91                1.91                18081.00            -7.757795           -68.197229          F 
130300                          1                   0.0001000           2632                203.10              12.96               18.64               7016780.00          6                   0.53                11.37               11.38               18233.00            -1.680483           -57.656536          F 
130240                          1                   0.0001000           2632                203.10              12.96               18.64               7016780.00          14                  1.08                12.94               12.96               37386.00            -8.375880           -65.812244          F 
130440                          1                   0.0001000           2632                203.10              12.96               18.64               7016780.00          0                   0.51                0                   0                   17597.00            -2.812240           -57.770143          F 
130140                          1                   0.0001000           2632                203.10              12.96               18.64               7016780.00          2                   0.88                2.26                2.26                30513.00            -7.022778           -70.222033          F 
130020                          1                   0.0001000           2632                203.10              12.96               18.64               7016780.00          8                   0.44                18.33               18.35               15078.00            -5.711940           -71.742673          F 
130330                          1                   0.0001000           2632                203.10              12.96               18.64               7016780.00          5                   0.62                8.09                8.09                21360.00            -6.825051           -60.477192          F 
130068                          1                   0.0001000           2632                203.10              12.96               18.64               7016780.00          0                   0.43                0                   0                   14887.00            -3.138082           -57.669942          F 
150530                          1                   0.0001000           2632                203.10              12.96               18.64               7016780.00          1                   1.81                0.55                0.55                62617.00            0.255032            -57.149736          F 
130150                          1                   0.0001000           2632                203.10              12.96               18.64               7016780.00          1                   0.47                2.12                2.12                16319.00            -7.573750           -70.054927          F 
130290                          1                   0.0001000           2632                203.10              12.96               18.64               7016780.00          219                 1.51                145.32              149.30              52064.00            -4.984990           -58.060916          F 
130050                          1                   0.0001000           2632                203.10              12.96               18.64               7016780.00          0                   0.79                0                   0                   27196.00            -3.129157           -57.172390          F 
130070                          1                   0.0001000           2632                203.10              12.96               18.64               7016780.00          3                   0.88                3.40                3.41                30445.00            -8.772979           -68.047540          F 
110080                          1                   0.0001000           2632                203.10              12.96               18.64               7016780.00          0                   0.57                0                   0                   19681.00            -8.887011           -63.325581          F 
110020                          1                   0.0001000           2632                203.10              12.96               18.64               7016780.00          477                 12.23               39.00               41.35               422555.00           -9.153039           -64.305489          F 
130340                          1                   0.0001000           2632                203.10              12.96               18.64               7016780.00          3                   2.93                1.02                1.02                101218.00           -2.688407           -56.854026          F 
130180                          1                   0.0001000           2632                203.10              12.96               18.64               7016780.00          56                  0.64                87.23               87.83               22179.00            -7.181162           -71.415929          F 
110110                          1                   0.0001000           2632                203.10              12.96               18.64               7016780.00          2                   0.24                8.18                8.19                8443.00             -9.170195           -63.044988          F 
150797                          1                   0.0001000           2632                203.10              12.96               18.64               7016780.00          6                   0.49                12.28               12.29               16877.00            -1.952134           -56.458364          F 
110094                          1                   0.0001000           2632                203.10              12.96               18.64               7016780.00          7                   0.45                15.40               15.42               15699.00            -9.170974           -62.565037          F 
110013                          1                   0.0001000           2632                203.10              12.96               18.64               7016780.00          65                  0.90                72.39               72.97               31020.00            -9.204070           -62.010294          F 
120080                          1                   0.0001000           2632                203.10              12.96               18.64               7016780.00          6                   0.43                13.95               13.96               14862.00            -9.629475           -67.701064          F 
110040                          1                   0.0001000           2632                203.10              12.96               18.64               7016780.00          4                   0.50                8.08                8.08                17112.00            -9.649274           -63.394283          F 
150390                          1                   0.0001000           2632                203.10              12.96               18.64               7016780.00          3                   1.33                2.25                2.25                46054.00            -2.622585           -56.221232          F 
130014                          1                   0.0001000           2632                203.10              12.96               18.64               7016780.00          63                  0.52                121.33              122.27              17939.00            -7.759871           -59.431439          F 
120013                          1                   0.0001000           2632                203.10              12.96               18.64               7016780.00          1                   0.24                4.09                4.09                8439.00             -9.613848           -68.175429          F 
110026                          1                   0.0001000           2632                203.10              12.96               18.64               7016780.00          0                   0.095               0                   0                   3286.00             -9.645106           -62.790311          F 
120001                          1                   0.0001000           2632                203.10              12.96               18.64               7016780.00          47                  0.36                129.71              130.45              12519.00            -9.934392           -66.948427          F 
150510                          1                   0.0001000           2632                203.10              12.96               18.64               7016780.00          4                   1.42                2.82                2.82                48957.00            -0.170427           -55.674947          F 
110045                          1                   0.0001000           2632                203.10              12.96               18.64               7016780.00          4                   0.93                4.28                4.28                32264.00            -10.052159          -63.941154          F 
120045                          1                   0.0001000           2632                203.10              12.96               18.64               7016780.00          12                  0.58                20.72               20.75               20006.00            -9.996928           -67.427266          F 
120060                          1                   0.0001000           2632                203.10              12.96               18.64               7016780.00          67                  1.03                65.33               65.86               35431.00            -8.238234           -71.446466          F 
110002                          1                   0.0001000           2632                203.10              12.96               18.64               7016780.00          103                 2.60                39.64               40.14               89766.00            -9.951979           -62.957373          F 
120034                          1                   0.0001000           2632                203.10              12.96               18.64               7016780.00          0                   0.23                0                   0                   7953.00             -9.380351           -69.854989          F 
130165                          1                   0.0001000           2632                203.10              12.96               18.64               7016780.00          125                 0.40                311.81              316.64              13850.00            -7.229841           -72.844424          F 
120030                          1                   0.0001000           2632                203.10              12.96               18.64               7016780.00          0                   0.93                0                   0                   32280.00            -8.926430           -70.747840          F 
110175                          1                   0.0001000           2632                203.10              12.96               18.64               7016780.00          2                   0.27                7.38                7.38                9362.00             -9.732685           -61.939355          F 
150100                          1                   0.0001000           2632                203.10              12.96               18.64               7016780.00          1                   0.46                2.20                2.20                15734.00            -3.667209           -56.016450          F 
120038                          1                   0.0001000           2632                203.10              12.96               18.64               7016780.00          17                  0.50                34.28               34.35               17135.00            -10.248624          -67.339671          F 
110033                          1                   0.0001000           2632                203.10              12.96               18.64               7016780.00          0                   0.64                0                   0                   22263.00            -10.382239          -64.629270          F 
110140                          1                   0.0001000           2632                203.10              12.96               18.64               7016780.00          2                   0.41                4.93                4.93                14019.00            -10.210793          -63.372281          F 
120040                          1                   0.0001000           2632                203.10              12.96               18.64               7016780.00          103                 9.64                10.68               10.81               333052.00           -10.066358          -68.371440          F 
120050                          1                   0.0001000           2632                203.10              12.96               18.64               7016780.00          6                   1.09                5.48                5.48                37828.00            -9.771845           -69.382700          F 
110160                          1                   0.0001000           2632                203.10              12.96               18.64               7016780.00          2                   0.30                6.69                6.69                10335.00            -10.121814          -62.342289          F 
120043                          1                   0.0001000           2632                203.10              12.96               18.64               7016780.00          0                   0.14                0                   0                   4672.00             -9.412364           -70.398018          F 
110070                          1                   0.0001000           2632                203.10              12.96               18.64               7016780.00          11                  0.36                30.15               30.19               12603.00            -10.485091          -63.799446          F 
110060                          1                   0.0001000           2632                203.10              12.96               18.64               7016780.00          0                   0.17                0                   0                   5724.00             -10.331685          -62.987180          F 
510325                          1                   0.0001000           2632                203.10              12.96               18.64               7016780.00          21                  0.75                27.96               28.03               25950.00            -9.292283           -60.305531          F 
120017                          1                   0.0001000           2632                203.10              12.96               18.64               7016780.00          4                   0.25                15.71               15.71               8798.00             -10.474157          -67.835782          F 
150040                          1                   0.0001000           2632                203.10              12.96               18.64               7016780.00          5                   1.52                3.30                3.30                52393.00            -0.536230           -55.069883          F 
150285                          1                   0.0001000           2632                203.10              12.96               18.64               7016780.00          0                   0.35                0                   0                   12248.00            -1.845743           -55.113264          F 
120020                          1                   0.0001000           2632                203.10              12.96               18.64               7016780.00          202                 2.26                89.49               91.73               77987.00            -7.974126           -72.761548          F 
150360                          1                   0.0001000           2632                203.10              12.96               18.64               7016780.00          198                 2.77                71.54               73.29               95626.00            -5.871333           -56.496545          F 
110180                          1                   0.0001000           2632                203.10              12.96               18.64               7016780.00          1                   0.24                4.22                4.22                8195.00             -10.384134          -62.093876          F 
150805                          1                   0.0001000           2632                203.10              12.96               18.64               7016780.00          1                   0.48                2.07                2.07                16677.00            -5.130084           -56.003417          F 
120033                          1                   0.0001000           2632                203.10              12.96               18.64               7016780.00          2                   0.44                4.56                4.56                15152.00            -7.503753           -73.439585          F 
120070                          1                   0.0001000           2632                203.10              12.96               18.64               7016780.00          1                   0.46                2.15                2.15                16045.00            -10.575880          -68.505122          F 
110011                          1                   0.0001000           2632                203.10              12.96               18.64               7016780.00          25                  1.50                16.70               16.75               51715.00            -10.592446          -62.584788          F 
110100                          1                   0.0001000           2632                203.10              12.96               18.64               7016780.00          0                   0.30                0                   0                   10449.00            -10.748055          -63.183884          F 
150680                          1                   0.0001000           2632                203.10              12.96               18.64               7016780.00          25                  8.48                2.95                2.95                293064.00           -2.764647           -55.093854          F 
120042                          1                   0.0001000           2632                203.10              12.96               18.64               7016780.00          1                   0.42                2.41                2.41                14361.00            -7.841819           -73.222514          F 
110012                          1                   0.0001000           2632                203.10              12.96               18.64               7016780.00          41                  3.35                12.22               12.28               115896.00           -10.462197          -61.757091          F 
110015                          1                   0.0001000           2632                203.10              12.96               18.64               7016780.00          10                  1.09                9.17                9.18                37661.00            -10.610539          -62.172424          F 
150375                          1                   0.0001000           2632                203.10              12.96               18.64               7016780.00          1                   0.35                2.87                2.87                12031.00            -7.445178           -57.302829          F 
120039                          1                   0.0001000           2632                203.10              12.96               18.64               7016780.00          0                   0.26                0                   0                   9061.00             -8.489533           -72.721389          F 
150145                          1                   0.0001000           2632                203.10              12.96               18.64               7016780.00          0                   0.47                0                   0                   16133.00            -3.191161           -54.992826          F 
120032                          1                   0.0001000           2632                203.10              12.96               18.64               7016780.00          0                   0.19                0                   0                   6552.00             -9.243211           -71.907488          F 
110143                          1                   0.0001000           2632                203.10              12.96               18.64               7016780.00          0                   0.22                0                   0                   7481.00             -10.889526          -62.532438          F 
120025                          1                   0.0001000           2632                203.10              12.96               18.64               7016780.00          1                   0.44                2.29                2.29                15079.00            -10.889162          -68.618498          F 
150619                          1                   0.0001000           2632                203.10              12.96               18.64               7016780.00          0                   1.13                0                   0                   39133.00            -4.241022           -55.210827          F 
110010                          1                   0.0001000           2632                203.10              12.96               18.64               7016780.00          4                   1.16                3.46                3.46                39928.00            -11.305773          -64.537463          F 
120010                          1                   0.0001000           2632                203.10              12.96               18.64               7016780.00          1                   0.62                1.62                1.62                21262.00            -10.747736          -69.207484          F 
110130                          1                   0.0001000           2632                203.10              12.96               18.64               7016780.00          0                   0.34                0                   0                   11878.00            -11.076985          -62.848279          F 
510757                          1                   0.0001000           2632                203.10              12.96               18.64               7016780.00          0                   0.10                0                   0                   3560.00             -10.463060          -61.010088          F 
110155                          1                   0.0001000           2632                203.10              12.96               18.64               7016780.00          0                   0.14                0                   0                   4854.00             -10.943464          -62.279708          F 
150480                          1                   0.0001000           2632                203.10              12.96               18.64               7016780.00          3                   1.60                1.88                1.88                55260.00            -1.119762           -54.365806          F 
110170                          1                   0.0001000           2632                203.10              12.96               18.64               7016780.00          2                   0.37                5.36                5.36                12897.00            -11.103908          -62.424021          F 
120035                          1                   0.0001000           2632                203.10              12.96               18.64               7016780.00          0                   0.41                0                   0                   14130.00            -9.099817           -72.558104          F 
120005                          1                   0.0001000           2632                203.10              12.96               18.64               7016780.00          0                   0.17                0                   0                   6017.00             -10.779491          -70.006358          F 
510140                          1                   0.0001000           2632                203.10              12.96               18.64               7016780.00          1                   0.53                1.88                1.88                18398.00            -10.187963          -59.839297          F 
110034                          1                   0.0001000           2632                203.10              12.96               18.64               7016780.00          3                   0.48                6.21                6.21                16694.00            -11.311455          -62.544783          F 
510080                          1                   0.0001000           2632                203.10              12.96               18.64               7016780.00          1                   0.24                4.21                4.21                8198.00             -8.753341           -57.827599          F 
110025                          1                   0.0001000           2632                203.10              12.96               18.64               7016780.00          2                   0.64                3.10                3.10                22262.00            -11.166190          -61.877898          F 
510337                          1                   0.0001000           2632                203.10              12.96               18.64               7016780.00          3                   0.43                6.93                6.93                14953.00            -9.536841           -58.677801          F 
110120                          1                   0.0001000           2632                203.10              12.96               18.64               7016780.00          0                   0.30                0                   0                   10352.00            -11.160345          -61.568926          F 
150565                          1                   0.0001000           2632                203.10              12.96               18.64               7016780.00          4                   0.68                5.90                5.90                23432.00            -3.889977           -54.500599          F 
110032                          1                   0.0001000           2632                203.10              12.96               18.64               7016780.00          1                   0.63                1.59                1.59                21700.00            -11.628169          -62.941940          F 
150050                          1                   0.0001000           2632                203.10              12.96               18.64               7016780.00          7                   0.97                7.25                7.25                33374.00            0.284350            -53.893460          F 
110014                          1                   0.0001000           2632                203.10              12.96               18.64               7016780.00          0                   0.57                0                   0                   19526.00            -11.564334          -62.233031          F 
110150                          1                   0.0001000           2632                203.10              12.96               18.64               7016780.00          0                   0.33                0                   0                   11429.00            -11.807291          -63.230667          F 
110090                          1                   0.0001000           2632                203.10              12.96               18.64               7016780.00          0                   0.10                0                   0                   3559.00             -11.470879          -61.879911          F 
110004                          1                   0.0001000           2632                203.10              12.96               18.64               7016780.00          9                   2.26                3.98                3.98                78141.00            -11.301237          -61.324689          F 
110050                          1                   0.0001000           2632                203.10              12.96               18.64               7016780.00          0                   0.30                0                   0                   10198.00            -11.681047          -62.083187          F 
110008                          1                   0.0001000           2632                203.10              12.96               18.64               7016780.00          0                   0.39                0                   0                   13539.00            -12.147321          -64.058780          F 
110009                          1                   0.0001000           2632                203.10              12.96               18.64               7016780.00          5                   0.83                6.06                6.06                28510.00            -11.351368          -60.784721          F 
150600                          1                   0.0001000           2632                203.10              12.96               18.64               7016780.00          1                   0.84                1.19                1.19                29142.00            -2.120276           -53.660235          F 
110028                          1                   0.0001000           2632                203.10              12.96               18.64               7016780.00          4                   1.46                2.74                2.74                50379.00            -11.732560          -61.771453          F 
510615                          1                   0.0001000           2632                203.10              12.96               18.64               7016780.00          0                   0.34                0                   0                   11636.00            -9.768714           -58.076318          F 
150815                          1                   0.0001000           2632                203.10              12.96               18.64               7016780.00          1                   1.28                0.78                0.78                44113.00            -3.583648           -53.807296          F 
510517                          1                   0.0001000           2632                203.10              12.96               18.64               7016780.00          0                   0.32                0                   0                   11176.00            -10.359620          -58.592177          F 
110148                          1                   0.0001000           2632                203.10              12.96               18.64               7016780.00          1                   0.17                5.76                5.76                5996.00             -11.904682          -61.467066          F 
110149                          1                   0.0001000           2632                203.10              12.96               18.64               7016780.00          3                   0.46                6.48                6.48                15997.00            -12.368674          -63.122203          F 
110147                          1                   0.0001000           2632                203.10              12.96               18.64               7016780.00          0                   0.10                0                   0                   3490.00             -11.878589          -61.315189          F 
160027                          1                   0.0001000           2632                203.10              12.96               18.64               7016780.00          216                 1.15                188.15              193.23              39662.00            1.096940            -53.306000          F 
150030                          2                   0.0001000           410                 15.24               26.90               28.27               535264.00           8                   0.99                8.04                8.05                34943.00            -0.263841           -50.727746          F 
160060                          2                   0.0001000           410                 15.24               26.90               28.27               535264.00           96                  2.87                33.51               33.89               100626.00           0.128476            -51.379449          F 
160025                          2                   0.0001000           410                 15.24               26.90               28.27               535264.00           1                   0.12                8.30                8.30                4230.00             0.532233            -50.651554          F 
160030                          2                   0.0001000           410                 15.24               26.90               28.27               535264.00           305                 11.26               27.09               28.10               395465.00           0.554818            -50.700863          F 
210317                          3                   0.0001000           287                 24.29               11.82               12.21               852983.00           51                  0.50                101.82              102.46              17591.00            -3.086137           -46.538028          F 
211102                          3                   0.0001000           287                 24.29               11.82               12.21               852983.00           0                   0.35                0                   0                   12280.00            -3.559519           -46.392487          F 
211400                          3                   0.0001000           287                 24.29               11.82               12.21               852983.00           3                   1.43                2.10                2.10                50075.00            -3.275512           -45.968477          F 
210735                          3                   0.0001000           287                 24.29               11.82               12.21               852983.00           2                   0.54                3.68                3.68                19088.00            -2.896221           -45.955324          F 
210465                          3                   0.0001000           287                 24.29               11.82               12.21               852983.00           0                   0.34                0                   0                   11910.00            -3.421759           -45.920143          F 
210087                          3                   0.0001000           287                 24.29               11.82               12.21               852983.00           1                   0.40                2.52                2.52                13917.00            -3.079638           -45.787376          F 
150495                          3                   0.0001000           287                 24.29               11.82               12.21               852983.00           0                   0.57                0                   0                   20077.00            -2.392513           -46.899644          F 
210200                          3                   0.0001000           287                 24.29               11.82               12.21               852983.00           5                   1.11                4.51                4.51                38980.00            -3.900294           -46.418166          F 
210315                          3                   0.0001000           287                 24.29               11.82               12.21               852983.00           8                   0.36                22.42               22.44               12532.00            -2.367505           -46.128105          F 
210637                          3                   0.0001000           287                 24.29               11.82               12.21               852983.00           2                   0.40                5.00                5.00                14048.00            -2.452057           -45.988295          F 
211003                          3                   0.0001000           287                 24.29               11.82               12.21               852983.00           3                   0.64                4.66                4.66                22618.00            -2.539736           -45.792268          F 
210047                          3                   0.0001000           287                 24.29               11.82               12.21               852983.00           1                   0.88                1.13                1.13                31046.00            -3.880456           -46.007745          F 
150307                          3                   0.0001000           287                 24.29               11.82               12.21               852983.00           0                   0.71                0                   0                   24893.00            -2.168291           -47.075261          F 
150550                          3                   0.0001000           287                 24.29               11.82               12.21               852983.00           132                 2.77                47.70               48.47               97182.00            -3.203446           -47.603092          F 
210923                          3                   0.0001000           287                 24.29               11.82               12.21               852983.00           0                   0.18                0                   0                   6351.00             -2.318820           -45.773469          F 
150195                          3                   0.0001000           287                 24.29               11.82               12.21               852983.00           2                   0.75                2.67                2.67                26333.00            -1.991029           -46.439673          F 
210825                          3                   0.0001000           287                 24.29               11.82               12.21               852983.00           1                   0.64                1.56                1.56                22574.00            -2.989105           -45.429993          F 
211227                          3                   0.0001000           287                 24.29               11.82               12.21               852983.00           0                   0.16                0                   0                   5596.00             -3.757538           -45.581194          F 
150812                          3                   0.0001000           287                 24.29               11.82               12.21               852983.00           7                   1.23                5.71                5.71                43070.00            -3.809797           -47.493553          F 
210632                          3                   0.0001000           287                 24.29               11.82               12.21               852983.00           5                   0.54                9.20                9.21                19084.00            -1.982063           -45.992607          F 
210565                          3                   0.0001000           287                 24.29               11.82               12.21               852983.00           3                   0.11                26.23               26.24               4017.00             -1.917746           -46.115749          F 
210467                          3                   0.0001000           287                 24.29               11.82               12.21               852983.00           3                   0.72                4.15                4.15                25401.00            -2.061555           -45.818133          F 
150230                          3                   0.0001000           287                 24.29               11.82               12.21               852983.00           0                   1.47                0                   0                   51604.00            -2.043740           -47.234217          F 
210850                          3                   0.0001000           287                 24.29               11.82               12.21               852983.00           1                   0.88                1.13                1.13                31032.00            -3.691451           -45.437504          F 
210830                          3                   0.0001000           287                 24.29               11.82               12.21               852983.00           0                   0.97                0                   0                   34191.00            -3.251174           -45.285441          F 
210927                          3                   0.0001000           287                 24.29               11.82               12.21               852983.00           0                   0.49                0                   0                   17082.00            -2.586560           -45.361129          F 
210690                          3                   0.0001000           287                 24.29               11.82               12.21               852983.00           0                   0.90                0                   0                   31663.00            -3.479863           -45.320156          F 
210980                          3                   0.0001000           287                 24.29               11.82               12.21               852983.00           4                   1.11                3.60                3.60                39056.00            -2.426092           -45.383311          F 
210990                          3                   0.0001000           287                 24.29               11.82               12.21               852983.00           3                   2.19                1.37                1.37                77056.00            -3.871839           -45.434294          F 
210197                          3                   0.0001000           287                 24.29               11.82               12.21               852983.00           27                  0.22                120.40              120.80              7876.00             -1.762813           -46.178716          F 
210542                          3                   0.0001000           287                 24.29               11.82               12.21               852983.00           23                  0.70                32.62               32.71               24760.00            -4.271325           -47.260573          F 
510706                          4                   0.0001000           160                 19.58               8.17                8.32                687539.00           0                   0.37                0                   0                   12875.00            -12.161387          -52.742100          F 
510185                          4                   0.0001000           160                 19.58               8.17                8.32                687539.00           0                   0.14                0                   0                   4875.00             -12.216986          -51.739360          F 
510035                          4                   0.0001000           160                 19.58               8.17                8.32                687539.00           0                   0.15                0                   0                   5195.00             -11.810796          -51.749943          F 
510785                          4                   0.0001000           160                 19.58               8.17                8.32                687539.00           0                   0.30                0                   0                   10578.00            -11.452949          -51.961623          F 
510385                          4                   0.0001000           160                 19.58               8.17                8.32                687539.00           0                   0.18                0                   0                   6224.00             -12.996255          -53.455995          F 
510270                          4                   0.0001000           160                 19.58               8.17                8.32                687539.00           0                   0.53                0                   0                   18566.00            -13.331224          -52.398800          F 
510269                          4                   0.0001000           160                 19.58               8.17                8.32                687539.00           0                   0.14                0                   0                   4769.00             -11.201057          -51.823179          F 
510718                          4                   0.0001000           160                 19.58               8.17                8.32                687539.00           0                   0.25                0                   0                   8777.00             -12.874322          -51.567902          F 
510788                          4                   0.0001000           160                 19.58               8.17                8.32                687539.00           0                   0.039               0                   0                   1364.00             -12.022095          -51.362144          F 
510370                          4                   0.0001000           160                 19.58               8.17                8.32                687539.00           2                   0.31                6.45                6.45                10898.00            -11.918239          -54.167552          F 
510735                          4                   0.0001000           160                 19.58               8.17                8.32                687539.00           0                   0.15                0                   0                   5110.00             -10.696430          -52.616401          F 
510830                          4                   0.0001000           160                 19.58               8.17                8.32                687539.00           0                   0.11                0                   0                   3725.00             -11.528079          -54.315704          F 
510677                          4                   0.0001000           160                 19.58               8.17                8.32                687539.00           0                   0.30                0                   0                   10651.00            -10.825476          -51.712660          F 
510558                          4                   0.0001000           160                 19.58               8.17                8.32                687539.00           1                   0.34                2.94                2.94                11938.00            -10.886197          -54.053071          F 
510631                          4                   0.0001000           160                 19.58               8.17                8.32                687539.00           0                   0.056               0                   0                   1976.00             -12.316068          -50.888796          F 
510020                          4                   0.0001000           160                 19.58               8.17                8.32                687539.00           1                   0.58                1.72                1.72                20400.00            -13.977087          -52.499920          F 
510630                          4                   0.0001000           160                 19.58               8.17                8.32                687539.00           0                   0.54                0                   0                   19103.00            -13.676744          -54.108586          F 
510335                          4                   0.0001000           160                 19.58               8.17                8.32                687539.00           0                   0.71                0                   0                   25075.00            -10.403493          -51.698039          F 
510774                          4                   0.0001000           160                 19.58               8.17                8.32                687539.00           0                   0.054               0                   0                   1894.00             -10.064857          -52.541103          F 
510530                          4                   0.0001000           160                 19.58               8.17                8.32                687539.00           0                   0.063               0                   0                   2210.00             -11.007852          -50.935617          F 
510724                          4                   0.0001000           160                 19.58               8.17                8.32                687539.00           3                   0.12                25.86               25.87               4075.00             -11.935890          -54.903014          F 
510624                          4                   0.0001000           160                 19.58               8.17                8.32                687539.00           0                   0.25                0                   0                   8745.00             -12.990775          -54.766813          F 
510617                          4                   0.0001000           160                 19.58               8.17                8.32                687539.00           0                   0.086               0                   0                   3028.00             -14.155878          -51.889764          F 
510642                          4                   0.0001000           160                 19.58               8.17                8.32                687539.00           49                  0.87                56.29               56.63               30572.00            -10.147782          -53.587442          F 
510260                          4                   0.0001000           160                 19.58               8.17                8.32                687539.00           0                   0.41                0                   0                   14296.00            -14.374493          -53.129163          F 
510310                          4                   0.0001000           160                 19.58               8.17                8.32                687539.00           0                   0.15                0                   0                   5298.00             -13.868782          -51.147459          F 
510305                          4                   0.0001000           160                 19.58               8.17                8.32                687539.00           2                   0.31                6.40                6.40                10977.00            -11.448470          -55.048169          F 
510619                          4                   0.0001000           160                 19.58               8.17                8.32                687539.00           0                   0.098               0                   0                   3455.00             -10.920430          -54.900941          F 
510625                          4                   0.0001000           160                 19.58               8.17                8.32                687539.00           0                   0.56                0                   0                   19508.00            -14.592851          -52.409471          F 
510860                          4                   0.0001000           160                 19.58               8.17                8.32                687539.00           0                   0.61                0                   0                   21253.00            -9.980623           -51.404814          F 
510850                          4                   0.0001000           160                 19.58               8.17                8.32                687539.00           0                   0.29                0                   0                   10206.00            -12.420937          -55.345256          F 
170820                          4                   0.0001000           160                 19.58               8.17                8.32                687539.00           0                   0.52                0                   0                   18364.00            -11.959003          -50.097998          F 
522020                          4                   0.0001000           160                 19.58               8.17                8.32                687539.00           0                   0.63                0                   0                   22119.00            -13.145623          -50.249100          F 
510777                          4                   0.0001000           160                 19.58               8.17                8.32                687539.00           0                   0.21                0                   0                   7363.00             -10.332303          -50.792279          F 
510560                          4                   0.0001000           160                 19.58               8.17                8.32                687539.00           6                   0.40                14.92               14.93               14121.00            -10.011788          -54.361207          F 
510790                          4                   0.0001000           160                 19.58               8.17                8.32                687539.00           14                  3.19                4.39                4.39                112124.00           -11.711912          -55.499834          F 
510805                          4                   0.0001000           160                 19.58               8.17                8.32                687539.00           1                   0.32                3.12                3.12                11241.00            -10.507189          -54.979631          F 
171190                          4                   0.0001000           160                 19.58               8.17                8.32                687539.00           0                   0.28                0                   0                   9943.00             -11.035890          -50.160454          F 
171884                          4                   0.0001000           160                 19.58               8.17                8.32                687539.00           0                   0.094               0                   0                   3311.00             -12.401973          -49.876147          F 
521483                          4                   0.0001000           160                 19.58               8.17                8.32                687539.00           0                   0.34                0                   0                   11852.00            -14.133960          -50.561719          F 
510792                          4                   0.0001000           160                 19.58               8.17                8.32                687539.00           14                  1.88                7.44                7.45                66131.00            -12.741400          -55.677809          F 
510628                          4                   0.0001000           160                 19.58               8.17                8.32                687539.00           0                   0.17                0                   0                   6014.00             -15.078424          -53.240963          F 
521405                          4                   0.0001000           160                 19.58               8.17                8.32                687539.00           1                   0.18                5.51                5.51                6372.00             -13.798766          -50.203361          F 
510455                          4                   0.0001000           160                 19.58               8.17                8.32                687539.00           0                   0.13                0                   0                   4530.00             -11.106900          -55.585363          F 
510776                          4                   0.0001000           160                 19.58               8.17                8.32                687539.00           0                   0.067               0                   0                   2354.00             -13.832607          -55.294029          F 
510410                          4                   0.0001000           160                 19.58               8.17                8.32                687539.00           34                  0.91                37.18               37.33               32121.00            -9.775286           -54.617359          F 
170200                          4                   0.0001000           160                 19.58               8.17                8.32                687539.00           0                   0.25                0                   0                   8715.00             -12.841080          -49.696345          F 
510645                          4                   0.0001000           160                 19.58               8.17                8.32                687539.00           0                   0.078               0                   0                   2723.00             -14.589849          -54.673101          F 
510320                          4                   0.0001000           160                 19.58               8.17                8.32                687539.00           32                  0.87                36.82               36.96               30525.00            -10.622571          -55.468060          F 
210100                          5                   0.0001000           13                  0.80                16.15               16.18               83864.00            4                   0.27                14.67               14.68               28412.00            -3.533252           -44.727340          F 
210675                          5                   0.0001000           13                  0.80                16.15               16.18               83864.00            0                   0.23                0                   0                   24386.00            -3.534961           -44.528127          F 
211290                          5                   0.0001000           13                  0.80                16.15               16.18               83864.00            9                   0.30                30.19               30.22               31066.00            -3.567466           -44.923697          F 
510780                          6                   0.009000            55                  23.48               2.34                2.35                811162.00           0                   0.52                0                   0                   18129.00            -16.456508          -55.439706          F 
510520                          6                   0.009000            55                  23.48               2.34                2.35                811162.00           0                   0.33                0                   0                   11315.00            -16.181159          -54.899911          F 
510480                          6                   0.009000            55                  23.48               2.34                2.35                811162.00           2                   0.74                2.71                2.72                25453.00            -15.903328          -55.110920          F 
510160                          6                   0.009000            55                  23.48               2.34                2.35                811162.00           0                   0.22                0                   0                   7533.00             -16.820726          -56.032143          F 
510760                          6                   0.009000            55                  23.48               2.34                2.35                811162.00           5                   5.60                0.89                0.89                193435.00           -16.520181          -54.668489          F 
510360                          6                   0.009000            55                  23.48               2.34                2.35                811162.00           0                   0.23                0                   0                   8000.00             -15.658390          -54.773123          F 
510340                          6                   0.009000            55                  23.48               2.34                2.35                811162.00           48                  15.84               3.03                3.04                547297.00           -15.449032          -55.938648          F 
420050                          7                   0.02990             5                   0.11                43.79               43.81               5950.00             5                   0.11                43.79               43.81               5950.00             -27.053070          -52.957000          F 
312710                          8                   0.1611              7                   0.49                14.19               14.20               53170.00            7                   0.49                14.19               14.20               53170.00            -20.035532          -49.000173          F 
