140017                          1                   0.00100             3051                16.07               3.55                3051                16.07               2.272837            -60.542285          F 
120033                          2                   0.00100             3055                9.73                3.61                1792                8.74                -7.504430           -73.439094          F 
120042                          2                   0.00100             3055                9.73                3.61                1263                11.13               -7.843835           -73.223448          F 
150309                          3                   0.00100             4285                7.85                3.61                4285                7.85                -4.027193           -49.005718          F 
110080                          4                   0.00100             2630                8.47                3.63                2630                8.47                -8.886994           -63.325621          F 
150548                          5                   0.00100             1844                8.23                3.64                1454                8.37                -3.684126           -50.631681          F 
150085                          5                   0.00100             1844                8.23                3.64                390                 7.70                -3.997185           -51.301278          F 
150503                          6                   0.00100             5731                5.83                3.63                1516                5.76                -8.062277           -55.612026          F 
510626                          6                   0.00100             5731                5.83                3.63                0                   n/a                 -9.752155           -55.403681          F 
150375                          6                   0.00100             5731                5.83                3.63                4215                5.85                -7.445287           -57.302705          F 
150110                          7                   0.00100             3585                6.04                3.64                3585                6.04                -2.373143           -50.181767          F 
160053                          8                   0.00100             578                 7.63                3.66                578                 7.63                0.585628            -51.669983          F 
160005                          9                   0.00100             137                 9.54                3.67                137                 9.54                1.651748            -52.268139          F 
150280                          10                  0.00100             3357                4.81                3.66                3357                4.81                -1.583462           -49.988034          F 
150640                          11                  0.00100             207                 5.85                3.67                207                 5.85                -0.583350           -49.313859          F 
130360                          12                  0.220               270                 5.06                3.67                270                 5.06                -0.318364           -65.521329          F 
130356                          13                  0.999               532                 4.38                3.67                532                 4.38                -2.529823           -59.638380          F 
