1                   1                   1                   3384                7.79                2.96                11.11               3.33                
2                   1                   1                   3280                7.63                2.96                11.13               3.34                
3                   1                   1                   4403                6.91                2.96                11.14               3.34                
4                   1                   1                   1562                7.48                3.00                11.28               3.36                
5                   1                   1                   1498                7.41                3.00                11.29               3.36                
6                   1                   1                   2260                6.52                2.99                11.29               3.36                
7                   1                   1                   1711                6.99                3.00                11.30               3.36                
8                   1                   1                   689                 9.23                3.01                11.30               3.36                
9                   1                   1                   776                 6.83                3.01                11.36               3.37                
10                  1                   1                   2200                4.94                3.01                11.37               3.37                
11                  1                   1                   767                 6.10                3.01                11.37               3.37                
12                  1                   1                   944                 5.58                3.01                11.38               3.37                
13                  1                   1                   556                 4.34                3.02                11.39               3.38                
14                  1                   1                   497                 4.23                3.02                11.40               3.38                
15                  1                   1                   2330                3.35                3.02                11.40               3.38                
