1                   1                   1                   3051                16.07               3.55                14.90               3.86                
2                   1                   1                   3055                9.73                3.61                16.01               4.00                
3                   1                   1                   4285                7.85                3.61                16.12               4.02                
4                   1                   1                   2630                8.47                3.63                16.17               4.02                
5                   1                   1                   1844                8.23                3.64                16.24               4.03                
6                   1                   1                   5731                5.83                3.63                16.27               4.03                
7                   1                   1                   3585                6.04                3.64                16.29               4.04                
8                   1                   1                   578                 7.63                3.66                16.33               4.04                
9                   1                   1                   137                 9.54                3.67                16.34               4.04                
10                  1                   1                   3357                4.81                3.66                16.34               4.04                
11                  1                   1                   207                 5.85                3.67                16.35               4.04                
12                  1                   1                   270                 5.06                3.67                16.36               4.04                
13                  1                   1                   532                 4.38                3.67                16.36               4.04                
