140005                          1                   0.00100             5106                17.71               1.91                5106                17.71               3.072100            -62.742368          F 
150375                          2                   0.00100             2261                15.76               2.18                2261                15.76               -7.445287           -57.302705          F 
130090                          3                   0.00100             1288                15.03               2.26                1288                15.03               -7.300758           -64.061903          F 
150070                          4                   0.00100             4400                5.41                2.27                4400                5.41                -0.827133           -49.961391          F 
140017                          5                   0.00100             2611                5.49                2.30                1388                6.15                2.272837            -60.542285          F 
140015                          5                   0.00100             2611                5.49                2.30                56                  0.53                2.787662            -60.100611          F 
140010                          5                   0.00100             2611                5.49                2.30                200                 1.20                3.117915            -60.717953          F 
140060                          5                   0.00100             2611                5.49                2.30                119                 3.12                0.884435            -60.151836          F 
140030                          5                   0.00100             2611                5.49                2.30                848                 6.07                2.510971            -61.996789          F 
140002                          6                   0.00100             1352                4.46                2.33                1352                4.46                3.732902            -62.437022          F 
160015                          7                   0.00100             1722                4.14                2.33                445                 4.13                1.157614            -52.519564          F 
160005                          7                   0.00100             1722                4.14                2.33                79                  2.41                1.651748            -52.268139          F 
160027                          7                   0.00100             1722                4.14                2.33                83                  0.69                1.101364            -53.310546          F 
160053                          7                   0.00100             1722                4.14                2.33                540                 5.43                0.585628            -51.669983          F 
160023                          7                   0.00100             1722                4.14                2.33                23                  1.09                0.957104            -51.417351          F 
160055                          7                   0.00100             1722                4.14                2.33                1                   0.20                1.625815            -51.278530          F 
160040                          7                   0.00100             1722                4.14                2.33                551                 3.79                -0.0668366          -51.951193          F 
150520                          8                   0.00100             1732                4.12                2.33                1732                4.12                -2.278919           -49.902330          F 
120033                          9                   0.00100             1404                3.86                2.34                937                 4.03                -7.504430           -73.439094          F 
120042                          9                   0.00100             1404                3.86                2.34                467                 3.53                -7.843835           -73.223448          F 
130240                          10                  0.00100             1928                3.47                2.34                1928                3.47                -8.375601           -65.811663          F 
510325                          11                  0.173               459                 3.50                2.35                459                 3.50                -9.292441           -60.304194          F 
110080                          12                  0.923               719                 3.03                2.35                719                 3.03                -8.886994           -63.325621          F 
