1                   120042                          -7.843835           -73.223448          0                   2005/10/1         2005/12/31        1                   181616.229070       0.00100             5236                78.84               6.47                54.36               7.37                F 
2                   130110                          -3.770484           -60.183273          0                   2005/7/1          2005/9/30         1                   23296.229601        0.00100             6826                32.57               6.81                92.39               9.61                F 
3                   130020                          -5.711904           -71.741371          273.49              2005/10/1         2005/12/31        6                   9688.967179         0.00100             8326                22.13               6.90                96.69               9.83                F 
4                   110110                          -9.170210           -63.044941          0                   2005/1/1          2005/6/30         1                   7251.291900         0.00100             3445                27.43               6.99                97.49               9.87                F 
5                   130430                          -0.894390           -59.029588          220.92              2005/7/1          2005/12/31        10                  6088.636383         0.00100             17313               15.33               6.86                97.87               9.89                F 
6                   130090                          -7.300758           -64.061903          0                   2005/7/1          2005/12/31        1                   5901.558231         0.00100             1998                31.24               7.03                97.93               9.90                F 
7                   120020                          -7.971860           -72.754808          0                   2005/11/1         2005/12/31        1                   5204.441298         0.00100             10864               16.76               6.93                98.16               9.91                F 
8                   150548                          -3.684126           -50.631681          0                   2005/7/1          2005/12/31        1                   2979.718194         0.00100             6427                16.66               7.00                98.89               9.94                F 
9                   110033                          -10.382167          -64.629100          83.70               2005/6/1          2005/11/30        2                   2350.968189         0.00100             7291                15.07               7.01                99.10               9.95                F 
10                  160040                          -0.0668366          -51.951193          0                   2005/8/1          2005/10/31        1                   2233.029979         0.00100             2422                20.63               7.05                99.14               9.96                F 
11                  140017                          2.272837            -60.542285          0                   2005/1/1          2005/5/31         1                   2194.527374         0.00100             2945                19.26               7.05                99.15               9.96                F 
12                  130240                          -8.375601           -65.811663          0                   2005/7/1          2005/12/31        1                   1148.364913         0.00100             3407                15.28               7.06                99.50               9.97                F 
13                  510140                          -10.179664          -59.856308          130.00              2005/5/1          2005/8/31         3                   1118.481039         0.00100             3709                14.84               7.06                99.51               9.98                F 
14                  130080                          -4.957617           -59.534694          130.06              2005/7/1          2005/8/31         2                   718.107081          0.00100             4577                12.68               7.07                99.64               9.98                F 
15                  130320                          -2.048246           -61.703420          0                   2005/7/1          2005/10/31        1                   644.252356          0.00100             1495                16.37               7.08                99.67               9.98                F 
16                  130185                          -3.095219           -60.479687          0                   2005/7/1          2005/8/31         1                   172.460337          0.00100             1974                11.28               7.09                99.83               9.99                F 
17                  150520                          -2.278919           -49.902330          97.21               2005/1/1          2005/2/28         9                   170.142431          0.00100             1039                12.82               7.10                99.83               9.99                F 
18                  130002                          -3.694685           -65.324447          0                   2005/7/1          2005/8/31         1                   153.468693          0.00100             1220                12.12               7.10                99.83               9.99                F 
19                  130063                          -4.606233           -61.804353          169.57              2005/7/1          2005/8/31         5                   95.727137           0.00100             2491                9.87                7.10                99.85               9.99                F 
20                  110160                          -10.121769          -62.342505          126.55              2005/6/1          2005/7/31         18                  85.729464           0.00100             6638                8.71                7.09                99.85               9.99                F 
21                  120050                          -9.771422           -69.381795          183.62              2005/11/1         2005/12/31        11                  44.587911           0.0820              811                 10.42               7.10                99.87               9.99                F 
