1                   130110                          -3.770484           -60.183273          72.96               2007/6/1          2007/9/30         3                   26053.624640        0.00100             9299                13.26               3.75                14.89               3.86                F 
2                   120033                          -7.504430           -73.439094          72.28               2007/1/1          2007/5/31         3                   26010.274394        0.00100             10007               12.91               3.75                14.89               3.86                F 
3                   130090                          -7.300758           -64.061903          0                   2007/6/1          2007/11/30        1                   19270.848129        0.00100             2067                21.20               3.87                15.35               3.92                F 
4                   130002                          -3.694685           -65.324447          0                   2007/4/1          2007/9/30         1                   9765.024316         0.00100             2443                15.36               3.89                16.01               4.00                F 
5                   110033                          -10.382167          -64.629100          83.70               2007/3/1          2007/8/31         2                   9459.218785         0.00100             5126                11.68               3.86                16.03               4.00                F 
6                   110080                          -8.886994           -63.325621          0                   2007/4/1          2007/9/30         1                   6658.314684         0.00100             3812                11.51               3.89                16.24               4.03                F 
7                   130083                          -3.082019           -61.877758          0                   2007/4/1          2007/9/30         1                   5363.346902         0.00100             2973                11.65               3.90                16.33               4.04                F 
8                   140017                          2.272837            -60.542285          0                   2007/1/1          2007/2/28         1                   3966.754654         0.00100             857                 16.33               3.93                16.43               4.05                F 
9                   130356                          -2.529823           -59.638380          0                   2007/1/1          2007/3/31         1                   2242.097558         0.00100             1783                10.41               3.93                16.56               4.07                F 
10                  160015                          1.157614            -52.519564          124.47              2007/1/1          2007/3/31         5                   2171.646873         0.00100             1864                10.17               3.93                16.56               4.07                F 
11                  130395                          -1.941762           -58.705261          0                   2007/6/1          2007/10/31        1                   1697.874762         0.00100             1025                11.37               3.93                16.60               4.07                F 
12                  510757                          -10.463060          -61.009966          0                   2007/5/1          2007/10/31        1                   1062.093031         0.00100             312                 14.61               3.94                16.65               4.08                F 
13                  150548                          -3.684126           -50.631681          0                   2007/7/1          2007/11/30        1                   921.839790          0.00100             3463                6.92                3.93                16.66               4.08                F 
14                  130014                          -7.759951           -59.432108          0                   2007/6/1          2007/11/30        1                   406.942702          0.00100             847                 7.95                3.94                16.69               4.09                F 
15                  150309                          -4.027193           -49.005718          0                   2007/7/1          2007/12/31        1                   348.590289          0.00100             1966                6.38                3.94                16.70               4.09                F 
16                  110026                          -9.645212           -62.790074          66.20               2007/1/1          2007/2/28         5                   277.615419          0.00100             1958                6.12                3.94                16.70               4.09                F 
17                  130240                          -8.375601           -65.811663          0                   2007/8/1          2007/10/31        1                   258.204063          0.00100             1236                6.59                3.94                16.71               4.09                F 
18                  130185                          -3.095219           -60.479687          0                   2007/6/1          2007/8/31         1                   167.568735          0.00100             1370                5.97                3.95                16.71               4.09                F 
19                  150070                          -0.827133           -49.961391          0                   2007/7/1          2007/8/31         1                   113.739327          0.00100             1562                5.51                3.95                16.72               4.09                F 
20                  130330                          -6.824013           -60.477155          0                   2007/3/1          2007/8/31         1                   112.639815          0.00100             3033                5.06                3.94                16.72               4.09                F 
21                  150503                          -8.062277           -55.612026          0                   2007/9/1          2007/11/30        1                   45.873558           0.00300             714                 5.42                3.95                16.72               4.09                F 
