1                   1                   1                   6363                8.91                2.48                5.95                2.44                
2                   1                   1                   4115                8.46                2.55                6.44                2.54                
3                   1                   1                   2527                9.50                2.58                6.54                2.56                
4                   1                   1                   5171                6.64                2.57                6.69                2.59                
5                   1                   1                   1412                8.48                2.62                6.85                2.62                
6                   1                   1                   2261                6.52                2.62                6.91                2.63                
7                   1                   1                   771                 8.75                2.64                6.93                2.63                
8                   1                   1                   663                 7.91                2.64                6.97                2.64                
9                   1                   1                   931                 6.63                2.64                6.99                2.64                
10                  1                   1                   1404                5.54                2.64                7.00                2.65                
11                  1                   1                   3188                4.29                2.64                7.02                2.65                
12                  1                   1                   1449                4.97                2.65                7.02                2.65                
13                  1                   1                   780                 5.41                2.65                7.03                2.65                
14                  1                   1                   1625                3.57                2.65                7.05                2.65                
15                  1                   1                   300                 4.13                2.66                7.05                2.66                
16                  1                   1                   344                 3.53                2.66                7.05                2.66                
17                  1                   1                   150                 3.71                2.66                7.05                2.66                
18                  1                   1                   297                 3.34                2.66                7.05                2.66                
19                  1                   1                   448                 3.20                2.66                7.05                2.66                
