140017                          1                   0.00100             2015                11.99               2.90                2015                11.99               2.272837            -60.542285          F 
110080                          2                   0.00100             3353                9.63                2.89                3353                9.63                -8.886994           -63.325621          F 
160015                          3                   0.00100             5861                7.39                2.88                1160                7.11                1.157614            -52.519564          F 
160005                          3                   0.00100             5861                7.39                2.88                624                 6.70                1.651748            -52.268139          F 
160027                          3                   0.00100             5861                7.39                2.88                383                 1.23                1.101364            -53.310546          F 
160053                          3                   0.00100             5861                7.39                2.88                1752                9.50                0.585628            -51.669983          F 
160023                          3                   0.00100             5861                7.39                2.88                183                 5.04                0.957104            -51.417351          F 
160055                          3                   0.00100             5861                7.39                2.88                27                  0.55                1.625815            -51.278530          F 
160040                          3                   0.00100             5861                7.39                2.88                1732                7.42                -0.0668366          -51.951193          F 
150085                          4                   0.00100             5645                6.17                2.90                2111                7.03                -3.997185           -51.301278          F 
150780                          4                   0.00100             5645                6.17                2.90                696                 5.01                -4.169711           -51.773849          F 
150548                          4                   0.00100             5645                6.17                2.90                2838                5.81                -3.684126           -50.631681          F 
120042                          5                   0.00100             1082                9.21                2.94                1082                9.21                -7.843835           -73.223448          F 
130410                          6                   0.00100             417                 11.11               2.96                94                  0.100               -6.093702           -64.955796          F 
130090                          6                   0.00100             417                 11.11               2.96                323                 14.31               -7.300758           -64.061903          F 
150503                          7                   0.00100             2162                5.42                2.95                339                 5.48                -8.062277           -55.612026          F 
510626                          7                   0.00100             2162                5.42                2.95                2                   0.67                -9.752155           -55.403681          F 
150375                          7                   0.00100             2162                5.42                2.95                1821                5.41                -7.445287           -57.302705          F 
150309                          8                   0.00100             2776                4.88                2.95                2776                4.88                -4.027193           -49.005718          F 
150280                          9                   0.00100             1664                4.57                2.96                1664                4.57                -1.583462           -49.988034          F 
150110                          10                  0.00100             1084                4.48                2.96                1084                4.48                -2.373143           -50.181767          F 
150360                          11                  0.00100             3179                3.74                2.96                3179                3.74                -5.871135           -56.496715          F 
210197                          12                  0.00100             84                  6.43                2.97                84                  6.43                -1.762072           -46.178918          F 
