120042                          1                   0.00100             4514                45.79               6.52                4514                45.79               -7.843835           -73.223448          F 
130165                          2                   0.00100             4733                29.50               6.65                4733                29.50               -7.229781           -72.844588          F 
130115                          3                   0.00100             12710               15.06               6.65                611                 8.02                -3.286012           -59.598677          F 
130030                          3                   0.00100             12710               15.06               6.65                2804                11.31               -3.787231           -59.525534          F 
130356                          3                   0.00100             12710               15.06               6.65                4762                15.50               -2.529823           -59.638380          F 
130110                          3                   0.00100             12710               15.06               6.65                4533                17.87               -3.770484           -60.183273          F 
120033                          4                   0.00100             6293                18.19               6.72                6293                18.19               -7.504430           -73.439094          F 
130090                          5                   0.00100             2068                25.57               6.78                2068                25.57               -7.300758           -64.061903          F 
130240                          6                   0.00100             4549                17.91               6.76                4549                17.91               -8.375601           -65.811663          F 
150548                          7                   0.00100             5850                16.48               6.75                5091                16.07               -3.684126           -50.631681          F 
150085                          7                   0.00100             5850                16.48               6.75                759                 19.22               -3.997185           -51.301278          F 
110080                          8                   0.00100             6908                14.83               6.75                4293                13.84               -8.886994           -63.325621          F 
110110                          8                   0.00100             6908                14.83               6.75                2615                16.46               -9.170210           -63.044941          F 
160005                          9                   0.00100             2932                17.87               6.79                532                 16.69               1.651748            -52.268139          F 
160015                          9                   0.00100             2932                17.87               6.79                1932                19.00               1.157614            -52.519564          F 
160055                          9                   0.00100             2932                17.87               6.79                51                  1.62                1.625815            -51.278530          F 
160023                          9                   0.00100             2932                17.87               6.79                417                 16.16               0.957104            -51.417351          F 
110033                          10                  0.00100             1860                19.47               6.81                1239                21.18               -10.382167          -64.629100          F 
110045                          10                  0.00100             1860                19.47               6.81                621                 16.05               -10.052115          -63.941163          F 
140017                          11                  0.00100             1084                22.43               6.82                1084                22.43               2.272837            -60.542285          F 
510757                          12                  0.00100             704                 25.58               6.83                704                 25.58               -10.463060          -61.009966          F 
130320                          13                  0.00100             1189                20.86               6.82                1189                20.86               -2.048246           -61.703420          F 
150300                          14                  0.00100             6621                10.33               6.81                132                 1.40                -1.159150           -57.805908          F 
130300                          14                  0.00100             6621                10.33               6.81                96                  1.05                -1.680586           -57.656245          F 
130395                          14                  0.00100             6621                10.33               6.81                1002                14.32               -1.941762           -58.705261          F 
130430                          14                  0.00100             6621                10.33               6.81                388                 3.23                -0.894390           -59.029588          F 
150530                          14                  0.00100             6621                10.33               6.81                205                 0.15                0.254980            -57.149825          F 
130200                          14                  0.00100             6621                10.33               6.81                361                 5.87                -2.497237           -58.613268          F 
150797                          14                  0.00100             6621                10.33               6.81                0                   n/a                 -1.951503           -56.458424          F 
130440                          14                  0.00100             6621                10.33               6.81                4                   0.54                -2.813757           -57.771310          F 
130340                          14                  0.00100             6621                10.33               6.81                9                   0.12                -2.688098           -56.854645          F 
130400                          14                  0.00100             6621                10.33               6.81                905                 11.63               -2.820549           -58.537087          F 
130068                          14                  0.00100             6621                10.33               6.81                10                  0.29                -3.137811           -57.670110          F 
130050                          14                  0.00100             6621                10.33               6.81                5                   0.074               -3.129025           -57.172383          F 
150390                          14                  0.00100             6621                10.33               6.81                1                   0.11                -2.622889           -56.221390          F 
130353                          14                  0.00100             6621                10.33               6.81                3503                11.37               -1.370920           -59.989553          F 
150070                          15                  0.00100             3211                10.61               6.83                3211                10.61               -0.827133           -49.961391          F 
130008                          16                  0.00100             1063                12.36               6.84                40                  2.36                -3.501857           -61.717988          F 
130083                          16                  0.00100             1063                12.36               6.84                1023                12.75               -3.082019           -61.877758          F 
510615                          17                  0.00100             1936                10.50               6.84                0                   n/a                 -9.768441           -58.076941          F 
510337                          17                  0.00100             1936                10.50               6.84                14                  0.075               -9.537854           -58.675155          F 
510517                          17                  0.00100             1936                10.50               6.84                7                   0.53                -10.397452          -58.624826          F 
510895                          17                  0.00100             1936                10.50               6.84                1                   0.11                -9.970186           -57.245656          F 
510080                          17                  0.00100             1936                10.50               6.84                45                  0.54                -8.758636           -57.825998          F 
510285                          17                  0.00100             1936                10.50               6.84                2                   0.14                -10.940726          -58.602797          F 
510510                          17                  0.00100             1936                10.50               6.84                16                  0.062               -11.023732          -57.618403          F 
510629                          17                  0.00100             1936                10.50               6.84                23                  0.069               -9.593574           -56.682589          F 
510025                          17                  0.00100             1936                10.50               6.84                6                   0.13                -10.055805          -56.367708          F 
510627                          17                  0.00100             1936                10.50               6.84                0                   n/a                 -11.383602          -57.303519          F 
510140                          17                  0.00100             1936                10.50               6.84                208                 1.87                -10.179664          -59.856308          F 
510794                          17                  0.00100             1936                10.50               6.84                1                   0.12                -11.214129          -56.496442          F 
510515                          17                  0.00100             1936                10.50               6.84                59                  0.37                -11.532095          -59.324495          F 
510621                          17                  0.00100             1936                10.50               6.84                0                   n/a                 -10.700279          -56.041728          F 
510279                          17                  0.00100             1936                10.50               6.84                0                   n/a                 -10.106383          -55.834159          F 
510325                          17                  0.00100             1936                10.50               6.84                1554                12.80               -9.292441           -60.304194          F 
120034                          18                  0.00100             1293                11.29               6.84                0                   n/a                 -9.381104           -69.853779          F 
120043                          18                  0.00100             1293                11.29               6.84                0                   n/a                 -9.410638           -70.395784          F 
120050                          18                  0.00100             1293                11.29               6.84                13                  0.098               -9.771422           -69.381795          F 
120030                          18                  0.00100             1293                11.29               6.84                104                 0.32                -8.924432           -70.744771          F 
120005                          18                  0.00100             1293                11.29               6.84                1                   0.39                -10.779759          -70.005684          F 
120010                          18                  0.00100             1293                11.29               6.84                1                   0.28                -10.747374          -69.207478          F 
120040                          18                  0.00100             1293                11.29               6.84                202                 0.68                -10.066135          -68.371062          F 
120013                          18                  0.00100             1293                11.29               6.84                69                  2.16                -9.614095           -68.173711          F 
120070                          18                  0.00100             1293                11.29               6.84                50                  0.70                -10.575599          -68.504733          F 
130150                          18                  0.00100             1293                11.29               6.84                3                   0.29                -7.573304           -70.055086          F 
130070                          18                  0.00100             1293                11.29               6.84                850                 16.75               -8.773155           -68.047634          F 
110160                          19                  0.00100             6004                8.58                6.83                242                 3.56                -10.121769          -62.342505          F 
110180                          19                  0.00100             6004                8.58                6.83                36                  1.39                -10.384257          -62.094047          F 
110015                          19                  0.00100             6004                8.58                6.83                35                  1.90                -10.610553          -62.172532          F 
110011                          19                  0.00100             6004                8.58                6.83                22                  2.97                -10.592448          -62.584866          F 
110175                          19                  0.00100             6004                8.58                6.83                439                 6.19                -9.732434           -61.939101          F 
110002                          19                  0.00100             6004                8.58                6.83                562                 5.06                -9.951890           -62.957255          F 
110026                          19                  0.00100             6004                8.58                6.83                124                 10.73               -9.645212           -62.790074          F 
110060                          19                  0.00100             6004                8.58                6.83                9                   1.89                -10.331603          -62.987261          F 
110012                          19                  0.00100             6004                8.58                6.83                27                  1.91                -10.462221          -61.757253          F 
110143                          19                  0.00100             6004                8.58                6.83                2                   1.15                -10.889344          -62.532357          F 
110155                          19                  0.00100             6004                8.58                6.83                0                   n/a                 -10.943453          -62.279772          F 
110013                          19                  0.00100             6004                8.58                6.83                2136                9.95                -9.204091           -62.010380          F 
110094                          19                  0.00100             6004                8.58                6.83                1193                10.72               -9.171094           -62.565336          F 
110170                          19                  0.00100             6004                8.58                6.83                25                  1.55                -11.103953          -62.424410          F 
110140                          19                  0.00100             6004                8.58                6.83                269                 4.74                -10.210832          -63.372393          F 
110100                          19                  0.00100             6004                8.58                6.83                7                   0.59                -10.748029          -63.184012          F 
110130                          19                  0.00100             6004                8.58                6.83                18                  2.03                -11.076838          -62.847979          F 
110040                          19                  0.00100             6004                8.58                6.83                858                 9.47                -9.649310           -63.394322          F 
130002                          20                  0.00100             634                 10.80               6.85                634                 10.80               -3.694685           -65.324447          F 
120039                          21                  0.179               215                 10.42               6.85                215                 10.42               -8.491909           -72.733551          F 
