8.581111            
12.099792           
15.080758           
20.780958           
9.073101            
11.969059           
9.483381            
9.988281            
22.415788           
14.654094           
20.442024           
15.866328           
14.830580           
10.389973           
10.389973           
10.389973           
12.779241           
9.881653            
16.493788           
14.836935           
12.709826           
10.584169           
10.389973           
10.008251           
13.531367           
11.138830           
10.389973           
13.615323           
9.542637            
8.890032            
9.796169            
12.510528           
8.768326            
12.191502           
10.242666           
10.935866           
25.919494           
10.933948           
12.191502           
13.902415           
13.440034           
10.605834           
13.558444           
11.594034           
8.276978            
10.553482           
11.280862           
9.157186            
9.331496            
10.350235           
10.106160           
8.398503            
11.567892           
10.389973           
10.389973           
12.072456           
12.938280           
9.949110            
15.627814           
11.967025           
11.132169           
10.842731           
10.754851           
18.177403           
12.758604           
10.389973           
8.313690            
10.557833           
10.527487           
12.879368           
15.041755           
9.616625            
12.191502           
11.279873           
17.292515           
12.759211           
16.517100           
10.146070           
10.389973           
6.721374            
12.191502           
10.389973           
10.853410           
11.279873           
12.191502           
12.854659           
9.313710            
12.810527           
9.252251            
10.389973           
10.523753           
9.949110            
13.440034           
13.541020           
10.224863           
12.795217           
10.789785           
10.224863           
19.202938           
9.916971            
9.899400            
12.191502           
8.752907            
10.389973           
11.236105           
8.879948            
8.602511            
10.389973           
12.784859           
11.866022           
10.423221           
10.389973           
11.722138           
10.610780           
14.499586           
14.743773           
11.744967           
10.630914           
12.345608           
11.727039           
12.732864           
14.830580           
9.252251            
10.389973           
11.065787           
13.978723           
12.191502           
16.981431           
9.981526            
9.825942            
10.389973           
10.389973           
10.241595           
14.743773           
14.830580           
14.743773           
10.314658           
14.743773           
13.212189           
12.190279           
9.750782            
13.638886           
16.512523           
12.488045           
10.575809           
13.273706           
8.055584            
15.721256           
13.217075           
11.992294           
11.332424           
13.353072           
13.285696           
18.649348           
13.440034           
9.396984            
11.260079           
10.736649           
12.141683           
10.758467           
14.830580           
9.237308            
10.845515           
11.377136           
11.943446           
10.389973           
9.855678            
15.844153           
14.243401           
11.871430           
12.094501           
10.389973           
15.724377           
9.324693            
9.449897            
12.195521           
10.195777           
12.557697           
13.994415           
11.720404           
10.389973           
11.026842           
14.555532           
14.314909           
9.861274            
11.038817           
9.949110            
15.422569           
13.047122           
10.793638           
12.078621           
14.743773           
10.597093           
11.742667           
12.247739           
10.389973           
17.092415           
15.165105           
17.592034           
14.354044           
13.887868           
10.389973           
14.743773           
11.700446           
9.544437            
8.564587            
8.851382            
10.827460           
9.949110            
14.082339           
12.284497           
21.490973           
14.555649           
12.724121           
7.577248            
20.503965           
15.229218           
12.191502           
11.670824           
7.977714            
10.389973           
9.220439            
10.616277           
16.532510           
13.483836           
12.441745           
9.252251            
15.096419           
11.600942           
14.743773           
8.435088            
11.900743           
14.585130           
12.223359           
13.233643           
12.406666           
14.743773           
16.838443           
15.721256           
10.389973           
9.030192            
10.199023           
12.191502           
12.583264           
18.148051           
11.313920           
13.186168           
11.157845           
12.191502           
14.576236           
11.727338           
13.101247           
11.969059           
11.900221           
10.754851           
9.949110            
10.073073           
15.721256           
10.378849           
13.349736           
17.099464           
11.989079           
10.789785           
11.924362           
12.531555           
14.830580           
8.621352            
11.151657           
9.392597            
10.338384           
9.681493            
8.424529            
11.874050           
10.144171           
9.767025            
14.743773           
12.652572           
10.331530           
12.620213           
12.191502           
13.083065           
14.890278           
12.265554           
14.743773           
15.804355           
15.924586           
12.446151           
10.981874           
11.459155           
8.679327            
15.334506           
12.576461           
10.715825           
10.338763           
12.440968           
17.633149           
19.423975           
12.247739           
9.881653            
10.646269           
8.795770            
10.389973           
10.789785           
11.358496           
11.594034           
13.965766           
17.633149           
12.349952           
14.826829           
11.720404           
13.339425           
9.790426            
10.422408           
11.265996           
11.602711           
12.968974           
11.797960           
8.299259            
10.535513           
13.837019           
11.066757           
8.557186            
10.933948           
12.191502           
14.085976           
12.247739           
15.532594           
12.714922           
9.890966            
11.041479           
11.782052           
10.959087           
8.352159            
11.064821           
14.743773           
11.409266           
12.332342           
22.646334           
14.743773           
10.389973           
11.908507           
14.743773           
11.083621           
10.389973           
10.933948           
7.783057            
14.830580           
12.330996           
15.813305           
16.869471           
15.442275           
12.345608           
13.012932           
8.758163            
10.150094           
15.512895           
10.389973           
14.890278           
10.389973           
14.085976           
10.029818           
11.096436           
12.191502           
13.458484           
12.652572           
12.195521           
7.371622            
14.743773           
15.807809           
10.343821           
19.251544           
11.026233           
10.389973           
13.647840           
22.221318           
17.633149           
8.364724            
10.408565           
11.987441           
12.015393           
10.366599           
12.410893           
12.191502           
12.024584           
9.542825            
10.389973           
9.881653            
9.975518            
19.293383           
10.389973           
10.933948           
10.389973           
12.102007           
17.633149           
10.899974           
10.310429           
13.026141           
8.857112            
9.757707            
17.925999           
11.961936           
10.754851           
10.389973           
12.345608           
13.081770           
11.329778           
17.017502           
10.389973           
10.427063           
11.969059           
13.490035           
12.504546           
10.816307           
10.389973           
17.421263           
11.969059           
11.144776           
12.195521           
10.428350           
12.464185           
10.389973           
8.130587            
9.320882            
13.134383           
14.743773           
12.247739           
13.081770           
8.957962            
9.638645            
12.990397           
10.242870           
9.147997            
10.224863           
14.419096           
12.652572           
8.708934            
11.542186           
13.262022           
9.176735            
11.642519           
8.751566            
12.191502           
10.529138           
11.567892           
10.241085           
15.277679           
9.873749            
12.191502           
14.743773           
8.858522            
11.969059           
11.011253           
11.100060           
10.005880           
13.615323           
10.389973           
17.633149           
9.266839            
10.389973           
13.509692           
8.948195            
8.821683            
10.192082           
11.041479           
7.882846            
8.344020            
11.969059           
10.883712           
9.635975            
9.830655            
14.743773           
15.937013           
10.840530           
15.676374           
12.190279           
10.389973           
9.225878            
11.591190           
7.392780            
12.345608           
8.834369            
8.364724            
10.389973           
11.451302           
8.752907            
12.191502           
10.933948           
9.571364            
13.478084           
10.389973           
19.924978           
12.019344           
12.353647           
11.895039           
8.775552            
13.971401           
17.786872           
14.910492           
14.743773           
10.789785           
9.949110            
13.448702           
10.933948           
11.842998           
14.890278           
13.893186           
10.389973           
13.832146           
14.299383           
12.191502           
18.630319           
10.115277           
13.044933           
13.081770           
15.068470           
11.418290           
17.421391           
23.747956           
14.655145           
11.127394           
18.187760           
12.262530           
15.866328           
15.979170           
8.364724            
8.608161            
16.718265           
17.673685           
13.541007           
11.515978           
10.390124           
9.252251            
9.161302            
14.743773           
17.633149           
10.781839           
11.943446           
9.781400            
13.414722           
10.683641           
10.366078           
11.969059           
9.190286            
9.460022            
10.783203           
10.663519           
9.949110            
10.455931           
17.459795           
9.235499            
10.389973           
12.917749           
17.164811           
10.873376           
14.780210           
8.836071            
13.954317           
13.375094           
12.872436           
10.933948           
10.389973           
12.841054           
12.191502           
9.107270            
11.168602           
10.577621           
10.005880           
9.319856            
12.460489           
14.092384           
10.063055           
10.723026           
17.295033           
8.485201            
9.730470            
20.485447           
8.506643            
10.404705           
17.199788           
12.515903           
12.191502           
12.254427           
10.870405           
13.857970           
11.567928           
8.781974            
10.389973           
10.933948           
12.345608           
12.532479           
10.939262           
12.790997           
11.360821           
11.131610           
15.805353           
17.164811           
13.232258           
14.785322           
11.479549           
8.364724            
9.222327            
14.743773           
11.313695           
9.502128            
6.721374            
10.874091           
11.435565           
8.364724            
9.411153            
13.074873           
10.933948           
10.318221           
14.743773           
12.191502           
11.649985           
9.492827            
8.101629            
13.081770           
7.898575            
14.689310           
17.332892           
9.167213            
14.193513           
14.085976           
8.287937            
10.933948           
16.202165           
12.439067           
12.712927           
12.191502           
10.366508           
9.252251            
13.240251           
10.933948           
11.696211           
14.879061           
10.693956           
14.036939           
7.879523            
14.838994           
11.594034           
8.655313            
13.440034           
10.389973           
13.440034           
10.224916           
14.743773           
10.389973           
9.917488            
14.041396           
10.389973           
12.191502           
16.158032           
19.156553           
12.165610           
9.588432            
17.811849           
10.389973           
13.618024           
9.881653            
10.764940           
12.110845           
8.364724            
12.265896           
13.324451           
9.535106            
9.633125            
11.698670           
23.861837           
10.881362           
10.626255           
9.150139            
12.531900           
9.186347            
8.313218            
14.315398           
8.909071            
9.341770            
17.376420           
8.250013            
10.655543           
9.952077            
15.043680           
9.483381            
14.743773           
9.410458            
10.389973           
10.637547           
13.427048           
19.998466           
7.371622            
15.866328           
12.191502           
19.682671           
13.675316           
10.389973           
8.378128            
16.722646           
11.187341           
10.389973           
12.247739           
12.231824           
11.977406           
10.389973           
10.231642           
9.376605            
14.379965           
10.389973           
10.445213           
14.830580           
12.068440           
10.936421           
18.888615           
9.321489            
10.224863           
10.475027           
8.783924            
14.148725           
11.061192           
10.389973           
9.422262            
12.434135           
11.290089           
12.197214           
9.881653            
14.743773           
10.765317           
15.275851           
9.276658            
10.389973           
9.949110            
8.337518            
10.933948           
9.440899            
14.830580           
13.717304           
11.764565           
9.949110            
10.826804           
13.081770           
10.389973           
21.421424           
10.904089           
10.563373           
11.180240           
13.111445           
11.353285           
15.517837           
16.171071           
13.662060           
14.142848           
15.721256           
9.949110            
11.008192           
17.633149           
14.889432           
10.389973           
12.040594           
7.371622            
14.985145           
11.095298           
10.389973           
11.938672           
11.380851           
11.961732           
9.229798            
11.677503           
11.237149           
14.830580           
17.075475           
13.440034           
10.773396           
17.553296           
13.074873           
12.510528           
10.933948           
13.983741           
11.113081           
12.709410           
12.247739           
8.511222            
8.597205            
9.508079            
11.139272           
14.830580           
11.720775           
15.646746           
16.566231           
13.440034           
8.752907            
9.634667            
18.290379           
12.960422           
9.252251            
9.814425            
9.949110            
14.119929           
8.419278            
10.933948           
12.630718           
9.157365            
9.949110            
8.040389            
9.292241            
14.804511           
11.844477           
15.721256           
8.488174            
12.930876           
10.256229           
17.164811           
13.359172           
14.830580           
15.457983           
12.620776           
8.484442            
13.280146           
10.389973           
15.327144           
8.592029            
21.111047           
14.743773           
8.166591            
14.743773           
14.830580           
13.618024           
9.949110            
8.055584            
13.072869           
10.290696           
9.718996            
10.933948           
9.873749            
11.174890           
13.279669           
13.271256           
10.389973           
11.555962           
11.943446           
13.908345           
16.412287           
13.495336           
12.191502           
14.962285           
12.191502           
12.214484           
17.459795           
10.389973           
13.723379           
9.836658            
10.253710           
12.247739           
11.828548           
15.278591           
14.024897           
13.525404           
14.743773           
13.074873           
9.987941            
10.693956           
10.824083           
13.026781           
11.104018           
15.315391           
7.328074            
10.658983           
16.491009           
12.793235           
17.633149           
12.349341           
9.252251            
12.195521           
12.190279           
13.081770           
11.291405           
21.343699           
9.773432            
11.969059           
17.229657           
12.191502           
17.024204           
15.721256           
10.416832           
17.633149           
11.555934           
15.503966           
16.302688           
11.642519           
14.743773           
17.633149           
10.379718           
12.504546           
9.535192            
20.437776           
12.591260           
13.800272           
17.020172           
10.427666           
10.808664           
9.530747            
6.793547            
10.789785           
18.625830           
17.633149           
9.438585            
16.913063           
10.925990           
12.195521           
8.492503            
7.553710            
17.016529           
12.774442           
17.386298           
10.834397           
10.389973           
11.645236           
10.389973           
13.081770           
14.588690           
13.806860           
13.306445           
10.360727           
12.295247           
10.389973           
13.603939           
11.059871           
13.004779           
11.594034           
14.743773           
10.933948           
10.855239           
12.791680           
17.666142           
7.371622            
17.708851           
12.652572           
11.793290           
8.520866            
13.618024           
11.662893           
8.032443            
26.939875           
8.119693            
14.656655           
17.833175           
10.789785           
10.622936           
9.949110            
13.427635           
11.969059           
14.802472           
12.191502           
11.010815           
10.389973           
9.004591            
9.252251            
11.969059           
15.353209           
10.860455           
10.933948           
12.789378           
16.557024           
11.395187           
9.252251            
10.224863           
12.191502           
8.042306            
13.473182           
13.843099           
8.548875            
12.968974           
12.934397           
13.476901           
9.131691            
10.389973           
14.743773           
14.916741           
11.362280           
8.752907            
11.429529           
10.389973           
15.612870           
14.534219           
9.949457            
15.384390           
8.455334            
11.294518           
12.191502           
13.756927           
11.233458           
12.620213           
13.081770           
11.784296           
10.201772           
11.496731           
12.345608           
14.743773           
17.727716           
13.081770           
