120042                          1                   0.00100             3135                12.31               1.56                3135                12.31               -7.843835           -73.223448          F 
120033                          2                   0.00100             3048                7.11                1.67                3048                7.11                -7.504430           -73.439094          F 
160005                          3                   0.00100             2714                6.56                1.69                1218                8.72                1.651748            -52.268139          F 
160015                          3                   0.00100             2714                6.56                1.69                1496                4.79                1.157614            -52.519564          F 
130002                          4                   0.00100             1354                5.08                1.75                1354                5.08                -3.694685           -65.324447          F 
160040                          5                   0.00100             667                 4.51                1.76                667                 4.51                -0.0668366          -51.951193          F 
130020                          6                   0.00100             1284                3.53                1.76                1284                3.53                -5.711904           -71.741371          F 
160070                          7                   0.00100             2067                2.77                1.76                297                 2.21                1.297577            -50.992616          F 
160055                          7                   0.00100             2067                2.77                1.76                14                  0.47                1.625815            -51.278530          F 
160023                          7                   0.00100             2067                2.77                1.76                70                  3.47                0.957104            -51.417351          F 
160021                          7                   0.00100             2067                2.77                1.76                4                   0.60                1.035574            -50.487077          F 
160010                          7                   0.00100             2067                2.77                1.76                10                  0.68                1.746761            -50.592583          F 
160030                          7                   0.00100             2067                2.77                1.76                574                 0.56                0.562753            -50.691780          F 
160025                          7                   0.00100             2067                2.77                1.76                2                   0.40                0.538388            -50.640251          F 
160053                          7                   0.00100             2067                2.77                1.76                300                 4.47                0.585628            -51.669983          F 
160020                          7                   0.00100             2067                2.77                1.76                796                 3.96                2.423844            -51.406648          F 
110040                          8                   0.00300             254                 3.13                1.77                254                 3.13                -9.649310           -63.394322          F 
130240                          9                   0.00300             1669                2.30                1.77                1669                2.30                -8.375601           -65.811663          F 
140060                          10                  0.414               41                  4.04                1.77                41                  4.04                0.884435            -60.151836          F 
130090                          11                  0.987               298                 2.40                1.77                298                 2.40                -7.300758           -64.061903          F 
150070                          12                  0.996               628                 2.18                1.77                628                 2.18                -0.827133           -49.961391          F 
