130090                          1                   0.00100             1203                11.70               4.11                1203                11.70               -7.300758           -64.061903          F 
140030                          2                   0.00100             1505                10.27               4.11                1505                10.27               2.510971            -61.996789          F 
510550                          3                   0.00100             224                 13.52               4.16                224                 13.52               -15.189565          -59.990050          F 
140002                          4                   0.00100             1828                7.14                4.14                1828                7.14                3.732902            -62.437022          F 
110080                          5                   0.00100             1022                6.02                4.16                1022                6.02                -8.886994           -63.325621          F 
510190                          6                   0.266               59                  9.13                4.17                0                   n/a                 -12.423104          -57.998837          F 
510890                          6                   0.266               59                  9.13                4.17                0                   n/a                 -12.783863          -57.220274          F 
510787                          6                   0.266               59                  9.13                4.17                1                   0.037               -13.154436          -58.653550          F 
510627                          6                   0.266               59                  9.13                4.17                0                   n/a                 -11.383602          -57.303519          F 
510454                          6                   0.266               59                  9.13                4.17                0                   n/a                 -12.140392          -56.754878          F 
510263                          6                   0.266               59                  9.13                4.17                0                   n/a                 -13.688300          -57.930953          F 
510680                          6                   0.266               59                  9.13                4.17                0                   n/a                 -11.734958          -56.745698          F 
510800                          6                   0.266               59                  9.13                4.17                0                   n/a                 -12.568009          -56.531764          F 
510510                          6                   0.266               59                  9.13                4.17                0                   n/a                 -11.023732          -57.618403          F 
510515                          6                   0.266               59                  9.13                4.17                0                   n/a                 -11.532095          -59.324495          F 
510285                          6                   0.266               59                  9.13                4.17                0                   n/a                 -10.940726          -58.602797          F 
510730                          6                   0.266               59                  9.13                4.17                0                   n/a                 -13.551234          -56.808188          F 
510268                          6                   0.266               59                  9.13                4.17                0                   n/a                 -13.579846          -59.193054          F 
510330                          6                   0.266               59                  9.13                4.17                10                  0                   -13.193665          -59.751363          F 
510525                          6                   0.266               59                  9.13                4.17                0                   n/a                 -13.037263          -56.167455          F 
510794                          6                   0.266               59                  9.13                4.17                0                   n/a                 -11.214129          -56.496442          F 
510452                          6                   0.266               59                  9.13                4.17                0                   n/a                 -12.017026          -56.058659          F 
510885                          6                   0.266               59                  9.13                4.17                0                   n/a                 -14.290430          -57.257444          F 
510795                          6                   0.266               59                  9.13                4.17                0                   n/a                 -14.430618          -58.291478          F 
510350                          6                   0.266               59                  9.13                4.17                0                   n/a                 -14.095738          -56.804569          F 
510517                          6                   0.266               59                  9.13                4.17                0                   n/a                 -10.397452          -58.624826          F 
510726                          6                   0.266               59                  9.13                4.17                0                   n/a                 -14.450329          -57.346725          F 
510622                          6                   0.266               59                  9.13                4.17                1                   0.021               -13.629599          -56.106054          F 
110030                          6                   0.266               59                  9.13                4.17                0                   n/a                 -12.095622          -60.248420          F 
510792                          6                   0.266               59                  9.13                4.17                0                   n/a                 -12.737310          -55.681375          F 
510600                          6                   0.266               59                  9.13                4.17                0                   n/a                 -14.347737          -56.722493          F 
510130                          6                   0.266               59                  9.13                4.17                0                   n/a                 -14.507091          -56.859342          F 
510623                          6                   0.266               59                  9.13                4.17                0                   n/a                 -14.804433          -57.421451          F 
510345                          6                   0.266               59                  9.13                4.17                0                   n/a                 -14.730076          -56.961616          F 
510790                          6                   0.266               59                  9.13                4.17                0                   n/a                 -11.710854          -55.501519          F 
510715                          6                   0.266               59                  9.13                4.17                0                   n/a                 -14.928429          -58.457780          F 
510618                          6                   0.266               59                  9.13                4.17                0                   n/a                 -14.299834          -59.771456          F 
510895                          6                   0.266               59                  9.13                4.17                0                   n/a                 -9.970186           -57.245656          F 
510336                          6                   0.266               59                  9.13                4.17                47                  11.46               -14.634682          -59.332236          F 
