150110                          1                   0.00100             6363                8.91                2.48                6363                8.91                -2.373143           -50.181767          F 
120033                          2                   0.00100             4115                8.46                2.55                4115                8.46                -7.504430           -73.439094          F 
120042                          3                   0.00100             2527                9.50                2.58                2527                9.50                -7.843835           -73.223448          F 
150520                          4                   0.00100             5171                6.64                2.57                5171                6.64                -2.278919           -49.902330          F 
140017                          5                   0.00100             1412                8.48                2.62                1412                8.48                2.272837            -60.542285          F 
130165                          6                   0.00100             2261                6.52                2.62                2261                6.52                -7.229781           -72.844588          F 
160040                          7                   0.00100             771                 8.75                2.64                771                 8.75                -0.0668366          -51.951193          F 
130090                          8                   0.00100             663                 7.91                2.64                663                 7.91                -7.300758           -64.061903          F 
130002                          9                   0.00100             931                 6.63                2.64                931                 6.63                -3.694685           -65.324447          F 
160023                          10                  0.00100             1404                5.54                2.64                50                  2.22                0.957104            -51.417351          F 
160053                          10                  0.00100             1404                5.54                2.64                1354                5.66                0.585628            -51.669983          F 
150070                          11                  0.00100             3188                4.29                2.64                3188                4.29                -0.827133           -49.961391          F 
150280                          12                  0.00100             1449                4.97                2.65                1449                4.97                -1.583462           -49.988034          F 
150375                          13                  0.00100             780                 5.41                2.65                780                 5.41                -7.445287           -57.302705          F 
130353                          14                  0.00100             1625                3.57                2.65                925                 3.58                -1.370920           -59.989553          F 
130430                          14                  0.00100             1625                3.57                2.65                67                  0.90                -0.894390           -59.029588          F 
130356                          14                  0.00100             1625                3.57                2.65                633                 3.83                -2.529823           -59.638380          F 
130320                          15                  0.00100             300                 4.13                2.66                300                 4.13                -2.048246           -61.703420          F 
130110                          16                  0.00500             344                 3.53                2.66                344                 3.53                -3.770484           -60.183273          F 
110110                          17                  0.189               150                 3.71                2.66                150                 3.71                -9.170210           -63.044941          F 
130290                          18                  0.516               297                 3.34                2.66                297                 3.34                -4.984781           -58.060923          F 
130185                          19                  0.618               448                 3.20                2.66                448                 3.20                -3.095219           -60.479687          F 
