19.263872           
16.584887           
15.605909           
12.296820           
12.378436           
12.378436           
12.378436           
13.311254           
12.296820           
12.378436           
16.199023           
21.530001           
12.587264           
13.311254           
17.505908           
19.263872           
13.104202           
12.296820           
13.311254           
18.717156           
12.296820           
14.531382           
12.963903           
17.660986           
14.744292           
15.171180           
13.311254           
20.724396           
12.600139           
16.843444           
13.641404           
10.454068           
24.757970           
13.311254           
14.097378           
12.296820           
18.646138           
18.717156           
15.325071           
18.912934           
12.217901           
15.814976           
19.468074           
18.646138           
13.873082           
13.519930           
13.833956           
12.326377           
15.629123           
12.600936           
13.519930           
16.880291           
13.833956           
14.899553           
18.471477           
12.296820           
13.519930           
18.646138           
17.002040           
15.552897           
13.833956           
14.300250           
13.311254           
12.996971           
15.552897           
14.937816           
18.646138           
18.717156           
23.789059           
16.579392           
20.071461           
13.277093           
22.856946           
13.875380           
12.483352           
12.296820           
14.826981           
13.700061           
12.203274           
14.055766           
15.339061           
19.336056           
27.354406           
24.757970           
13.311254           
15.682998           
14.629306           
14.680698           
20.071461           
13.311254           
22.353144           
12.296820           
26.448069           
19.656795           
13.311254           
18.717156           
16.161579           
12.378436           
12.378436           
12.296820           
14.001172           
15.104855           
17.620497           
12.520275           
24.676280           
14.099062           
14.870586           
18.471477           
27.144095           
13.311254           
15.375331           
20.071461           
22.957511           
14.337552           
13.356704           
15.617762           
12.296820           
19.336056           
13.519930           
18.400927           
15.552897           
20.241657           
18.717156           
13.099087           
15.652093           
13.311254           
13.519930           
13.311254           
16.350850           
14.932652           
12.378436           
14.235405           
13.981133           
22.018164           
22.289759           
13.519930           
12.378436           
13.519930           
13.877808           
18.717156           
18.471477           
15.065502           
11.605693           
13.459561           
20.995251           
16.921599           
14.437697           
16.729620           
15.147514           
15.427685           
18.646138           
19.263872           
18.976385           
18.208072           
14.498723           
12.378436           
13.780637           
16.268669           
14.724931           
13.008172           
19.183405           
12.378436           
14.967005           
13.833956           
15.750691           
12.632531           
17.620497           
15.644425           
14.849817           
13.833956           
18.646138           
12.378436           
13.406117           
13.104202           
18.646138           
12.296820           
13.317922           
13.104202           
18.646138           
12.451464           
18.646138           
16.447914           
12.296820           
13.464173           
21.228949           
19.336056           
18.471477           
13.689944           
24.676280           
19.240640           
12.765388           
17.066599           
32.335648           
14.046674           
12.378436           
12.296820           
12.298636           
13.975204           
21.330970           
18.400927           
17.232115           
15.321922           
24.676280           
13.519930           
13.311254           
15.552897           
19.863587           
12.296820           
12.296820           
13.519930           
15.552897           
18.646138           
12.296820           
20.640161           
19.642601           
18.471477           
14.046674           
19.549486           
13.311254           
14.230709           
15.281063           
18.717156           
14.252228           
15.617762           
12.783697           
13.829015           
13.342323           
20.071461           
11.884764           
16.419026           
17.039648           
15.412300           
15.517920           
14.218843           
20.071461           
18.717156           
19.860493           
21.139153           
15.400097           
13.311254           
11.668893           
18.646138           
15.895521           
15.042207           
12.296820           
13.692026           
12.525631           
13.519930           
19.263872           
13.635407           
16.165418           
18.646138           
17.425765           
12.378436           
18.943723           
18.646138           
18.717156           
24.594724           
13.311254           
15.097363           
24.644566           
13.311254           
18.400927           
14.046674           
19.336056           
12.671504           
12.378436           
14.871799           
18.156864           
13.411693           
12.360888           
12.296820           
15.552897           
13.480913           
14.456116           
18.717156           
13.311254           
14.890828           
13.519930           
15.605909           
18.717156           
11.100382           
12.378436           
12.378436           
13.311254           
13.763551           
14.635255           
17.359457           
17.468474           
12.484047           
13.104202           
15.605909           
13.519930           
15.312648           
15.552897           
15.552897           
12.378436           
18.471477           
15.552897           
20.793936           
13.104202           
11.357344           
17.232115           
13.311254           
17.620497           
15.607994           
14.955325           
12.378436           
18.826167           
12.296820           
12.869296           
19.824427           
13.833956           
14.657110           
17.425765           
13.519930           
14.046674           
19.047947           
18.400927           
12.296820           
12.378436           
13.767062           
17.278631           
12.378436           
13.477379           
19.755714           
14.985376           
10.823615           
19.087290           
12.378436           
18.914389           
13.646033           
16.738003           
18.717156           
18.829733           
13.104202           
18.717156           
12.365999           
12.296820           
14.429515           
16.990433           
16.544196           
15.400097           
12.378436           
18.400927           
13.519930           
18.717156           
16.338905           
13.311254           
13.104202           
13.519930           
15.526751           
17.920059           
13.221431           
18.646138           
12.378436           
20.071461           
11.875871           
15.160501           
13.311254           
15.554120           
13.311254           
14.068746           
12.296820           
18.717156           
15.617762           
12.378436           
15.953224           
21.561607           
13.833956           
18.646138           
15.617762           
15.994043           
18.717156           
18.717156           
15.680465           
11.096643           
20.415017           
17.509341           
16.583130           
13.311254           
13.891617           
17.232115           
14.680168           
14.290208           
14.244337           
13.664532           
10.955021           
18.717156           
14.681305           
15.411055           
13.311254           
12.378436           
13.221347           
15.917416           
18.471477           
13.372032           
18.646138           
12.378436           
12.378436           
12.296820           
18.646138           
17.775749           
18.400927           
13.311254           
18.717156           
12.296820           
18.646138           
13.104202           
14.697519           
18.400927           
15.494718           
15.763320           
13.805800           
13.519930           
13.493149           
16.727489           
13.519930           
13.311254           
15.765495           
17.620497           
10.292388           
12.296820           
14.967005           
14.046674           
19.336056           
20.280417           
13.969809           
17.073811           
13.377758           
23.038011           
22.171011           
17.001968           
13.525462           
12.336490           
15.552897           
13.447484           
19.263872           
18.400927           
18.712935           
18.717156           
13.311254           
13.620428           
12.867563           
21.527978           
12.378436           
18.646138           
16.849336           
13.519930           
13.519930           
21.695279           
18.348853           
13.446079           
13.635407           
18.717156           
19.336056           
14.874483           
18.471477           
12.378436           
14.046674           
15.552489           
21.863062           
26.814931           
15.674943           
17.471573           
14.092157           
13.887811           
12.378436           
13.482505           
18.415261           
13.104202           
14.687505           
16.089253           
12.296820           
13.311254           
13.519930           
10.951539           
13.689579           
12.378436           
15.501489           
19.788029           
12.378436           
20.071461           
13.104202           
13.833956           
13.519930           
12.378436           
25.061142           
12.570428           
19.263872           
24.676280           
18.646138           
14.967005           
12.378436           
15.147514           
15.056203           
12.378436           
13.833956           
14.230709           
13.592421           
19.755714           
13.519930           
20.251337           
14.987751           
12.378436           
12.378436           
14.252228           
13.833956           
15.929343           
13.311254           
12.378436           
14.046674           
12.378436           
26.544920           
16.031109           
12.296820           
12.378436           
13.104202           
17.068219           
17.425765           
12.296820           
13.104202           
16.151669           
12.378436           
14.046674           
11.418822           
18.400927           
12.378436           
22.070668           
16.301646           
17.166371           
15.102007           
14.235405           
18.400927           
12.378436           
12.378436           
12.405601           
18.400927           
13.311254           
13.519930           
23.833733           
12.086804           
18.400927           
14.790150           
12.378436           
24.594724           
15.734579           
22.174510           
18.646138           
13.519930           
24.757970           
22.569202           
12.378436           
18.400927           
24.049825           
13.519930           
13.519930           
14.048046           
16.107691           
15.710595           
15.552897           
16.254773           
18.717156           
13.104202           
18.400927           
22.289759           
13.519930           
13.311254           
12.296820           
20.291138           
24.676280           
22.070668           
13.519930           
15.878160           
13.311254           
12.996971           
17.118132           
13.104202           
18.400927           
9.446917            
13.519930           
13.311254           
13.311254           
13.660866           
12.378436           
13.947024           
14.860320           
18.646138           
15.736247           
14.326495           
14.252228           
15.617762           
13.098716           
15.619132           
12.296820           
18.471477           
14.909227           
18.717156           
13.519930           
10.159493           
18.717156           
13.311254           
12.378436           
18.454562           
15.617762           
15.617762           
13.577656           
14.910332           
13.519930           
13.104202           
16.091152           
14.538951           
12.378436           
20.383288           
12.872981           
15.326324           
17.735960           
13.311254           
15.516828           
17.620497           
12.550742           
13.519930           
15.571439           
12.378436           
18.961740           
15.177908           
18.646138           
18.717156           
18.400927           
14.892915           
12.378436           
12.378436           
13.533893           
13.519930           
12.378436           
15.552897           
12.296820           
25.564671           
13.311254           
12.296820           
15.216351           
15.978924           
18.717156           
18.683283           
27.480257           
14.516048           
14.966239           
13.179770           
18.717156           
28.935603           
15.306489           
12.440378           
14.199840           
10.906859           
16.710153           
14.046674           
14.797756           
13.311254           
15.674223           
18.471477           
14.320767           
15.559860           
13.311254           
13.311254           
12.996971           
16.529276           
18.400927           
12.296820           
13.311254           
13.311254           
13.519930           
13.990691           
17.588760           
17.620737           
18.717156           
16.239441           
17.766880           
13.104202           
16.827489           
13.833956           
13.807723           
18.471477           
21.872436           
13.824381           
14.006114           
12.378436           
18.468173           
18.717156           
13.311254           
17.425765           
19.263872           
18.400927           
14.967005           
15.542188           
14.822101           
12.378436           
16.396411           
19.336056           
17.425765           
13.311254           
17.302621           
12.924496           
13.311254           
18.338316           
12.296820           
18.156864           
12.296820           
11.679561           
13.311254           
14.846640           
12.378436           
16.447914           
15.085016           
15.131645           
15.147514           
14.083390           
14.055766           
9.637890            
14.079480           
13.519930           
12.378436           
18.646138           
18.112968           
10.332384           
15.190224           
15.009460           
15.552142           
12.467357           
10.906859           
15.683454           
14.548587           
14.495155           
12.378436           
16.305998           
17.719411           
18.646138           
13.072037           
12.296820           
18.646138           
14.475800           
12.135690           
12.378436           
12.592403           
12.378436           
16.862827           
15.552897           
25.233303           
14.412890           
16.037560           
18.513983           
12.378436           
15.504746           
15.710595           
13.311254           
12.296820           
12.296820           
13.519930           
16.922573           
13.562547           
15.028131           
13.519930           
18.509551           
12.486629           
14.260315           
16.029642           
12.378436           
18.400927           
18.646138           
12.378436           
25.137363           
15.166215           
18.717156           
18.646138           
17.908857           
14.342703           
17.602632           
16.189132           
16.030263           
18.471477           
12.378436           
16.901936           
13.311254           
15.617762           
13.519930           
13.807723           
16.786898           
16.305574           
18.717156           
15.526751           
18.646138           
12.378436           
13.519930           
12.712196           
22.185364           
15.680580           
16.982661           
25.036520           
22.692658           
12.378436           
12.296820           
19.263872           
18.085179           
19.529514           
24.871149           
18.646138           
12.296820           
12.674106           
15.416622           
18.717156           
12.349539           
19.954047           
13.311254           
18.400927           
18.471477           
13.519930           
13.742351           
18.497877           
18.406592           
15.617762           
18.471477           
13.519930           
18.646138           
13.104202           
19.849318           
14.046674           
19.336056           
15.526751           
13.311254           
14.428387           
17.232115           
19.863587           
18.471477           
11.409102           
18.400927           
20.821997           
21.047203           
15.552897           
12.296820           
16.299869           
18.471477           
17.304941           
10.906859           
19.336056           
18.717156           
12.378436           
12.378436           
18.655423           
15.347460           
12.675137           
15.617762           
16.444389           
13.104202           
14.276677           
12.837216           
14.108457           
11.101008           
12.296820           
11.251449           
14.046674           
12.296820           
16.335702           
20.071461           
11.442123           
15.552897           
18.646138           
15.019368           
13.833956           
12.124229           
13.104202           
14.406735           
14.934139           
12.513293           
12.378436           
12.296820           
13.178720           
13.435736           
18.027875           
18.717156           
18.646138           
16.785570           
13.519930           
14.350484           
13.748301           
12.996971           
25.565685           
18.471477           
14.533221           
13.833956           
14.049682           
12.378436           
15.425327           
18.646138           
18.717156           
12.446853           
11.860058           
13.835676           
12.296820           
18.717156           
12.378436           
19.068279           
16.164122           
12.296820           
18.646138           
14.046674           
13.519930           
9.314733            
14.364634           
14.604961           
16.724092           
15.657465           
15.000063           
13.101440           
18.646138           
14.535772           
14.623287           
13.358380           
17.666560           
12.179600           
14.355725           
12.296820           
28.873136           
24.804286           
13.519930           
16.031175           
18.978076           
13.315352           
24.676280           
12.296820           
18.646138           
13.494251           
18.646138           
14.883475           
18.471477           
12.378436           
11.145190           
18.885467           
15.116507           
18.646138           
20.268905           
16.106405           
17.912738           
18.717156           
13.261459           
12.296820           
13.932495           
12.378436           
18.646138           
18.471477           
15.561291           
15.552897           
14.292362           
13.519930           
18.400927           
23.418089           
13.311254           
20.221977           
12.534375           
21.137608           
12.296820           
18.646138           
12.378436           
17.552827           
14.046674           
18.807931           
18.400927           
13.311254           
15.032718           
15.552897           
24.871149           
12.296820           
13.311254           
12.518485           
12.109894           
18.400927           
12.219002           
16.447914           
15.617762           
12.378436           
12.378436           
13.519930           
14.432248           
12.296820           
9.536756            
14.131468           
13.104202           
14.487907           
10.419830           
13.833956           
18.646138           
12.378436           
16.691873           
18.646138           
17.912738           
10.906859           
19.863587           
13.311254           
17.623560           
13.880412           
12.378436           
