130002                          1                   0.00100             1645                22.29               3.45                1645                22.29               -3.694685           -65.324447          F 
140017                          2                   0.00100             2208                16.12               3.46                2208                16.12               2.272837            -60.542285          F 
130020                          3                   0.00100             7749                7.24                3.45                2747                7.41                -5.711904           -71.741371          F 
130060                          3                   0.00100             7749                7.24                3.45                385                 10.31               -5.426669           -70.276117          F 
130180                          3                   0.00100             7749                7.24                3.45                3669                6.91                -7.180512           -71.412867          F 
130165                          3                   0.00100             7749                7.24                3.45                948                 6.80                -7.229781           -72.844588          F 
150795                          4                   0.00100             7112                7.22                3.46                59                  2.59                -2.907819           -48.736701          F 
150470                          4                   0.00100             7112                7.22                3.46                873                 2.84                -2.683911           -49.074042          F 
150800                          4                   0.00100             7112                7.22                3.46                25                  0.45                -2.636126           -48.267625          F 
150460                          4                   0.00100             7112                7.22                3.46                0                   n/a                 -2.576689           -49.466382          F 
150345                          4                   0.00100             7112                7.22                3.46                3174                8.74                -2.805778           -47.921546          F 
150020                          4                   0.00100             7112                7.22                3.46                3                   0.034               -2.035386           -48.411450          F 
150330                          4                   0.00100             7112                7.22                3.46                2                   0.11                -2.062706           -49.130745          F 
150120                          4                   0.00100             7112                7.22                3.46                80                  0.64                -3.129827           -49.698980          F 
150210                          4                   0.00100             7112                7.22                3.46                2                   0.068               -2.253062           -49.513572          F 
150178                          4                   0.00100             7112                7.22                3.46                319                 1.03                -3.733484           -49.371220          F 
150309                          4                   0.00100             7112                7.22                3.46                2575                8.01                -4.027193           -49.005718          F 
150503                          5                   0.00100             553                 13.14               3.53                553                 13.14               -8.062277           -55.612026          F 
110080                          6                   0.00100             1912                7.27                3.53                1912                7.27                -8.886994           -63.325621          F 
150640                          7                   0.00100             631                 8.84                3.54                631                 8.84                -0.583350           -49.313859          F 
160015                          8                   0.00100             1653                6.62                3.53                353                 7.02                1.157614            -52.519564          F 
160005                          8                   0.00100             1653                6.62                3.53                221                 10.58               1.651748            -52.268139          F 
160027                          8                   0.00100             1653                6.62                3.53                93                  0.94                1.101364            -53.310546          F 
160053                          8                   0.00100             1653                6.62                3.53                986                 6.12                0.585628            -51.669983          F 
150548                          9                   0.00100             1655                6.62                3.53                1655                6.62                -3.684126           -50.631681          F 
150195                          10                  0.00100             1420                6.76                3.53                1420                6.76                -1.988674           -46.443214          F 
120042                          11                  0.00100             681                 8.08                3.54                681                 8.08                -7.843835           -73.223448          F 
130406                          12                  0.00100             2339                5.45                3.53                2339                5.45                -4.028517           -69.678087          F 
110026                          13                  0.00100             404                 8.07                3.54                404                 8.07                -9.645212           -62.790074          F 
120020                          14                  0.00100             2695                5.27                3.53                2695                5.27                -7.971860           -72.754808          F 
150030                          15                  0.00100             671                 5.90                3.54                671                 5.90                -0.262841           -50.725905          F 
110070                          16                  0.0390              333                 5.20                3.55                333                 5.20                -10.484934          -63.799716          F 
120032                          17                  0.0650              954                 4.48                3.55                62                  0.34                -9.242653           -71.906112          F 
120035                          17                  0.0650              954                 4.48                3.55                17                  0.41                -9.096286           -72.559232          F 
120060                          17                  0.0650              954                 4.48                3.55                875                 4.85                -8.239466           -71.444992          F 
