13.678607           
12.705393           
11.761193           
13.761959           
18.023350           
16.031876           
12.705393           
18.883569           
11.369656           
16.307114           
14.085428           
12.564274           
12.705393           
13.997006           
14.727441           
13.800405           
16.856404           
15.260809           
13.784981           
12.705393           
14.776754           
18.098352           
16.438596           
12.705393           
12.705393           
12.705393           
12.705393           
13.706775           
12.705393           
9.052053            
8.842618            
12.705393           
21.925650           
17.981490           
17.110646           
12.705393           
15.893465           
11.544974           
9.765020            
12.705393           
12.049271           
12.705393           
9.433896            
16.712859           
17.013014           
15.412774           
12.301688           
15.481556           
16.307114           
15.306307           
18.098352           
14.939232           
12.705393           
20.565668           
16.058865           
12.705393           
16.504154           
12.705393           
14.727441           
13.453640           
12.705393           
13.787769           
17.110646           
12.705393           
10.846654           
12.705393           
14.316988           
12.032166           
12.705393           
11.220115           
16.058865           
17.927733           
16.069022           
13.666899           
14.024939           
12.705393           
14.531884           
13.249527           
13.629442           
12.705393           
12.705393           
17.110646           
13.796191           
14.727441           
14.608878           
9.070502            
12.705393           
12.930358           
9.901330            
12.705393           
12.705393           
10.484547           
9.031145            
12.705393           
12.705393           
12.705393           
12.705393           
11.271266           
17.110646           
8.822595            
12.705393           
12.071369           
20.350798           
10.819964           
12.705393           
12.705393           
28.766362           
9.575680            
14.479315           
12.975195           
13.788686           
8.957745            
17.181316           
12.705393           
12.380668           
12.705393           
15.778800           
11.896728           
29.849036           
12.705393           
12.705393           
15.603240           
12.705393           
14.307351           
16.438596           
13.363750           
12.705393           
13.907539           
22.961154           
17.096184           
12.705393           
14.141297           
9.162417            
13.550532           
16.307114           
12.244791           
13.401796           
12.705393           
14.061569           
12.403440           
12.705393           
13.666899           
12.705393           
12.705393           
20.685438           
10.739999           
15.350765           
12.705393           
12.705393           
15.656897           
19.600816           
17.110646           
12.705393           
14.141297           
26.952675           
12.705393           
13.008900           
12.705393           
13.223646           
12.705393           
12.705393           
14.727441           
13.008900           
19.317854           
12.814181           
18.724038           
15.481556           
12.705393           
14.791573           
19.317854           
10.759044           
17.110646           
12.772082           
12.731760           
17.576217           
12.772082           
10.212785           
10.634648           
20.303487           
10.505519           
12.705393           
18.174539           
10.550046           
12.705393           
13.666899           
25.412995           
16.015953           
13.007539           
12.705393           
9.175600            
10.207639           
18.098352           
14.529095           
12.705393           
16.307114           
7.487405            
10.945552           
19.828788           
12.705393           
18.397720           
11.218691           
12.705393           
12.705393           
13.017828           
19.149807           
14.779907           
13.314732           
13.223646           
16.031876           
12.705393           
12.405312           
12.929215           
13.544569           
12.705393           
16.471332           
17.110646           
13.955051           
12.895881           
13.306992           
18.098352           
13.905533           
13.942678           
12.705393           
12.705393           
14.407302           
9.630244            
16.058865           
13.306915           
13.737408           
9.587099            
11.773228           
12.705393           
9.998968            
12.705393           
16.562060           
19.067572           
12.705393           
18.098352           
18.852775           
13.767715           
13.497737           
9.957825            
12.705393           
12.705393           
12.705393           
15.079110           
12.705393           
12.705393           
12.705393           
17.253376           
14.141297           
11.598372           
16.937818           
14.180608           
7.176643            
12.339148           
16.768251           
9.089316            
12.705393           
12.705393           
17.372827           
13.453640           
21.743794           
18.222101           
16.058865           
14.727441           
12.705393           
14.357254           
14.923420           
11.338395           
13.040765           
10.464543           
12.705393           
17.110646           
12.705393           
12.772082           
12.705393           
12.705393           
13.008900           
8.737494            
12.705393           
13.440164           
12.705393           
13.746003           
16.931051           
12.705393           
12.705393           
8.019514            
13.666899           
14.727441           
15.481556           
18.198814           
16.768251           
16.567699           
9.890007            
12.705393           
10.502759           
18.098352           
12.705393           
14.241830           
11.495669           
12.705393           
15.330511           
15.481556           
12.705393           
12.705393           
12.705393           
12.705393           
18.098352           
13.453640           
16.307114           
14.592185           
12.705393           
12.705393           
16.307114           
18.310044           
17.282869           
12.705393           
12.705393           
12.705393           
17.110646           
12.705393           
13.706261           
10.445420           
17.439713           
12.705393           
10.835793           
16.049076           
19.507434           
12.705393           
16.185542           
15.437190           
12.705393           
16.307114           
9.006376            
9.627338            
20.041818           
12.705393           
13.617655           
8.997478            
13.746003           
20.350798           
26.239122           
12.705393           
20.088135           
12.705393           
10.734653           
13.709691           
12.184476           
13.014336           
14.953081           
13.060639           
14.253369           
12.705393           
10.115930           
12.705393           
12.705393           
12.961024           
10.736499           
10.691411           
14.348747           
14.803746           
18.354728           
10.503258           
19.017412           
12.705393           
9.617453            
12.705393           
14.730629           
13.991453           
12.705393           
13.492526           
12.705393           
12.705393           
12.705393           
12.975195           
12.705393           
13.267002           
17.110646           
18.098352           
12.705393           
12.705393           
13.125047           
12.736021           
25.891264           
12.333252           
9.526931            
12.705393           
17.927733           
13.680954           
16.410908           
15.556095           
12.705393           
15.481556           
12.705393           
12.705393           
30.600530           
13.668464           
12.705393           
12.705393           
12.705393           
8.497959            
16.127467           
16.768251           
12.705393           
17.110646           
12.705393           
17.535151           
13.301742           
12.705393           
16.189685           
15.481556           
8.317753            
12.705393           
12.705393           
13.136181           
11.504738           
16.058865           
12.415957           
18.001970           
18.098352           
13.008900           
12.705393           
11.254116           
12.705393           
17.110646           
12.705393           
13.453640           
12.705393           
12.705393           
16.058865           
15.198841           
12.705393           
18.098352           
12.705393           
12.705393           
11.728009           
12.705393           
13.296411           
14.218029           
14.883190           
12.705393           
13.666899           
12.705393           
12.705393           
16.351445           
12.705393           
13.488490           
13.680954           
25.412995           
25.412995           
21.082174           
17.658507           
17.422440           
17.343706           
12.098064           
6.890921            
13.870456           
8.972770            
12.705393           
12.705393           
11.674660           
16.363242           
7.527402            
14.384952           
14.586589           
12.728197           
16.058865           
17.172906           
11.642177           
13.703111           
12.022525           
18.613825           
16.768251           
12.705393           
12.705393           
14.965795           
15.987172           
18.098352           
13.746003           
15.481556           
10.260572           
15.668748           
15.235216           
12.705393           
17.110646           
12.867096           
12.705393           
12.705393           
13.453640           
13.453640           
13.376592           
12.705393           
16.768251           
12.705393           
12.705393           
24.990937           
12.705393           
12.705393           
20.328243           
12.705393           
10.141978           
12.437291           
9.793544            
12.705393           
15.256619           
10.473613           
12.975195           
16.258549           
12.705393           
18.098352           
12.705393           
16.031876           
12.705393           
12.705393           
12.308208           
12.705393           
12.705393           
16.307114           
13.335962           
12.705393           
12.705393           
12.705393           
15.561611           
17.110646           
12.705393           
8.770889            
13.666899           
14.987286           
13.007539           
12.705393           
18.604500           
25.688368           
12.951447           
21.082174           
12.705393           
17.897058           
8.599331            
13.629707           
12.705393           
12.705393           
22.106209           
19.120443           
12.705393           
17.110646           
12.705393           
14.169290           
16.768251           
12.705393           
13.241174           
17.110646           
12.705393           
17.110646           
12.705393           
13.282962           
12.705393           
16.261350           
10.664986           
25.412995           
17.110646           
12.705393           
13.223646           
25.412995           
12.707410           
12.705393           
14.520502           
20.350798           
12.705393           
25.030873           
12.831669           
16.091995           
12.705393           
12.705393           
12.705393           
19.914849           
23.805249           
12.705393           
16.176225           
12.705393           
12.705393           
12.705393           
12.867096           
12.705393           
15.988734           
14.501447           
21.580706           
14.320976           
12.705393           
21.974062           
16.058865           
12.705393           
13.746003           
16.341604           
12.705393           
13.267241           
12.705393           
16.307114           
12.705393           
9.264036            
12.059447           
21.369053           
19.125336           
8.665116            
14.838954           
18.740084           
12.705393           
15.718472           
8.941885            
12.705393           
13.501880           
9.565562            
13.613469           
12.705393           
19.067572           
12.705393           
10.472504           
8.395491            
9.606445            
14.584491           
8.628731            
12.705393           
25.412995           
13.375866           
13.343141           
12.705393           
13.943691           
16.817442           
21.171041           
16.638509           
15.535983           
12.705393           
12.705393           
12.841698           
13.713994           
13.373590           
12.705393           
12.867096           
12.705393           
12.705393           
12.705393           
10.097593           
12.705393           
14.664552           
12.705393           
12.705393           
11.515798           
13.334201           
12.705393           
12.705393           
12.705393           
10.910804           
10.427678           
16.058865           
12.705393           
15.676092           
14.105583           
8.526084            
15.454781           
11.675967           
9.690165            
17.110646           
9.915231            
12.705393           
12.705393           
10.013602           
14.014610           
8.029640            
12.705393           
16.897408           
13.680954           
16.817442           
12.385163           
14.509287           
13.453640           
12.705393           
19.220534           
12.705393           
16.389827           
11.681162           
17.110646           
13.542264           
14.436429           
10.981794           
11.389867           
13.865272           
17.489793           
12.705393           
14.455387           
13.969189           
14.727441           
13.529345           
13.159914           
12.705393           
13.465666           
13.007539           
12.705393           
13.453640           
12.705393           
12.705393           
12.705393           
19.107844           
12.705393           
12.673131           
12.705393           
13.493767           
12.705393           
14.072320           
16.817442           
10.105166           
12.705393           
12.705393           
12.705393           
10.799971           
14.220269           
12.087743           
17.227537           
15.447036           
13.755334           
15.263017           
12.705393           
16.058865           
17.110646           
10.858064           
12.705393           
12.705393           
12.705393           
12.705393           
12.157528           
15.586748           
12.538367           
12.705393           
14.727441           
14.342697           
16.429452           
13.941056           
13.255296           
12.705393           
12.705393           
10.662481           
17.110646           
8.922744            
15.481556           
15.268274           
17.897878           
17.110646           
13.898559           
16.809477           
10.419869           
13.007539           
13.666899           
8.576539            
12.705393           
12.705393           
14.385583           
12.719539           
13.680954           
8.583984            
12.705393           
12.705393           
11.136485           
12.705393           
13.666899           
17.333301           
9.010299            
16.058865           
12.705393           
12.705393           
11.795611           
13.038938           
10.839573           
11.177603           
11.161818           
14.103078           
12.705393           
12.705393           
15.746781           
12.705393           
16.058865           
10.912881           
8.350074            
12.063709           
13.072387           
12.705393           
13.947914           
12.705393           
15.418741           
13.713839           
12.705393           
13.453640           
16.871231           
17.110646           
17.974281           
12.705393           
17.110646           
13.891033           
13.680954           
14.431740           
12.530916           
10.725962           
12.705393           
12.046577           
12.515093           
9.265959            
8.393833            
7.924789            
13.900189           
12.705393           
12.705393           
17.110646           
12.705393           
15.658214           
12.705393           
12.930351           
16.817442           
12.705393           
12.705393           
14.365181           
7.924789            
12.705393           
16.608393           
17.110646           
13.618074           
20.412755           
10.023900           
13.008900           
13.317890           
17.110646           
12.705393           
14.907010           
13.294974           
12.705393           
12.705393           
13.642941           
12.705393           
12.867096           
17.388560           
12.705393           
15.631696           
12.092668           
12.705393           
13.105873           
15.468994           
11.592415           
13.453640           
14.940487           
12.705393           
18.230926           
13.186519           
22.061261           
16.058865           
12.705393           
13.325213           
12.843802           
9.168589            
17.110646           
9.831792            
15.955008           
10.467330           
15.327146           
13.181440           
11.754255           
17.110646           
26.752433           
14.514206           
12.705393           
17.110646           
13.007539           
16.817442           
12.705393           
15.415796           
15.023356           
9.119329            
14.147012           
8.479411            
12.705393           
12.961024           
13.771817           
12.705393           
12.705393           
12.705393           
12.705393           
9.307339            
12.705393           
12.705393           
13.401641           
12.051272           
12.184476           
12.780556           
12.705393           
12.705393           
16.058865           
10.507535           
9.782537            
14.824577           
19.185480           
12.705393           
12.705393           
19.900629           
18.098352           
20.771429           
12.705393           
18.098352           
11.635892           
12.705393           
12.705393           
12.705393           
12.705393           
13.666899           
10.883885           
13.952757           
12.705393           
19.530615           
13.325111           
12.705393           
20.350798           
12.841760           
17.862634           
12.705393           
12.705393           
12.705393           
9.478905            
12.705393           
15.081212           
16.058865           
9.067612            
10.751098           
16.817442           
17.110646           
18.098352           
12.705393           
12.705393           
17.110646           
13.431351           
12.705393           
10.276839           
11.974867           
13.795796           
12.705393           
10.219775           
22.649430           
12.940959           
12.705393           
13.691699           
7.896667            
14.344804           
12.705393           
17.870754           
9.264204            
13.746003           
13.048565           
10.426321           
12.705393           
16.058865           
13.369685           
15.013280           
7.943495            
12.793647           
12.705393           
15.771291           
12.705393           
12.705393           
13.007539           
16.817442           
11.823299           
17.110646           
18.538246           
12.705393           
14.568564           
12.705393           
12.772082           
18.098352           
14.472349           
14.134260           
12.705393           
12.705393           
13.987565           
17.743781           
15.769282           
12.705393           
12.705393           
13.486842           
18.790165           
10.146296           
12.705393           
12.705393           
12.705393           
12.022525           
14.191643           
9.409976            
14.057406           
12.705393           
12.705393           
12.705393           
12.705393           
13.796057           
16.817442           
13.715361           
12.705393           
15.531894           
