120042                          1                   0.00100             2634                7.68                1.76                2634                7.68                -7.843835           -73.223448          F 
160015                          2                   0.00100             4786                6.04                1.73                1218                6.34                1.157614            -52.519564          F 
160005                          2                   0.00100             4786                6.04                1.73                822                 6.63                1.651748            -52.268139          F 
160027                          2                   0.00100             4786                6.04                1.73                147                 0.75                1.101364            -53.310546          F 
160053                          2                   0.00100             4786                6.04                1.73                969                 6.43                0.585628            -51.669983          F 
160023                          2                   0.00100             4786                6.04                1.73                181                 5.76                0.957104            -51.417351          F 
160055                          2                   0.00100             4786                6.04                1.73                17                  0.48                1.625815            -51.278530          F 
160040                          2                   0.00100             4786                6.04                1.73                1432                5.82                -0.0668366          -51.951193          F 
120033                          3                   0.00100             3499                5.79                1.77                3499                5.79                -7.504430           -73.439094          F 
130090                          4                   0.00100             438                 7.55                1.84                438                 7.55                -7.300758           -64.061903          F 
130002                          5                   0.00100             993                 5.10                1.84                993                 5.10                -3.694685           -65.324447          F 
140002                          6                   0.00100             465                 6.40                1.85                465                 6.40                3.732902            -62.437022          F 
110080                          7                   0.00100             859                 4.25                1.85                859                 4.25                -8.886994           -63.325621          F 
130165                          8                   0.00100             1210                3.54                1.85                1210                3.54                -7.229781           -72.844588          F 
130350                          9                   0.00100             1356                3.22                1.85                1356                3.22                -7.757805           -68.197141          F 
130020                          10                  0.00100             877                 3.43                1.85                877                 3.43                -5.711904           -71.741371          F 
150360                          11                  0.00100             1467                2.57                1.85                1467                2.57                -5.871135           -56.496715          F 
130185                          12                  0.00100             629                 2.86                1.85                629                 2.86                -3.095219           -60.479687          F 
140060                          13                  0.00100             126                 3.74                1.86                126                 3.74                0.884435            -60.151836          F 
510410                          14                  0.00400             191                 2.91                1.86                0                   n/a                 -9.776269           -54.621105          F 
510560                          14                  0.00400             191                 2.91                1.86                0                   n/a                 -10.013976          -54.356875          F 
510626                          14                  0.00400             191                 2.91                1.86                4                   0.31                -9.752155           -55.403681          F 
510805                          14                  0.00400             191                 2.91                1.86                0                   n/a                 -10.512562          -54.984062          F 
510880                          14                  0.00400             191                 2.91                1.86                6                   0.14                -10.293863          -55.338178          F 
510642                          14                  0.00400             191                 2.91                1.86                2                   0.22                -10.149515          -53.593947          F 
510619                          14                  0.00400             191                 2.91                1.86                0                   n/a                 -10.918920          -54.906669          F 
510320                          14                  0.00400             191                 2.91                1.86                0                   n/a                 -10.630985          -55.468584          F 
510279                          14                  0.00400             191                 2.91                1.86                0                   n/a                 -10.106383          -55.834159          F 
510558                          14                  0.00400             191                 2.91                1.86                0                   n/a                 -10.886264          -54.053416          F 
510455                          14                  0.00400             191                 2.91                1.86                0                   n/a                 -11.110992          -55.589811          F 
510621                          14                  0.00400             191                 2.91                1.86                0                   n/a                 -10.700279          -56.041728          F 
510305                          14                  0.00400             191                 2.91                1.86                0                   n/a                 -11.448155          -55.047698          F 
510025                          14                  0.00400             191                 2.91                1.86                2                   0.18                -10.055805          -56.367708          F 
510830                          14                  0.00400             191                 2.91                1.86                0                   n/a                 -11.527676          -54.316447          F 
150503                          14                  0.00400             191                 2.91                1.86                177                 3.13                -8.062277           -55.612026          F 
130330                          15                  0.0400              782                 2.30                1.86                19                  0.27                -6.824013           -60.477155          F 
130270                          15                  0.0400              782                 2.30                1.86                240                 1.56                -6.459960           -61.446773          F 
130014                          15                  0.0400              782                 2.30                1.86                9                   0.12                -7.759951           -59.432108          F 
130170                          15                  0.0400              782                 2.30                1.86                514                 2.76                -7.361218           -62.486435          F 
210055                          16                  0.495               75                  3.01                1.86                75                  3.01                -1.673075           -45.948044          F 
