110110                          1                   0.00100             3599                40.14               4.75                3599                40.14               -9.170210           -63.044941          F 
110033                          2                   0.00100             7466                25.09               4.69                4121                28.22               -10.382167          -64.629100          F 
110045                          2                   0.00100             7466                25.09               4.69                3345                21.25               -10.052115          -63.941163          F 
130110                          3                   0.00100             7636                18.21               4.80                7636                18.21               -3.770484           -60.183273          F 
130090                          4                   0.00100             1585                24.73               4.96                1585                24.73               -7.300758           -64.061903          F 
140017                          5                   0.00100             1731                18.08               4.98                1731                18.08               2.272837            -60.542285          F 
160040                          6                   0.00100             2524                15.54               4.97                2524                15.54               -0.0668366          -51.951193          F 
120042                          7                   0.00100             934                 19.81               5.00                934                 19.81               -7.843835           -73.223448          F 
130430                          8                   0.00100             8631                9.54                4.94                617                 3.90                -0.894390           -59.029588          F 
130353                          8                   0.00100             8631                9.54                4.94                2824                7.80                -1.370920           -59.989553          F 
130395                          8                   0.00100             8631                9.54                4.94                1033                17.62               -1.941762           -58.705261          F 
150300                          8                   0.00100             8631                9.54                4.94                31                  0.17                -1.159150           -57.805908          F 
130300                          8                   0.00100             8631                9.54                4.94                24                  0.24                -1.680586           -57.656245          F 
130200                          8                   0.00100             8631                9.54                4.94                831                 7.78                -2.497237           -58.613268          F 
140050                          8                   0.00100             8631                9.54                4.94                196                 3.99                0.635780            -59.845020          F 
130356                          8                   0.00100             8631                9.54                4.94                3075                10.56               -2.529823           -59.638380          F 
110140                          9                   0.00100             8273                9.15                4.95                482                 4.62                -10.210832          -63.372393          F 
110060                          9                   0.00100             8273                9.15                4.95                103                 3.08                -10.331603          -62.987261          F 
110002                          9                   0.00100             8273                9.15                4.95                2053                6.20                -9.951890           -62.957255          F 
110070                          9                   0.00100             8273                9.15                4.95                2502                13.14               -10.484934          -63.799716          F 
110040                          9                   0.00100             8273                9.15                4.95                3133                8.78                -9.649310           -63.394322          F 
110013                          10                  0.00100             9296                8.53                4.96                5133                6.31                -9.204091           -62.010380          F 
110175                          10                  0.00100             9296                8.53                4.96                852                 3.47                -9.732434           -61.939101          F 
110094                          10                  0.00100             9296                8.53                4.96                3015                13.50               -9.171094           -62.565336          F 
110026                          10                  0.00100             9296                8.53                4.96                296                 10.84               -9.645212           -62.790074          F 
160023                          11                  0.00100             897                 15.97               5.01                144                 18.62               0.957104            -51.417351          F 
160053                          11                  0.00100             897                 15.97               5.01                753                 15.47               0.585628            -51.669983          F 
130185                          12                  0.00100             3010                10.13               5.00                3010                10.13               -3.095219           -60.479687          F 
130063                          13                  0.00100             991                 11.26               5.02                225                 1.33                -4.606233           -61.804353          F 
130010                          13                  0.00100             991                 11.26               5.02                6                   0.38                -4.198680           -62.095409          F 
130008                          13                  0.00100             991                 11.26               5.02                32                  0.82                -3.501857           -61.717988          F 
130255                          13                  0.00100             991                 11.26               5.02                728                 14.87               -3.779051           -60.697266          F 
510325                          14                  0.00100             1920                9.29                5.01                1920                9.29                -9.292441           -60.304194          F 
150085                          15                  0.00100             1365                9.28                5.02                1365                9.28                -3.997185           -51.301278          F 
130002                          16                  0.00100             1431                9.12                5.02                1431                9.12                -3.694685           -65.324447          F 
130040                          17                  0.00100             4430                6.95                5.01                372                 0.93                -0.465099           -63.434718          F 
130360                          17                  0.00100             4430                6.95                5.01                66                  0.56                -0.318364           -65.521329          F 
130320                          17                  0.00100             4430                6.95                5.01                476                 9.54                -2.048246           -61.703420          F 
140020                          17                  0.00100             4430                6.95                5.01                1190                6.34                0.990734            -61.471563          F 
140047                          17                  0.00100             4430                6.95                5.01                1050                2.35                0.0380410           -61.011175          F 
130280                          17                  0.00100             4430                6.95                5.01                48                  0.12                -2.426829           -65.039551          F 
140028                          17                  0.00100             4430                6.95                5.01                369                 14.86               2.181808            -62.401659          F 
130130                          17                  0.00100             4430                6.95                5.01                26                  0.31                -3.288972           -62.973315          F 
130083                          17                  0.00100             4430                6.95                5.01                248                 8.46                -3.082019           -61.877758          F 
140030                          17                  0.00100             4430                6.95                5.01                585                 14.12               2.510971            -61.996789          F 
210197                          18                  0.00100             157                 14.71               5.03                157                 14.71               -1.762072           -46.178918          F 
150470                          19                  0.00100             1610                7.38                5.02                864                 6.95                -2.683911           -49.074042          F 
150795                          19                  0.00100             1610                7.38                5.02                210                 8.93                -2.907819           -48.736701          F 
150460                          19                  0.00100             1610                7.38                5.02                3                   0.14                -2.576689           -49.466382          F 
150210                          19                  0.00100             1610                7.38                5.02                4                   0.053               -2.253062           -49.513572          F 
150330                          19                  0.00100             1610                7.38                5.02                6                   0.15                -2.062706           -49.130745          F 
150120                          19                  0.00100             1610                7.38                5.02                523                 7.66                -3.129827           -49.698980          F 
130240                          20                  0.00100             1346                7.49                5.02                1346                7.49                -8.375601           -65.811663          F 
120001                          21                  0.786               871                 6.45                5.03                871                 6.45                -9.933935           -66.950168          F 
110018                          22                  0.786               516                 6.88                5.03                11                  0.56                -11.894467          -60.830397          F 
110147                          22                  0.786               516                 6.88                5.03                3                   0.38                -11.878686          -61.315335          F 
110009                          22                  0.786               516                 6.88                5.03                502                 7.06                -11.351342          -60.784831          F 
