10.807921           
14.060366           
16.246328           
20.763943           
14.060366           
13.550237           
13.614353           
14.060366           
17.217844           
14.432742           
14.135170           
9.913341            
16.002651           
18.124602           
9.847585            
14.060366           
14.060366           
14.060366           
14.060366           
16.926666           
21.608926           
15.329874           
15.053648           
14.060366           
16.160351           
13.174487           
14.060366           
11.293980           
14.060366           
21.536513           
17.314061           
14.060366           
9.539802            
15.592066           
12.306400           
13.512825           
14.060366           
14.060366           
11.655854           
14.211161           
14.060366           
17.712843           
13.899292           
14.060366           
12.994892           
12.238163           
14.060366           
14.060366           
10.528625           
14.060366           
14.060366           
28.122103           
14.060366           
17.475033           
14.060366           
14.060366           
16.917838           
14.060366           
10.945762           
17.308193           
14.060366           
15.665025           
16.078243           
11.574768           
22.398206           
14.060366           
9.318935            
18.362825           
20.763943           
16.852173           
14.060366           
9.117516            
14.060366           
21.021382           
28.122103           
14.378726           
14.611025           
18.836791           
16.385473           
15.899174           
16.211945           
15.688310           
10.756034           
14.060366           
14.060366           
14.060366           
15.004533           
11.743296           
14.060366           
16.631380           
9.047379            
14.060366           
11.375345           
14.060366           
14.060366           
14.060366           
14.233286           
14.060366           
13.097810           
14.060366           
16.938215           
14.060366           
14.060366           
22.833716           
14.135170           
14.306026           
14.060366           
14.170851           
20.763943           
17.986048           
14.060366           
14.060366           
14.060366           
16.401354           
8.807606            
14.060366           
14.060366           
20.763943           
9.537291            
14.858408           
14.752498           
14.060366           
9.318935            
18.737864           
14.060366           
20.910105           
14.060366           
10.032775           
14.060366           
20.763943           
20.508091           
14.060366           
14.562733           
17.870590           
17.712843           
14.060366           
16.401354           
15.779213           
14.060366           
17.137679           
14.060366           
14.060366           
14.060366           
14.060366           
14.060366           
14.060366           
14.060366           
14.060366           
14.060366           
17.712843           
14.060366           
9.866549            
13.360979           
14.060366           
14.060366           
14.642104           
10.607199           
14.060366           
11.095636           
10.984015           
16.846860           
9.252060            
10.074657           
11.469991           
14.060366           
14.060366           
14.060366           
13.750993           
14.060366           
14.060366           
9.771892            
14.060366           
14.060366           
9.688910            
12.566552           
16.668855           
12.618115           
14.060366           
11.111540           
14.060366           
11.961158           
9.428215            
12.060438           
13.201651           
14.060366           
15.745205           
12.303504           
21.446139           
9.318935            
12.540780           
14.060366           
14.060366           
19.190491           
14.060366           
15.092503           
14.060366           
12.867944           
23.415633           
14.060366           
16.552376           
17.712843           
21.931538           
14.060366           
16.744633           
14.060366           
14.060366           
16.830748           
11.594690           
14.130398           
16.246328           
14.060366           
17.712843           
15.344013           
14.060366           
14.324817           
11.440295           
12.099448           
16.628850           
14.060366           
14.060366           
14.060366           
10.020551           
14.814663           
11.112721           
11.343152           
12.099448           
14.642881           
16.645337           
14.060366           
12.719549           
14.712171           
16.046228           
13.749544           
14.060366           
14.060366           
12.615156           
17.380861           
15.534477           
18.737864           
9.859275            
14.595228           
14.060366           
11.884048           
24.751893           
11.644907           
14.060366           
17.712843           
14.135170           
14.060366           
14.860142           
7.475910            
14.848967           
14.060366           
10.277556           
10.994964           
14.060366           
17.712843           
14.060366           
14.060366           
14.895856           
19.013406           
16.030112           
14.060366           
14.573077           
17.197946           
19.063281           
14.060366           
15.818012           
15.724707           
9.298804            
10.841359           
17.147720           
10.439168           
11.406251           
13.691570           
14.060366           
13.610752           
9.657568            
14.060366           
14.084324           
14.060366           
14.060366           
17.093749           
13.774084           
14.442595           
14.060366           
14.060366           
9.693579            
14.060366           
15.694940           
14.060366           
14.060366           
19.196703           
14.060366           
14.060366           
16.972857           
16.514960           
14.060366           
15.403857           
18.333436           
10.758986           
17.297198           
19.894840           
14.060366           
14.060366           
11.211805           
13.325284           
10.168428           
12.796031           
16.207712           
11.101386           
11.549335           
14.060366           
14.060366           
14.060366           
14.060366           
14.060366           
14.060366           
16.382124           
14.060366           
14.060366           
17.712843           
14.060366           
12.706625           
21.240873           
14.060366           
16.842350           
14.060366           
16.664270           
11.451244           
15.917201           
14.060366           
11.584787           
16.777216           
14.060366           
14.060366           
7.382240            
15.063434           
16.471598           
16.219406           
14.987909           
14.060366           
23.632015           
14.060366           
13.005055           
15.676331           
15.651116           
18.181901           
17.712843           
12.368218           
14.060366           
17.332025           
14.060366           
15.146618           
19.608481           
14.060366           
14.668318           
12.184126           
16.806519           
14.303175           
14.060366           
18.935258           
14.060366           
14.492966           
14.060366           
14.060366           
13.268536           
12.890763           
14.060366           
14.060366           
16.207712           
14.060366           
10.833116           
15.194607           
14.060366           
11.025442           
14.060366           
13.109939           
14.060366           
14.060366           
9.205413            
17.147720           
14.060366           
15.705850           
14.060366           
14.060366           
13.055589           
18.001887           
14.060366           
16.458040           
9.503758            
27.122162           
14.060366           
23.137295           
10.150045           
9.318935            
14.060366           
14.060366           
13.331763           
11.077173           
10.815826           
14.415917           
16.207712           
14.060366           
14.060366           
14.135170           
12.051322           
17.118878           
14.060366           
13.821762           
13.010295           
14.060366           
16.517663           
28.122103           
14.060366           
13.867045           
14.060366           
15.651116           
16.268160           
17.443787           
11.842432           
12.322589           
11.952429           
14.060366           
14.060366           
12.046844           
11.102228           
9.625545            
14.060366           
14.060366           
14.060366           
14.060366           
18.333153           
20.763943           
14.212827           
12.714599           
12.746140           
14.164655           
14.952230           
12.976316           
11.208569           
11.656335           
14.060366           
14.060366           
20.830166           
15.330900           
14.712171           
14.060366           
14.427387           
14.060366           
9.676045            
14.060366           
20.508091           
10.819617           
12.813330           
10.807202           
14.060366           
13.550258           
14.135170           
14.623587           
13.159067           
14.060366           
14.060366           
14.060366           
14.060366           
19.592355           
10.083354           
17.712843           
10.741065           
9.141503            
15.279528           
14.060366           
14.060366           
15.796563           
14.060366           
9.318935            
14.060366           
17.572041           
14.060366           
14.060366           
10.342660           
17.119928           
18.403480           
14.135170           
14.060366           
14.060366           
14.060366           
14.060366           
14.060366           
14.060366           
21.439069           
13.716368           
12.168293           
14.060366           
13.569621           
11.348840           
14.060366           
14.060366           
14.060366           
9.132999            
15.416343           
8.151442            
14.060366           
17.147720           
19.592355           
14.540042           
18.404768           
28.122103           
14.060366           
14.712171           
14.519841           
14.057343           
14.562733           
14.558148           
20.910105           
14.060366           
14.060366           
14.778101           
14.060366           
15.651116           
15.420981           
14.060366           
17.672328           
14.060366           
12.140833           
15.759469           
14.060366           
18.182215           
14.060366           
12.822830           
14.060366           
10.426666           
14.133787           
14.060366           
14.060366           
14.060366           
14.060366           
14.060366           
10.941534           
10.711915           
15.361359           
17.148633           
15.922397           
14.258639           
14.060366           
9.382940            
14.060366           
12.919108           
15.919589           
14.060366           
14.060366           
13.334255           
17.338525           
17.366663           
12.851505           
11.945796           
15.651116           
14.060366           
19.290778           
15.651116           
14.251727           
17.414716           
14.060366           
15.603249           
14.060366           
14.273667           
14.060366           
10.526989           
9.045325            
18.059013           
16.401354           
14.060366           
18.737864           
22.531619           
12.130542           
14.060366           
14.060366           
13.213883           
14.306026           
14.060366           
14.060366           
14.060366           
16.609934           
13.431687           
17.414716           
15.458081           
14.060366           
14.060366           
15.580554           
14.060366           
16.024888           
13.933128           
14.060366           
12.327490           
13.478732           
20.508091           
16.207712           
16.339980           
14.876436           
14.060366           
11.664073           
20.508091           
14.060366           
15.563258           
14.282963           
14.060366           
19.278009           
19.436189           
19.391099           
13.568125           
11.439425           
10.338301           
21.847188           
14.642104           
14.060366           
14.060366           
14.060366           
14.060366           
14.060366           
18.498913           
16.600955           
14.860588           
12.237235           
14.060366           
14.060366           
14.692333           
14.060366           
14.446410           
20.508091           
18.714493           
14.060366           
15.363760           
20.516884           
13.807043           
12.551948           
14.060366           
9.935608            
14.060366           
14.135170           
14.060366           
14.427387           
17.903779           
19.868469           
14.060366           
11.003866           
14.060366           
13.084734           
13.036693           
10.181120           
14.060366           
14.060366           
20.910105           
16.402432           
29.939888           
10.247008           
14.060366           
15.247093           
14.060366           
15.654005           
17.712843           
8.830033            
28.122103           
14.060366           
14.449570           
14.796513           
14.060366           
13.503771           
14.060366           
14.060366           
17.414716           
15.428815           
16.401354           
14.060366           
12.902299           
14.060366           
14.060366           
14.060366           
34.640714           
14.060366           
15.496991           
14.060366           
16.514960           
14.060366           
18.777745           
14.764803           
14.060366           
14.060366           
14.060366           
10.294213           
11.019917           
20.044756           
11.013330           
12.304995           
14.282085           
14.060366           
14.060366           
14.060366           
14.060366           
18.737864           
14.060366           
13.807043           
14.060366           
15.338712           
15.651116           
14.971390           
14.060366           
7.588043            
15.261887           
14.798211           
11.739110           
9.503495            
10.028146           
14.060366           
12.615424           
14.060366           
20.910105           
14.642316           
14.060366           
11.988331           
24.868801           
14.060366           
8.892523            
14.060366           
11.916714           
13.917359           
14.060366           
14.060366           
15.459362           
9.504627            
17.509570           
17.414716           
14.060366           
10.914546           
14.060366           
16.799997           
14.103583           
16.068637           
15.068012           
12.099448           
20.526537           
14.060366           
14.060366           
14.060366           
35.361932           
14.060366           
11.199164           
11.203288           
11.071227           
14.060366           
12.921026           
14.060366           
14.060366           
14.060366           
14.060366           
14.060366           
14.060366           
14.226878           
14.060366           
10.474451           
16.207712           
17.712843           
16.763805           
13.953726           
12.376445           
18.076524           
20.508091           
11.743296           
20.910105           
20.508091           
14.060366           
14.428894           
9.488589            
14.060366           
11.525787           
13.078385           
14.712171           
14.060366           
10.732150           
14.060366           
14.876570           
18.908277           
16.926666           
17.880285           
18.181873           
14.876436           
10.854616           
17.712843           
20.910105           
12.458782           
18.124602           
10.045974           
14.135170           
16.769586           
14.060366           
14.060366           
10.909385           
16.728959           
12.015865           
9.000149            
12.291043           
12.240925           
12.433936           
19.621807           
14.060366           
9.831174            
8.570876            
14.060366           
17.443385           
14.060366           
14.692333           
12.130542           
14.060366           
14.135170           
12.896295           
14.060366           
12.526025           
24.431924           
14.060366           
14.060366           
12.160522           
14.060366           
13.314168           
19.717939           
14.060366           
17.455228           
10.461374           
10.812416           
14.060366           
20.516884           
11.300005           
14.060366           
10.572120           
14.060366           
17.443581           
14.060366           
14.648921           
9.613028            
14.060366           
15.966110           
14.060366           
14.562733           
15.744251           
15.566361           
14.060366           
12.410845           
25.150762           
14.060366           
15.283131           
21.973992           
17.414716           
14.959067           
25.131700           
11.036241           
14.868659           
20.611663           
14.060366           
14.060366           
10.378961           
15.498972           
13.507822           
8.733051            
16.207712           
19.851914           
14.060366           
15.651116           
14.519841           
17.599852           
14.984162           
14.060366           
16.811401           
14.060366           
11.687747           
9.318935            
14.060366           
15.052421           
12.054952           
14.060366           
16.330425           
10.138204           
15.256127           
18.472960           
11.070597           
10.828394           
20.799046           
12.792054           
13.036693           
14.060366           
14.729150           
17.712843           
15.534288           
9.318935            
21.665686           
15.069986           
11.687556           
15.651116           
14.060366           
13.619527           
18.573348           
14.060366           
13.621035           
11.444838           
14.060366           
23.230655           
13.750993           
14.060366           
12.920288           
20.763943           
17.117110           
11.574768           
17.098731           
10.098893           
20.763943           
14.562733           
15.274890           
16.412330           
18.234151           
19.532946           
14.735243           
11.489120           
14.060366           
15.300901           
14.672561           
14.060366           
14.060366           
21.021382           
14.060366           
16.468624           
18.124602           
14.060366           
16.145685           
14.060366           
14.060366           
14.060366           
12.099448           
14.060366           
13.505475           
9.972948            
14.060366           
17.435652           
14.060366           
14.226355           
14.060366           
17.610280           
14.060366           
14.060366           
13.944344           
16.401354           
14.306026           
14.060366           
14.719038           
14.060366           
17.934052           
14.060366           
15.141638           
13.001065           
12.209875           
14.060366           
10.123535           
9.197524            
14.060366           
15.495077           
23.931046           
17.258555           
15.026289           
14.060366           
14.306026           
14.060366           
9.683102            
15.141638           
14.060366           
12.378822           
16.401354           
14.060366           
14.731926           
8.403137            
14.060366           
14.156995           
15.785808           
8.006330            
17.737047           
10.365300           
14.060366           
13.750993           
9.398717            
17.678368           
14.060366           
11.938343           
12.252942           
14.060366           
12.597577           
21.021382           
12.464855           
13.485044           
16.207712           
14.060366           
14.060366           
17.712843           
12.003911           
14.060366           
