38.527162           
22.072780           
38.527162           
44.415273           
27.485265           
38.527162           
38.527162           
38.527162           
38.527162           
20.993206           
23.342128           
51.562225           
49.403337           
42.686125           
38.527162           
38.527162           
38.527162           
38.527162           
54.295618           
38.527162           
38.527162           
35.028913           
38.527162           
38.679974           
38.527162           
38.527162           
38.527162           
38.527162           
38.527162           
38.527162           
38.527162           
38.527162           
24.292313           
38.527162           
38.527162           
38.527162           
38.527162           
38.527162           
38.527162           
38.527162           
39.965728           
44.645171           
58.202487           
38.527162           
38.527162           
25.887525           
38.527162           
38.527162           
38.527162           
38.527162           
39.084195           
38.527162           
38.527162           
38.527162           
38.527162           
38.527162           
38.527162           
38.527162           
38.527162           
38.527162           
38.527162           
38.527162           
38.527162           
20.993206           
38.527162           
20.993206           
22.959659           
38.527162           
38.527162           
20.155132           
38.527162           
38.527162           
41.596046           
38.527162           
38.527162           
38.527162           
38.527162           
38.527162           
38.527162           
38.527162           
38.527162           
38.527162           
38.527162           
38.527162           
38.527162           
58.202487           
38.527162           
38.527162           
38.527162           
38.527162           
38.527162           
38.527162           
38.527162           
38.527162           
38.527162           
38.527162           
38.527162           
38.527162           
38.527162           
38.527162           
38.527162           
38.527162           
38.527162           
38.679974           
38.527162           
38.527162           
38.527162           
25.596245           
38.527162           
38.527162           
54.452594           
38.527162           
38.527162           
20.993206           
38.527162           
38.527162           
56.342644           
20.993206           
38.527162           
38.527162           
38.527162           
54.190464           
38.527162           
38.679974           
38.527162           
38.527162           
38.527162           
38.527162           
20.993206           
38.527162           
38.527162           
77.059426           
38.527162           
38.527162           
38.527162           
38.527162           
38.527162           
38.527162           
38.527162           
38.527162           
38.527162           
38.527162           
38.527162           
38.527162           
38.527162           
31.673003           
38.527162           
38.527162           
38.527162           
22.390526           
38.527162           
38.527162           
20.993206           
38.527162           
38.527162           
38.527162           
55.462941           
38.527162           
38.527162           
38.527162           
38.527162           
20.993206           
38.527162           
38.527162           
22.806895           
38.527162           
38.527162           
38.527162           
38.527162           
43.102118           
38.527162           
38.527162           
38.527162           
38.527162           
58.202487           
38.527162           
38.527162           
43.838210           
38.527162           
38.527162           
19.371414           
38.527162           
38.527162           
22.892735           
38.527162           
20.993206           
38.527162           
38.527162           
13.602891           
38.527162           
38.527162           
38.527162           
38.527162           
38.527162           
38.527162           
58.202487           
38.527162           
38.679974           
38.527162           
58.202487           
38.527162           
38.527162           
38.527162           
14.904373           
38.527162           
20.993206           
38.527162           
38.527162           
38.527162           
38.527162           
38.527162           
38.527162           
38.527162           
38.527162           
38.527162           
20.993206           
38.527162           
38.527162           
24.437000           
29.946501           
38.527162           
38.527162           
38.527162           
38.527162           
20.993206           
38.527162           
38.527162           
38.527162           
47.300577           
22.671572           
38.527162           
20.993206           
38.527162           
38.527162           
38.527162           
38.527162           
38.527162           
54.295618           
38.527162           
20.993206           
26.286155           
38.527162           
27.979336           
38.527162           
38.527162           
38.527162           
38.527162           
25.601962           
38.527162           
38.527162           
38.527162           
38.527162           
38.527162           
38.898230           
38.527162           
20.993206           
38.527162           
20.993206           
38.527162           
38.527162           
45.983804           
38.527162           
38.527162           
77.059426           
45.082939           
20.993206           
38.527162           
38.527162           
38.527162           
40.183756           
38.527162           
25.244278           
38.527162           
41.987959           
38.527162           
38.527162           
17.743994           
38.527162           
38.527162           
58.202487           
38.527162           
38.527162           
38.527162           
38.527162           
24.234882           
38.527162           
38.527162           
77.059426           
38.527162           
38.527162           
38.527162           
35.507723           
39.077642           
17.714835           
38.527162           
38.527162           
38.527162           
20.993206           
41.987959           
20.993206           
25.087268           
58.202487           
38.527162           
48.198188           
38.527162           
38.527162           
38.527162           
38.527162           
38.527162           
38.527162           
21.892352           
38.527162           
38.527162           
22.671572           
38.527162           
18.147053           
25.809845           
38.527162           
18.414310           
38.527162           
38.527162           
38.527162           
38.527162           
38.527162           
38.527162           
38.527162           
38.527162           
38.527162           
59.672724           
31.257270           
20.993206           
38.527162           
18.899397           
38.527162           
38.527162           
38.527162           
38.527162           
38.527162           
24.726268           
38.527162           
38.527162           
38.527162           
38.527162           
38.527162           
38.527162           
38.527162           
20.993206           
78.759693           
38.527162           
38.527162           
38.527162           
38.527162           
38.527162           
38.527162           
38.527162           
38.527162           
38.527162           
38.527162           
38.527162           
38.527162           
20.993206           
38.527162           
38.527162           
38.527162           
38.527162           
18.091334           
38.527162           
38.679974           
38.527162           
77.059426           
38.527162           
38.527162           
38.527162           
38.527162           
41.987959           
38.527162           
20.993206           
20.993206           
38.527162           
38.527162           
38.527162           
47.048835           
38.679974           
38.527162           
20.993206           
38.527162           
38.527162           
38.527162           
45.362331           
38.527162           
38.527162           
38.527162           
38.527162           
20.993206           
40.572236           
43.033212           
38.527162           
38.527162           
38.527162           
38.527162           
38.527162           
38.527162           
28.342280           
38.527162           
40.613124           
38.527162           
38.527162           
38.527162           
38.527162           
38.527162           
38.527162           
38.527162           
38.527162           
38.527162           
38.527162           
38.527162           
20.993206           
41.987959           
38.527162           
38.527162           
20.993206           
38.527162           
38.527162           
38.527162           
38.527162           
23.708025           
38.527162           
38.527162           
38.527162           
38.527162           
22.588818           
20.993206           
25.070925           
20.993206           
38.527162           
44.399155           
38.527162           
38.527162           
38.527162           
42.437020           
38.527162           
38.527162           
38.527162           
20.993206           
47.921197           
38.527162           
38.527162           
41.987959           
24.989248           
22.417746           
38.527162           
24.957736           
33.811422           
38.527162           
38.527162           
25.645587           
23.560281           
38.527162           
38.527162           
38.527162           
38.527162           
38.527162           
20.993206           
38.527162           
25.249370           
38.527162           
27.146942           
38.527162           
38.527162           
38.527162           
38.527162           
38.527162           
38.527162           
38.527162           
38.527162           
38.527162           
38.527162           
38.527162           
22.985257           
38.527162           
41.987959           
38.527162           
77.059426           
58.202487           
58.202487           
38.527162           
38.527162           
38.527162           
20.993206           
38.527162           
39.523320           
38.527162           
38.527162           
38.527162           
29.973687           
38.527162           
38.527162           
38.527162           
38.527162           
38.527574           
38.527162           
38.527162           
38.527162           
38.527162           
38.527162           
38.527162           
38.527162           
58.256431           
38.527162           
38.527162           
38.527162           
38.527162           
38.527162           
26.758347           
38.527162           
38.527162           
38.527162           
77.059426           
38.527162           
38.527162           
38.527162           
38.527162           
38.527162           
38.527162           
38.527162           
38.527162           
38.527162           
38.527162           
20.993206           
38.527162           
38.527162           
38.527162           
38.527162           
38.527162           
38.527162           
38.527162           
38.527162           
38.527162           
20.993206           
38.527162           
38.527162           
38.527162           
38.527162           
38.527162           
38.527162           
38.527162           
38.527162           
38.527162           
38.527162           
23.708025           
77.059426           
38.527162           
38.527162           
38.527162           
38.527162           
38.527162           
38.527162           
54.295618           
38.527162           
38.527162           
38.527162           
38.527162           
38.527162           
38.527162           
44.923683           
38.527162           
38.527162           
38.527162           
20.993206           
38.527162           
31.046545           
38.527162           
38.527162           
54.295618           
38.527162           
38.527162           
54.295618           
77.059426           
38.527162           
38.527162           
38.527162           
38.527162           
38.527162           
38.527162           
38.527162           
38.527162           
38.527162           
47.616885           
38.527162           
38.527162           
58.202487           
23.272735           
38.527162           
33.315933           
38.527162           
22.975546           
38.527162           
38.527162           
38.527162           
38.527162           
38.527162           
38.527162           
17.753304           
38.527162           
38.527162           
38.527162           
38.527162           
38.527162           
39.248934           
38.527162           
38.527162           
77.059426           
38.527162           
38.527162           
58.202487           
38.527162           
22.764704           
45.924981           
28.113012           
38.527162           
38.527162           
19.873803           
38.527162           
38.527162           
28.579201           
38.527162           
38.527162           
20.993206           
38.527162           
50.301972           
38.527162           
38.527162           
38.527162           
38.527162           
38.527162           
38.527162           
38.527162           
22.970066           
38.527162           
38.527162           
20.993206           
38.527162           
38.527162           
38.527162           
21.097289           
38.527162           
36.435161           
38.527162           
38.527162           
38.527162           
38.527162           
38.527162           
38.527162           
41.586107           
38.527162           
77.059426           
47.890737           
38.527162           
20.993206           
25.244278           
38.527162           
38.527162           
38.527162           
38.527162           
20.993206           
38.527162           
38.527162           
38.527162           
38.527162           
38.527162           
45.468784           
38.527162           
20.993206           
20.993206           
38.527162           
38.527162           
47.891359           
46.671300           
29.242480           
38.527162           
29.096461           
38.527162           
42.948575           
38.527162           
45.923157           
38.527162           
77.059426           
38.527162           
38.527162           
23.065752           
20.993206           
38.527162           
38.527162           
38.527162           
38.527162           
38.527162           
38.527162           
21.999305           
38.527162           
26.069938           
58.202487           
39.817264           
38.527162           
21.757449           
38.527162           
38.527162           
38.527162           
38.527162           
38.527162           
38.527162           
24.595093           
54.295618           
57.781269           
38.527162           
22.671572           
38.527162           
38.527162           
20.837174           
38.527162           
38.527162           
38.527162           
58.202487           
20.993206           
38.527162           
38.527162           
38.527162           
17.753304           
38.527162           
38.527162           
38.527162           
38.527162           
38.527162           
38.527162           
38.527162           
38.527162           
38.527162           
38.527162           
47.526007           
38.527162           
38.527162           
38.527162           
38.527162           
54.295618           
40.018107           
38.527162           
38.527162           
38.527162           
38.679974           
20.993206           
43.640118           
20.993206           
38.527162           
38.527162           
38.527162           
38.527162           
38.527162           
38.527162           
52.418028           
38.527162           
38.527162           
43.990798           
38.679974           
38.678081           
38.527162           
20.993206           
38.527162           
20.993206           
38.527162           
38.527162           
38.527162           
38.527162           
39.126077           
38.527162           
24.723920           
38.527162           
38.527162           
38.527162           
38.527162           
20.993206           
38.527162           
38.527162           
38.527162           
38.527162           
38.527162           
38.527162           
38.527162           
38.527162           
38.527162           
38.527162           
38.527162           
38.527162           
23.706541           
38.527162           
38.527162           
38.527162           
38.568891           
38.527162           
23.209834           
38.527162           
23.708025           
38.527162           
24.938907           
38.527162           
38.527162           
38.527162           
50.684351           
38.527162           
38.527162           
38.527162           
38.527162           
38.527162           
38.527162           
38.527162           
24.845914           
38.527162           
38.527162           
38.527162           
38.527162           
38.527162           
20.993206           
38.527162           
58.202487           
38.527162           
38.527162           
38.527162           
38.527162           
38.527162           
38.527162           
38.527162           
38.527162           
38.527162           
38.527162           
38.527162           
38.527162           
23.350073           
38.527162           
38.527162           
41.987959           
20.993206           
38.527162           
20.993206           
15.386414           
38.527162           
38.527162           
38.527162           
38.527162           
41.695562           
38.527162           
38.527162           
38.527162           
38.527162           
38.527162           
38.527162           
58.202487           
20.993206           
38.527162           
58.202487           
38.527162           
38.527162           
38.527162           
38.527162           
38.527162           
38.527162           
51.104337           
19.457575           
38.527162           
38.527162           
38.527162           
38.527162           
20.993206           
38.527162           
38.527162           
54.295618           
38.527162           
38.527162           
38.527162           
38.527162           
38.527162           
38.527162           
44.212261           
38.527162           
38.527162           
38.527162           
38.527162           
38.527162           
38.527162           
38.527162           
38.527162           
38.527162           
38.527162           
38.527162           
38.527162           
38.527162           
49.534709           
38.527162           
38.527162           
22.390526           
61.443167           
38.527162           
38.527162           
25.559611           
38.527162           
38.527162           
38.527162           
38.527162           
38.527162           
38.527162           
77.059426           
17.753304           
38.527162           
54.295618           
22.671572           
38.527162           
38.527162           
55.429074           
38.527162           
38.527162           
38.527162           
58.202487           
38.527162           
38.527162           
38.527162           
24.737065           
20.993206           
38.527162           
38.527162           
35.507723           
77.059426           
38.527162           
38.527162           
58.202487           
77.059426           
38.527162           
20.993206           
38.527162           
38.527162           
38.527162           
38.527162           
38.527162           
33.534632           
38.527162           
28.962540           
24.211560           
38.527162           
38.527162           
38.527162           
38.527162           
38.527162           
39.689772           
38.527162           
38.527162           
38.527162           
22.184576           
38.527162           
54.295618           
38.527162           
38.527162           
38.590496           
34.532097           
22.033493           
22.975546           
77.059426           
38.527162           
38.527162           
22.023117           
38.527162           
38.527162           
38.527162           
25.346453           
50.413626           
38.527162           
38.527162           
38.527162           
26.416679           
18.777081           
38.527162           
24.368057           
38.527162           
38.527162           
23.507802           
20.993206           
58.202487           
39.948429           
38.527162           
41.987959           
38.527162           
38.527162           
34.935780           
41.317412           
38.527162           
54.295618           
38.527162           
38.527162           
38.527162           
38.527162           
46.495459           
38.527162           
38.527162           
38.527162           
