120042                          1                   0.00100             5236                78.84               6.47                5236                78.84               -7.843835           -73.223448          F 
130110                          2                   0.00100             6826                32.57               6.81                6826                32.57               -3.770484           -60.183273          F 
130020                          3                   0.00100             8326                22.13               6.90                221                 1.15                -5.711904           -71.741371          F 
130060                          3                   0.00100             8326                22.13               6.90                75                  0.49                -5.426669           -70.276117          F 
130180                          3                   0.00100             8326                22.13               6.90                246                 2.57                -7.180512           -71.412867          F 
130165                          3                   0.00100             8326                22.13               6.90                2094                27.02               -7.229781           -72.844588          F 
130140                          3                   0.00100             8326                22.13               6.90                9                   0.079               -7.021998           -70.218248          F 
120033                          3                   0.00100             8326                22.13               6.90                5681                22.31               -7.504430           -73.439094          F 
110110                          4                   0.00100             3445                27.43               6.99                3445                27.43               -9.170210           -63.044941          F 
130430                          5                   0.00100             17313               15.33               6.86                557                 4.35                -0.894390           -59.029588          F 
130353                          5                   0.00100             17313               15.33               6.86                6110                12.80               -1.370920           -59.989553          F 
130395                          5                   0.00100             17313               15.33               6.86                1289                23.79               -1.941762           -58.705261          F 
150300                          5                   0.00100             17313               15.33               6.86                95                  1.03                -1.159150           -57.805908          F 
130300                          5                   0.00100             17313               15.33               6.86                90                  1.08                -1.680586           -57.656245          F 
130200                          5                   0.00100             17313               15.33               6.86                754                 10.72               -2.497237           -58.613268          F 
140050                          5                   0.00100             17313               15.33               6.86                108                 3.58                0.635780            -59.845020          F 
130356                          5                   0.00100             17313               15.33               6.86                6453                19.05               -2.529823           -59.638380          F 
140023                          5                   0.00100             17313               15.33               6.86                473                 1.58                0.914690            -59.338144          F 
130400                          5                   0.00100             17313               15.33               6.86                1384                15.67               -2.820549           -58.537087          F 
130090                          6                   0.00100             1998                31.24               7.03                1998                31.24               -7.300758           -64.061903          F 
120020                          7                   0.00100             10864               16.76               6.93                10864               16.76               -7.971860           -72.754808          F 
150548                          8                   0.00100             6427                16.66               7.00                6427                16.66               -3.684126           -50.631681          F 
110033                          9                   0.00100             7291                15.07               7.01                4122                17.15               -10.382167          -64.629100          F 
110045                          9                   0.00100             7291                15.07               7.01                3169                12.37               -10.052115          -63.941163          F 
160040                          10                  0.00100             2422                20.63               7.05                2422                20.63               -0.0668366          -51.951193          F 
140017                          11                  0.00100             2945                19.26               7.05                2945                19.26               2.272837            -60.542285          F 
130240                          12                  0.00100             3407                15.28               7.06                3407                15.28               -8.375601           -65.811663          F 
510140                          13                  0.00100             3709                14.84               7.06                295                 1.99                -10.179664          -59.856308          F 
510325                          13                  0.00100             3709                14.84               7.06                3064                15.37               -9.292441           -60.304194          F 
510757                          13                  0.00100             3709                14.84               7.06                350                 20.98               -10.463060          -61.009966          F 
130080                          14                  0.00100             4577                12.68               7.07                1956                3.44                -4.957617           -59.534694          F 
130030                          14                  0.00100             4577                12.68               7.07                2621                19.58               -3.787231           -59.525534          F 
130320                          15                  0.00100             1495                16.37               7.08                1495                16.37               -2.048246           -61.703420          F 
130185                          16                  0.00100             1974                11.28               7.09                1974                11.28               -3.095219           -60.479687          F 
150520                          17                  0.00100             1039                12.82               7.10                3                   0.026               -2.278919           -49.902330          F 
150110                          17                  0.00100             1039                12.82               7.10                24                  0.20                -2.373143           -50.181767          F 
150210                          17                  0.00100             1039                12.82               7.10                2                   0.10                -2.253062           -49.513572          F 
150460                          17                  0.00100             1039                12.82               7.10                3                   0.076               -2.576689           -49.466382          F 
150400                          17                  0.00100             1039                12.82               7.10                0                   n/a                 -1.864269           -49.469137          F 
150280                          17                  0.00100             1039                12.82               7.10                157                 1.89                -1.583462           -49.988034          F 
150330                          17                  0.00100             1039                12.82               7.10                2                   0.051               -2.062706           -49.130745          F 
150770                          17                  0.00100             1039                12.82               7.10                2                   0.026               -1.434118           -49.680283          F 
150120                          17                  0.00100             1039                12.82               7.10                846                 15.39               -3.129827           -49.698980          F 
130002                          18                  0.00100             1220                12.12               7.10                1220                12.12               -3.694685           -65.324447          F 
130063                          19                  0.00100             2491                9.87                7.10                558                 2.41                -4.606233           -61.804353          F 
130010                          19                  0.00100             2491                9.87                7.10                85                  2.08                -4.198680           -62.095409          F 
130008                          19                  0.00100             2491                9.87                7.10                204                 3.85                -3.501857           -61.717988          F 
130255                          19                  0.00100             2491                9.87                7.10                1033                14.65               -3.779051           -60.697266          F 
130083                          19                  0.00100             2491                9.87                7.10                611                 11.70               -3.082019           -61.877758          F 
110160                          20                  0.00100             6638                8.71                7.09                117                 2.82                -10.121769          -62.342505          F 
110180                          20                  0.00100             6638                8.71                7.09                34                  3.14                -10.384257          -62.094047          F 
110015                          20                  0.00100             6638                8.71                7.09                11                  1.38                -10.610553          -62.172532          F 
110011                          20                  0.00100             6638                8.71                7.09                22                  3.75                -10.592448          -62.584866          F 
110175                          20                  0.00100             6638                8.71                7.09                428                 6.31                -9.732434           -61.939101          F 
110002                          20                  0.00100             6638                8.71                7.09                957                 6.37                -9.951890           -62.957255          F 
110026                          20                  0.00100             6638                8.71                7.09                154                 12.65               -9.645212           -62.790074          F 
110060                          20                  0.00100             6638                8.71                7.09                16                  2.59                -10.331603          -62.987261          F 
110012                          20                  0.00100             6638                8.71                7.09                58                  2.60                -10.462221          -61.757253          F 
110143                          20                  0.00100             6638                8.71                7.09                0                   n/a                 -10.889344          -62.532357          F 
110155                          20                  0.00100             6638                8.71                7.09                1                   1.71                -10.943453          -62.279772          F 
110013                          20                  0.00100             6638                8.71                7.09                2209                8.99                -9.204091           -62.010380          F 
110094                          20                  0.00100             6638                8.71                7.09                1193                11.67               -9.171094           -62.565336          F 
110170                          20                  0.00100             6638                8.71                7.09                13                  0.60                -11.103953          -62.424410          F 
110140                          20                  0.00100             6638                8.71                7.09                391                 6.89                -10.210832          -63.372393          F 
110100                          20                  0.00100             6638                8.71                7.09                5                   0.84                -10.748029          -63.184012          F 
110130                          20                  0.00100             6638                8.71                7.09                3                   1.86                -11.076838          -62.847979          F 
110040                          20                  0.00100             6638                8.71                7.09                1026                9.57                -9.649310           -63.394322          F 
120050                          21                  0.0820              811                 10.42               7.10                3                   0.091               -9.771422           -69.381795          F 
120034                          21                  0.0820              811                 10.42               7.10                0                   n/a                 -9.381104           -69.853779          F 
120010                          21                  0.0820              811                 10.42               7.10                20                  0.21                -10.747374          -69.207478          F 
120040                          21                  0.0820              811                 10.42               7.10                178                 0.59                -10.066135          -68.371062          F 
120043                          21                  0.0820              811                 10.42               7.10                0                   n/a                 -9.410638           -70.395784          F 
120070                          21                  0.0820              811                 10.42               7.10                71                  0.50                -10.575599          -68.504733          F 
120005                          21                  0.0820              811                 10.42               7.10                0                   n/a                 -10.779759          -70.005684          F 
120013                          21                  0.0820              811                 10.42               7.10                9                   0.57                -9.614095           -68.173711          F 
120025                          21                  0.0820              811                 10.42               7.10                0                   n/a                 -10.889196          -68.618222          F 
120030                          21                  0.0820              811                 10.42               7.10                43                  0.16                -8.924432           -70.744771          F 
130070                          21                  0.0820              811                 10.42               7.10                487                 17.03               -8.773155           -68.047634          F 
