1                   1                   1                   9299                13.26               3.75                14.89               3.86                
2                   1                   1                   10007               12.91               3.75                14.89               3.86                
3                   1                   1                   2067                21.20               3.87                15.35               3.92                
4                   1                   1                   2443                15.36               3.89                16.01               4.00                
5                   1                   1                   5126                11.68               3.86                16.03               4.00                
6                   1                   1                   3812                11.51               3.89                16.24               4.03                
7                   1                   1                   2973                11.65               3.90                16.33               4.04                
8                   1                   1                   857                 16.33               3.93                16.43               4.05                
9                   1                   1                   1783                10.41               3.93                16.56               4.07                
10                  1                   1                   1864                10.17               3.93                16.56               4.07                
11                  1                   1                   1025                11.37               3.93                16.60               4.07                
12                  1                   1                   312                 14.61               3.94                16.65               4.08                
13                  1                   1                   3463                6.92                3.93                16.66               4.08                
14                  1                   1                   847                 7.95                3.94                16.69               4.09                
15                  1                   1                   1966                6.38                3.94                16.70               4.09                
16                  1                   1                   1958                6.12                3.94                16.70               4.09                
17                  1                   1                   1236                6.59                3.94                16.71               4.09                
18                  1                   1                   1370                5.97                3.95                16.71               4.09                
19                  1                   1                   1562                5.51                3.95                16.72               4.09                
20                  1                   1                   3033                5.06                3.94                16.72               4.09                
21                  1                   1                   714                 5.42                3.95                16.72               4.09                
