1                   130002                          -3.694685           -65.324447          0                   2008/5/1          2008/9/30         1                   23643.410272        0.00100             2519                13.63               2.56                5.99                2.45                F 
2                   120033                          -7.504430           -73.439094          72.28               2008/1/1          2008/6/30         3                   11318.231118        0.00100             7083                7.24                2.55                6.48                2.55                F 
3                   150070                          -0.827133           -49.961391          0                   2008/7/1          2008/12/31        1                   8978.395410         0.00100             6059                7.09                2.56                6.58                2.57                F 
4                   110080                          -8.886994           -63.325621          0                   2008/7/1          2008/12/31        1                   6599.887978         0.00100             2578                8.54                2.60                6.69                2.59                F 
5                   130110                          -3.770484           -60.183273          72.96               2008/7/1          2008/9/30         3                   4178.502014         0.00100             3686                6.58                2.61                6.79                2.61                F 
6                   140030                          2.510971            -61.996789          163.64              2008/1/1          2008/3/31         6                   4012.529217         0.00100             1798                8.18                2.62                6.80                2.61                F 
7                   150345                          -2.805778           -47.921546          0                   2008/8/1          2008/10/31        1                   3622.335612         0.00100             2027                7.60                2.62                6.82                2.61                F 
8                   150120                          -3.129827           -49.698980          125.92              2008/1/1          2008/2/29         11                  2886.963971         0.00100             3216                6.16                2.62                6.85                2.62                F 
9                   160015                          1.157614            -52.519564          124.47              2008/7/1          2008/12/31        5                   2641.722301         0.00100             2656                6.35                2.62                6.86                2.62                F 
10                  120060                          -8.239466           -71.444992          117.73              2008/4/1          2008/6/30         3                   2405.883514         0.00100             2049                6.67                2.63                6.87                2.62                F 
11                  120020                          -7.971860           -72.754808          0                   2008/1/1          2008/6/30         1                   1929.538798         0.00100             8079                4.45                2.61                6.89                2.62                F 
12                  130170                          -7.361218           -62.486435          173.77              2008/6/1          2008/10/31        3                   1815.926933         0.00100             4806                4.93                2.62                6.90                2.63                F 
13                  130353                          -1.370920           -59.989553          0                   2008/1/1          2008/2/29         1                   911.306879          0.00100             903                 6.40                2.64                6.94                2.63                F 
14                  110070                          -10.484934          -63.799716          0                   2008/7/1          2008/12/31        1                   836.876373          0.00100             866                 6.32                2.64                6.94                2.63                F 
15                  510325                          -9.292441           -60.304194          0                   2008/6/1          2008/11/30        1                   669.689022          0.00100             1422                5.21                2.64                6.95                2.64                F 
16                  130200                          -2.497237           -58.613268          62.57               2008/7/1          2008/9/30         3                   640.129578          0.00100             854                 5.88                2.64                6.95                2.64                F 
17                  130060                          -5.426669           -70.276117          165.13              2008/5/1          2008/6/30         3                   519.830403          0.00100             2058                4.52                2.64                6.95                2.64                F 
18                  130320                          -2.048246           -61.703420          116.50              2008/7/1          2008/8/31         2                   369.681406          0.00100             614                 5.55                2.65                6.96                2.64                F 
19                  110026                          -9.645212           -62.790074          0                   2008/10/1         2008/12/31        1                   232.125258          0.00100             166                 7.07                2.65                6.97                2.64                F 
20                  130100                          -5.118516           -67.337472          212.57              2008/7/1          2008/8/31         5                   213.085129          0.00100             3507                3.57                2.64                6.97                2.64                F 
21                  130356                          -2.529823           -59.638380          0                   2008/1/1          2008/2/29         1                   55.137043           0.00100             413                 4.02                2.65                6.97                2.64                F 
22                  150503                          -8.062277           -55.612026          0                   2008/1/1          2008/2/29         1                   33.387992           0.00300             330                 3.84                2.65                6.98                2.64                F 
23                  110012                          -10.462221          -61.757253          81.66               2008/2/1          2008/3/31         8                   31.128610           0.00300             98                  4.76                2.65                6.98                2.64                F 
24                  130185                          -3.095219           -60.479687          0                   2008/8/1          2008/9/30         1                   23.086383           0.0200              739                 3.31                2.65                6.98                2.64                F 
25                  130240                          -8.375601           -65.811663          0                   2008/6/1          2008/9/30         1                   15.802011           0.234               1425                3.05                2.65                6.98                2.64                F 
