22.966367           
22.966367           
12.279235           
17.927634           
22.966367           
12.649510           
11.342750           
22.966367           
12.703863           
33.155346           
20.926682           
23.028762           
25.069593           
12.314454           
16.434107           
22.966367           
13.658504           
14.518221           
11.139254           
22.966367           
15.049052           
16.874700           
13.901964           
12.021309           
22.966367           
22.966367           
15.725704           
19.316953           
22.966367           
14.863322           
22.966367           
22.966367           
11.338020           
11.139254           
16.817616           
22.966367           
14.852458           
12.113248           
22.966367           
22.966367           
22.966367           
22.966367           
17.035746           
22.966367           
22.966367           
22.966367           
13.514178           
14.206070           
12.021309           
13.608968           
15.826570           
15.079910           
22.966367           
22.966367           
22.966367           
12.934015           
22.966367           
14.273184           
17.467022           
22.966367           
22.966367           
22.966367           
12.418111           
22.966367           
14.483424           
22.966367           
22.966367           
15.916331           
15.809781           
22.966367           
19.859077           
11.139254           
22.279111           
14.342144           
24.783353           
11.139254           
22.966367           
22.966367           
22.966367           
22.966367           
11.171041           
25.111917           
22.966367           
16.741413           
33.048615           
11.139254           
22.966367           
22.966367           
22.966367           
22.966367           
14.414740           
17.874669           
17.705200           
22.966367           
11.834659           
22.966367           
22.966367           
11.526069           
11.226980           
22.966367           
33.048615           
11.139254           
22.966367           
19.889094           
16.280567           
22.966367           
22.966367           
12.999156           
11.139254           
22.966367           
22.966367           
19.596375           
11.139254           
27.730311           
13.886082           
22.966367           
22.966367           
22.966367           
17.169940           
11.671844           
11.139254           
15.293831           
16.471197           
22.966367           
23.441739           
11.139254           
24.536818           
12.821315           
22.966367           
22.966367           
11.397728           
22.966367           
12.593111           
13.781634           
13.515708           
24.783353           
22.966367           
22.966367           
22.966367           
16.239215           
14.956216           
15.826570           
22.966367           
22.966367           
22.966367           
15.406798           
16.396885           
26.410908           
13.067893           
12.139448           
16.292118           
22.966367           
22.966367           
22.966367           
28.261062           
18.673326           
14.840068           
14.979483           
14.925575           
11.139254           
16.507949           
9.163444            
16.485425           
27.454732           
22.966367           
13.482151           
22.966367           
13.888577           
22.966367           
11.736469           
23.441739           
22.966367           
22.966367           
13.381569           
11.139254           
22.966367           
28.792028           
17.641197           
17.467022           
22.966367           
27.566861           
13.107971           
22.966367           
22.966367           
22.966367           
19.736589           
22.966367           
22.966367           
22.966367           
22.966367           
22.966367           
45.935188           
12.701014           
13.026047           
22.966367           
11.755115           
11.139254           
11.139254           
12.329969           
14.200550           
22.966367           
9.627475            
22.966367           
22.966367           
13.427423           
22.966367           
16.100462           
22.966367           
22.966367           
11.958771           
9.313896            
22.966367           
19.278388           
13.535736           
16.508860           
22.966367           
10.782743           
11.139254           
16.034678           
13.886082           
11.139254           
15.566898           
11.434428           
11.139254           
14.958464           
14.811481           
26.178125           
21.070647           
22.966367           
17.459742           
22.966367           
28.587566           
21.360477           
11.139254           
22.966367           
22.966367           
22.966367           
22.966367           
12.201187           
22.966367           
22.966367           
11.139254           
15.794288           
12.099243           
13.307313           
12.825519           
22.966367           
22.966367           
27.123840           
31.588026           
19.619573           
17.307318           
20.612364           
29.783510           
24.783353           
14.034369           
11.139254           
22.966367           
22.966367           
22.966367           
22.966367           
18.022041           
22.966367           
13.345647           
12.792252           
17.670717           
26.178125           
18.034470           
22.966367           
19.493456           
22.966367           
22.966367           
22.966367           
22.966367           
12.743108           
22.966367           
22.966367           
22.966367           
22.966367           
22.966367           
13.260337           
22.966367           
11.212030           
22.966367           
15.170375           
11.650688           
13.800598           
22.966367           
14.097161           
11.139254           
15.321544           
12.613711           
22.966367           
22.966367           
22.966367           
15.777389           
11.532174           
22.966367           
22.966367           
12.355521           
13.879874           
11.139254           
12.103726           
22.966367           
22.966367           
13.434615           
22.966367           
12.313591           
11.213298           
22.966367           
22.966367           
11.139254           
15.826570           
16.393858           
14.994685           
22.966367           
11.371121           
11.288874           
13.862322           
22.966367           
18.966872           
22.966367           
14.233937           
22.966367           
16.131837           
29.612289           
22.966367           
13.695778           
22.966367           
19.474667           
22.966367           
22.966367           
13.619133           
11.580342           
20.212697           
12.939285           
11.139254           
14.278195           
11.139254           
15.599314           
22.966367           
15.179287           
12.255492           
14.538814           
15.599314           
22.966367           
22.966367           
10.716874           
17.308595           
22.966367           
14.734687           
12.477595           
28.024611           
22.966367           
17.478845           
24.536818           
11.139254           
16.143541           
18.302056           
15.599314           
16.960793           
22.966367           
14.987540           
12.072471           
22.966367           
16.183678           
22.966367           
22.966367           
13.818283           
15.732621           
11.952429           
22.966367           
22.966367           
22.966367           
22.966367           
22.966367           
22.966367           
22.966367           
13.686232           
10.148677           
22.610863           
17.567062           
22.966367           
12.397494           
12.936052           
23.441739           
14.296537           
12.037616           
22.966367           
12.035265           
21.509587           
22.966367           
33.048615           
45.935188           
15.245949           
16.520643           
14.256389           
22.966367           
13.305699           
11.988037           
22.966367           
15.218609           
22.966367           
22.966367           
11.897407           
22.966367           
22.966367           
22.966367           
22.966367           
22.966367           
22.966367           
15.050452           
23.441739           
11.139254           
29.109154           
14.975454           
11.237880           
13.192205           
15.740584           
22.966367           
36.182765           
19.714956           
16.718637           
14.538814           
15.440334           
22.966367           
22.966367           
12.412683           
22.966367           
22.966367           
22.966367           
15.245538           
21.366173           
20.131880           
13.305699           
13.442767           
12.229973           
15.636609           
11.942740           
22.966367           
14.538814           
22.966367           
11.492738           
22.966367           
22.966367           
11.634547           
11.139254           
22.966367           
22.966367           
29.097578           
15.959914           
22.279111           
11.139254           
22.966367           
12.002782           
22.966367           
22.966367           
22.966367           
17.134831           
20.188671           
24.783353           
22.966367           
15.406105           
22.966367           
22.966367           
22.966367           
22.966367           
23.441739           
10.899468           
9.944971            
22.966367           
13.711009           
11.139254           
10.014522           
22.966367           
22.966367           
11.139254           
13.995345           
11.672480           
11.637799           
11.139254           
18.223992           
22.966367           
17.910937           
16.937740           
15.504839           
22.966367           
17.344671           
22.966367           
22.966367           
24.783353           
22.966367           
22.966367           
22.966367           
15.486284           
22.966367           
14.848430           
11.139254           
19.390270           
17.144394           
11.535672           
22.966367           
12.674103           
15.016437           
22.966367           
12.595492           
12.212629           
18.325141           
18.466846           
22.966367           
18.092110           
22.966367           
15.470309           
22.966367           
24.429802           
22.966367           
11.358374           
22.966367           
33.048615           
22.966367           
13.239791           
22.966367           
18.436054           
22.966367           
12.865248           
31.008168           
11.619340           
22.966367           
11.278147           
12.639734           
16.614872           
22.966367           
15.215199           
22.966367           
11.052911           
22.966367           
22.966367           
19.062936           
11.226980           
11.154411           
11.231552           
22.966367           
22.966367           
13.392295           
22.966367           
14.577049           
11.139254           
25.709647           
17.606073           
22.966367           
17.927634           
16.417990           
10.529610           
22.966367           
11.139254           
25.623835           
22.966367           
13.258687           
11.827276           
18.186765           
22.966367           
22.966367           
22.966367           
22.966367           
22.966367           
12.386584           
15.685056           
12.673004           
22.966367           
22.966367           
22.966367           
22.966367           
22.966367           
26.585730           
26.178125           
22.966367           
22.966367           
9.045910            
11.524278           
22.966367           
22.966367           
19.999960           
22.966367           
26.583643           
13.305699           
22.966367           
28.024611           
21.018290           
17.834794           
17.467022           
14.007573           
12.422401           
22.966367           
22.966367           
13.330543           
14.809421           
22.966367           
22.966367           
22.966367           
11.993872           
12.961852           
18.151484           
15.455975           
22.966367           
22.966367           
18.545564           
10.173174           
33.048615           
22.966367           
33.048615           
23.441739           
28.024611           
22.966367           
13.996206           
11.895074           
22.966367           
16.614872           
22.966367           
22.966367           
22.966367           
11.831762           
22.966367           
22.966367           
10.757494           
22.966367           
14.767509           
22.966367           
11.849607           
22.966367           
12.409690           
22.966367           
9.913309            
16.079267           
22.966367           
22.966367           
12.914513           
11.139254           
11.139254           
18.949419           
22.966367           
11.343877           
22.966367           
22.966367           
16.321261           
22.966367           
24.961340           
19.440893           
29.911525           
13.315269           
11.458414           
22.966367           
11.940181           
9.190770            
12.602606           
23.540021           
11.139254           
25.285776           
16.009503           
22.966367           
11.139254           
13.161628           
22.966367           
27.123840           
19.474667           
22.966367           
22.966367           
14.366691           
22.966367           
22.966367           
11.607739           
15.382169           
22.966367           
31.529858           
19.767974           
22.966367           
11.139254           
22.966367           
13.632251           
13.026047           
22.966367           
22.966367           
12.072471           
22.966367           
22.279111           
22.145454           
11.557493           
23.760595           
17.048849           
22.966367           
11.835784           
22.966367           
22.966367           
11.630171           
19.333811           
22.966367           
23.441739           
11.240551           
12.717351           
14.453576           
22.897425           
12.021309           
22.966367           
25.069593           
15.309016           
17.308024           
14.682054           
13.521891           
22.966367           
22.966367           
23.441739           
12.088983           
15.826570           
14.797317           
17.971847           
22.966367           
29.935074           
23.441739           
16.787184           
15.302429           
17.382097           
22.966367           
22.966367           
11.408138           
24.903748           
11.434610           
15.989872           
13.313834           
22.966367           
16.268581           
9.663552            
15.457131           
22.966367           
12.409690           
16.709786           
22.966367           
25.959791           
18.042773           
11.139254           
22.966367           
27.697107           
14.430283           
14.640428           
9.025094            
22.966367           
22.966367           
22.966367           
29.983255           
11.139254           
11.139254           
14.420228           
25.069593           
14.801445           
12.384087           
18.342575           
22.966367           
24.506103           
22.966367           
14.857575           
22.985192           
22.966367           
22.966367           
12.437731           
11.901219           
13.464837           
13.123753           
10.142883           
17.467022           
12.287844           
22.966367           
14.679172           
24.783353           
29.838425           
12.914499           
11.905349           
22.966367           
11.598760           
11.139254           
22.966367           
15.421430           
9.370581            
10.544660           
14.324517           
22.966367           
18.645391           
22.966367           
22.472251           
22.966367           
22.966367           
18.994823           
22.021985           
23.765141           
16.022466           
22.966367           
22.966367           
10.857892           
22.966367           
12.254207           
22.966367           
22.966367           
15.826570           
22.966367           
11.816780           
22.966367           
22.966367           
25.248210           
27.697107           
22.966367           
14.039549           
12.248347           
17.479723           
12.993478           
11.599861           
16.066560           
22.966367           
25.069593           
18.850280           
22.966367           
13.521891           
18.545564           
13.218275           
12.935320           
11.139254           
22.966367           
22.966367           
22.966367           
17.238077           
22.966367           
14.190710           
22.966367           
18.297225           
22.966367           
14.900290           
14.962009           
15.768699           
22.966367           
10.167630           
25.069593           
22.966367           
12.747188           
15.004508           
9.982765            
22.966367           
11.590536           
22.966367           
11.139254           
22.966367           
22.966367           
22.966367           
13.354880           
11.321548           
11.139254           
15.880570           
11.139254           
12.336732           
22.966367           
22.966367           
22.966367           
18.545564           
12.567662           
18.796974           
13.090914           
19.766884           
22.966367           
11.226980           
12.557441           
13.623816           
22.966367           
15.021360           
14.562879           
17.467022           
12.442984           
22.966367           
22.966367           
10.899918           
12.320077           
22.966367           
16.596429           
12.825996           
14.241676           
15.159234           
22.966367           
16.280567           
22.966367           
23.750262           
14.278821           
28.587566           
12.789393           
15.160450           
11.772053           
22.966367           
22.966367           
19.736589           
22.966367           
22.966367           
22.966367           
23.822799           
22.966367           
16.079267           
11.973133           
22.966367           
22.966367           
15.169881           
11.325007           
14.800858           
8.397370            
11.226980           
16.910399           
22.966367           
11.226980           
22.966367           
14.889715           
22.966367           
22.966367           
12.533090           
13.521572           
22.966367           
22.966367           
16.274035           
22.966367           
22.966367           
11.147090           
18.268295           
12.542283           
11.473922           
14.801192           
22.966367           
11.139254           
22.279111           
22.966367           
13.782864           
15.610189           
22.966367           
26.417686           
15.075609           
29.496110           
22.463292           
17.123263           
16.502443           
22.966367           
22.966367           
22.966367           
15.496947           
13.920676           
22.966367           
18.645391           
23.441739           
12.382794           
17.927634           
22.966367           
14.110840           
13.774585           
13.989891           
13.099906           
27.138574           
14.804275           
12.493174           
16.743790           
22.966367           
19.474667           
17.553364           
17.467022           
14.926270           
9.917103            
14.994685           
22.966367           
11.895074           
22.966367           
13.688833           
12.585188           
22.966367           
15.395944           
24.895179           
22.966367           
14.001076           
11.139254           
22.966367           
13.905493           
14.131136           
11.822672           
11.831782           
11.256196           
22.966367           
13.106661           
22.966367           
13.521891           
22.966367           
15.002339           
22.966367           
22.966367           
12.600243           
14.538814           
12.628932           
12.931347           
22.966367           
14.486031           
22.966367           
13.071544           
22.966367           
13.521891           
