23.090081           
35.405895           
23.090081           
23.090081           
23.090081           
21.326174           
23.090081           
26.959426           
23.090081           
23.090081           
23.090081           
15.810318           
23.260666           
23.090081           
23.090081           
27.937327           
23.090081           
23.870727           
13.830137           
23.090081           
18.936102           
16.583113           
23.090081           
27.459118           
19.843295           
23.090081           
23.090081           
29.335438           
26.033096           
14.106954           
23.090081           
23.090081           
21.641719           
22.497855           
23.090081           
23.090081           
23.090081           
23.090081           
23.090081           
19.426903           
23.090081           
23.090081           
18.335539           
23.090081           
23.090081           
28.030640           
23.090081           
35.937681           
23.090081           
30.231785           
36.648023           
23.090081           
23.090081           
34.415659           
23.090081           
14.106954           
25.568851           
23.090081           
23.090081           
23.090081           
23.090081           
19.865623           
23.090081           
23.090081           
25.395212           
14.106954           
23.090081           
25.999037           
14.774839           
23.090081           
30.968271           
23.090081           
14.106954           
16.151665           
23.090081           
14.106954           
33.583172           
29.247952           
23.090081           
14.106954           
23.090081           
14.106954           
22.343690           
21.283769           
15.104291           
23.090081           
24.104888           
20.092789           
23.090081           
23.090081           
30.231785           
23.090081           
23.090081           
30.675134           
31.553950           
27.661179           
23.869995           
11.617283           
23.090081           
11.969228           
25.999037           
23.090081           
23.813444           
25.999037           
43.349985           
25.999037           
23.090081           
23.090081           
24.353517           
18.211876           
23.090081           
29.079917           
23.954530           
23.090081           
23.090081           
23.090081           
23.090081           
14.106954           
15.735131           
27.937327           
23.090081           
23.090081           
23.090081           
32.499286           
23.090081           
23.090081           
23.090081           
23.090081           
28.122074           
23.090081           
23.090081           
23.090081           
26.033096           
17.809585           
19.572536           
23.090081           
23.090081           
23.090081           
29.335438           
26.136929           
30.838429           
23.090081           
23.090081           
23.090081           
23.090081           
18.983043           
13.072976           
23.090081           
23.090081           
23.090081           
23.090081           
28.122188           
33.266140           
14.106954           
23.090081           
29.062188           
23.090081           
22.046070           
18.924012           
29.908778           
23.090081           
23.090081           
14.036442           
25.062469           
23.090081           
23.090081           
23.090081           
14.106954           
23.090081           
15.170129           
23.090081           
23.090081           
23.090081           
23.090081           
23.090081           
23.090081           
23.090081           
23.090081           
14.106954           
26.959426           
23.090081           
23.090081           
23.090081           
23.090081           
23.090081           
19.933937           
23.090081           
26.959426           
46.182615           
23.090081           
25.496086           
29.908778           
23.090081           
23.090081           
13.830137           
23.090081           
23.090081           
19.012830           
30.968271           
23.090081           
29.335438           
23.090081           
19.007562           
26.556637           
23.090081           
23.090081           
29.908778           
29.224981           
23.090081           
29.335438           
23.090081           
23.090081           
17.290084           
23.090081           
23.090081           
23.090081           
13.830137           
15.810952           
23.090081           
23.090081           
13.922312           
14.093014           
26.286661           
23.090081           
23.090081           
23.090081           
13.416792           
23.090081           
23.090081           
23.090081           
30.231785           
23.090081           
23.090081           
22.553372           
23.090081           
23.090081           
18.395999           
23.090081           
14.106954           
25.999037           
14.562000           
31.553950           
23.090081           
23.439075           
15.579049           
23.090081           
25.381239           
23.090081           
17.984193           
23.090081           
15.754128           
11.404568           
23.090081           
23.090081           
14.481979           
26.959426           
29.908778           
18.923336           
23.465960           
23.090081           
23.090081           
23.090081           
23.090081           
23.090081           
23.090081           
23.090081           
23.090081           
23.090081           
23.090081           
23.090081           
30.231785           
18.529137           
36.716568           
30.231785           
21.392281           
29.164770           
12.388657           
23.090081           
23.090081           
24.169731           
23.090081           
14.649757           
23.090081           
23.513951           
13.730174           
23.090081           
23.090081           
16.601205           
23.090081           
23.090081           
23.090081           
27.569434           
19.164696           
16.214810           
23.090081           
23.090081           
23.090081           
24.186554           
23.090081           
23.090081           
23.090081           
23.090081           
23.090081           
23.090081           
23.090081           
23.090081           
23.090081           
23.090081           
24.237042           
16.239213           
23.090081           
23.090081           
15.841270           
15.763498           
29.335438           
23.090081           
23.090081           
24.762105           
15.501264           
23.090081           
23.090081           
16.531372           
23.090081           
23.090081           
13.669449           
42.204994           
23.090081           
23.090081           
23.090081           
14.106954           
23.090081           
19.575486           
20.067553           
23.090081           
23.090081           
23.513951           
19.080876           
23.090081           
23.090081           
23.090081           
34.273104           
24.524696           
19.981399           
18.955416           
23.090081           
15.502289           
23.090081           
18.203704           
18.728673           
23.690637           
14.964922           
23.090081           
23.090081           
23.090081           
23.090081           
23.090081           
14.904705           
26.055737           
23.099687           
23.090081           
23.090081           
23.090081           
23.090081           
26.670338           
23.090081           
23.090081           
21.562474           
23.090081           
23.768608           
23.090081           
23.090081           
14.106954           
23.090081           
23.090081           
23.090081           
17.657407           
16.964919           
23.090081           
15.635175           
15.628552           
23.090081           
26.033096           
23.090081           
27.459118           
23.090081           
23.090081           
24.543565           
23.090081           
17.696198           
23.090081           
23.090081           
25.999037           
23.090081           
23.090081           
30.231785           
18.015796           
35.690605           
23.090081           
18.601956           
23.090081           
21.637759           
23.090081           
28.214847           
23.090081           
22.622985           
23.090081           
23.090081           
23.090081           
23.090081           
23.186851           
12.575752           
14.106954           
23.090081           
16.931648           
31.553950           
12.575735           
23.090081           
23.090081           
19.254593           
17.220370           
22.096807           
24.769310           
23.090081           
23.090081           
15.749500           
23.090081           
23.090081           
23.090081           
23.090081           
23.090081           
23.090081           
23.090081           
23.090081           
17.589399           
23.090081           
23.090081           
30.968271           
23.090081           
23.090081           
23.090081           
23.090081           
23.090081           
23.090081           
23.090081           
23.090081           
26.256417           
23.090081           
36.648023           
20.336138           
23.090081           
20.700008           
23.090081           
23.090081           
23.090081           
23.090081           
23.090081           
23.090081           
23.090081           
29.335438           
23.090081           
29.335438           
23.090081           
23.090081           
23.017476           
23.232633           
30.231785           
23.090081           
18.652255           
23.090081           
36.625917           
24.869526           
23.090081           
14.106954           
15.783761           
23.090081           
23.090081           
18.729793           
20.023875           
30.231785           
23.090081           
23.090081           
16.591141           
23.090081           
23.090081           
23.090081           
23.090081           
23.090081           
18.652255           
23.090081           
23.090081           
23.090081           
23.090081           
23.090081           
23.090081           
27.569434           
31.127371           
23.090081           
23.090081           
23.090081           
23.090081           
13.830137           
23.090081           
23.090081           
19.681671           
23.062405           
23.090081           
23.768608           
19.307707           
23.090081           
23.090081           
23.090081           
21.912364           
21.367583           
22.189064           
23.171284           
23.090081           
23.090081           
23.090081           
23.090081           
17.885008           
34.247401           
23.090081           
20.628405           
28.122188           
23.090081           
23.090081           
23.090081           
23.090081           
23.090081           
19.371101           
34.155307           
23.090081           
23.090081           
26.959426           
30.231785           
18.215430           
23.090081           
23.090081           
23.090081           
23.090081           
23.090081           
24.835804           
27.569434           
23.090081           
23.090081           
23.090081           
23.090081           
25.089939           
23.090081           
23.090081           
23.090081           
23.090081           
16.099435           
19.784060           
23.090081           
23.090081           
23.090081           
23.090081           
16.274621           
23.090081           
23.090081           
23.090081           
23.090081           
23.090081           
19.273005           
23.090081           
13.927431           
23.090081           
15.293866           
17.810224           
23.090081           
24.051209           
23.171284           
31.553950           
24.400021           
23.090081           
23.090081           
23.090081           
12.029035           
14.106954           
16.067350           
23.090081           
23.090081           
16.969796           
18.431357           
23.090081           
23.090081           
23.090081           
33.265197           
16.820580           
14.106954           
23.090081           
21.945294           
23.090081           
28.122188           
23.090081           
23.090081           
16.744235           
15.603462           
23.090081           
34.155307           
23.171284           
14.949608           
23.090081           
23.090081           
20.897726           
16.583113           
14.367609           
23.090081           
23.090081           
14.106954           
23.090081           
23.090081           
18.483029           
12.672313           
14.106954           
23.090081           
23.090081           
23.090081           
24.197552           
18.358442           
19.533593           
23.090081           
14.106954           
15.834734           
23.090081           
23.090081           
16.691106           
27.100908           
23.090081           
23.090081           
23.090081           
23.090081           
23.090081           
24.895168           
14.106954           
23.090081           
23.090081           
23.090081           
18.317072           
23.090081           
13.830137           
15.544237           
23.090081           
23.090081           
23.090081           
18.661633           
23.090081           
23.090081           
32.604519           
19.485815           
23.090081           
21.352754           
15.175205           
23.090081           
23.090081           
23.090081           
23.090081           
23.090081           
15.518507           
23.090081           
14.106954           
24.104888           
23.090081           
22.096807           
14.369324           
23.090081           
23.090081           
23.090081           
12.836969           
26.033096           
17.648147           
14.266867           
23.090081           
23.090081           
23.090081           
23.090081           
23.260666           
31.076325           
30.231785           
20.675632           
23.090081           
23.260666           
23.090081           
23.090081           
23.090081           
23.090081           
23.090081           
18.664954           
23.090081           
30.231785           
36.648023           
17.114619           
23.090081           
23.090081           
13.830137           
15.314157           
20.341646           
29.335438           
34.247442           
23.090081           
36.648023           
23.090081           
23.090081           
15.012910           
23.454092           
14.954401           
23.090081           
36.648023           
14.680353           
25.868488           
23.090081           
23.090081           
23.090081           
23.090081           
16.918378           
16.110795           
32.101481           
14.484052           
19.572536           
23.090081           
23.090081           
23.090081           
20.673983           
23.090081           
23.090081           
15.813236           
23.090081           
29.908778           
13.830137           
28.328886           
23.090081           
23.819680           
17.080088           
23.090081           
23.090081           
23.090081           
33.114192           
25.062469           
23.513951           
23.090081           
23.090081           
19.252094           
23.090081           
17.326576           
23.090081           
13.557895           
23.090081           
23.090081           
23.090081           
14.106954           
23.090081           
34.155307           
23.090081           
23.090081           
23.090081           
30.709649           
23.090081           
23.090081           
23.310916           
23.090081           
23.090081           
25.999037           
23.090081           
14.106954           
23.090081           
23.090081           
23.090081           
29.335438           
23.090081           
23.090081           
23.090081           
23.090081           
24.390271           
26.519106           
23.090081           
23.090081           
35.463245           
14.106954           
23.544777           
23.090081           
24.959639           
20.803261           
23.090081           
23.090081           
23.090081           
23.090081           
23.090081           
23.090081           
21.182320           
23.090081           
23.090081           
23.090081           
23.090081           
23.796945           
16.578665           
23.090081           
19.228923           
22.862644           
27.937327           
23.090081           
23.090081           
23.090081           
23.090081           
23.090081           
23.090081           
30.808792           
23.090081           
23.090081           
17.371921           
18.452209           
16.800463           
28.122188           
22.219883           
23.090081           
23.090081           
25.820162           
15.608414           
23.090081           
14.708647           
23.090081           
20.064208           
23.090081           
47.873640           
22.096807           
23.090081           
23.090081           
23.090081           
23.090081           
23.090081           
24.347670           
23.090081           
20.941815           
26.959426           
23.090081           
29.449765           
23.090081           
23.090081           
23.090081           
23.090081           
24.931343           
18.807849           
25.999037           
23.090081           
26.033096           
17.740887           
23.090081           
23.090081           
23.090081           
23.090081           
23.090081           
23.090081           
23.090081           
23.090081           
14.522853           
14.652269           
13.830137           
23.090081           
25.398144           
23.090081           
23.090081           
15.417868           
23.090081           
25.062469           
17.366037           
23.090081           
21.137559           
23.617815           
21.283769           
23.090081           
23.090081           
19.551955           
23.090081           
23.090081           
14.106954           
36.371615           
23.090081           
23.333897           
19.572536           
18.663580           
30.257420           
30.968271           
23.090081           
23.090081           
46.182615           
23.560761           
23.090081           
23.090081           
23.090081           
16.045389           
27.937327           
23.090081           
23.513951           
23.197929           
23.090081           
23.090081           
26.959426           
23.171284           
29.908778           
23.090081           
23.090081           
23.090081           
23.062405           
14.106954           
23.090081           
23.090081           
23.090081           
23.090081           
23.090081           
23.513951           
27.569434           
23.090081           
25.012610           
20.545841           
23.090081           
26.519106           
23.090081           
23.090081           
16.874988           
23.090081           
23.090081           
34.472220           
11.969228           
25.999037           
23.090081           
14.880205           
18.936102           
23.090081           
16.603567           
17.101910           
23.090081           
19.767936           
16.295180           
23.090081           
23.090081           
23.090081           
23.090081           
14.829239           
23.090081           
23.090081           
18.796015           
28.091046           
18.999945           
23.090081           
23.090081           
23.090081           
23.090081           
15.386456           
15.394241           
28.186577           
24.104888           
13.873229           
11.969228           
23.090081           
27.569434           
21.875733           
23.568817           
34.294439           
21.848526           
30.231785           
15.449362           
24.566193           
23.090081           
23.090081           
23.090081           
36.428583           
20.174279           
23.090081           
23.090081           
14.106954           
23.090081           
24.867108           
23.090081           
23.090081           
23.090081           
23.090081           
27.018994           
23.090081           
18.789697           
23.090081           
15.033231           
23.090081           
23.090081           
29.908778           
19.221139           
20.215589           
13.830137           
23.090081           
23.090081           
23.090081           
13.830137           
29.288519           
23.090081           
23.090081           
32.487698           
23.090081           
23.090081           
23.090081           
21.583583           
