130002                          1                   0.00100             2519                13.63               2.56                2519                13.63               -3.694685           -65.324447          F 
120033                          2                   0.00100             7083                7.24                2.55                2638                4.55                -7.504430           -73.439094          F 
120042                          2                   0.00100             7083                7.24                2.55                1955                8.16                -7.843835           -73.223448          F 
130165                          2                   0.00100             7083                7.24                2.55                2490                9.35                -7.229781           -72.844588          F 
150070                          3                   0.00100             6059                7.09                2.56                6059                7.09                -0.827133           -49.961391          F 
110080                          4                   0.00100             2578                8.54                2.60                2578                8.54                -8.886994           -63.325621          F 
130110                          5                   0.00100             3686                6.58                2.61                2098                6.82                -3.770484           -60.183273          F 
130255                          5                   0.00100             3686                6.58                2.61                72                  1.55                -3.779051           -60.697266          F 
130030                          5                   0.00100             3686                6.58                2.61                1516                6.49                -3.787231           -59.525534          F 
140030                          6                   0.00100             1798                8.18                2.62                169                 6.13                2.510971            -61.996789          F 
140028                          6                   0.00100             1798                8.18                2.62                359                 11.97               2.181808            -62.401659          F 
140005                          6                   0.00100             1798                8.18                2.62                115                 0.85                3.072100            -62.742368          F 
140002                          6                   0.00100             1798                8.18                2.62                110                 1.16                3.732902            -62.437022          F 
140010                          6                   0.00100             1798                8.18                2.62                179                 0.97                3.117915            -60.717953          F 
140017                          6                   0.00100             1798                8.18                2.62                866                 10.37               2.272837            -60.542285          F 
150345                          7                   0.00100             2027                7.60                2.62                2027                7.60                -2.805778           -47.921546          F 
150120                          8                   0.00100             3216                6.16                2.62                133                 2.26                -3.129827           -49.698980          F 
150460                          8                   0.00100             3216                6.16                2.62                0                   n/a                 -2.576689           -49.466382          F 
150178                          8                   0.00100             3216                6.16                2.62                177                 1.30                -3.733484           -49.371220          F 
150810                          8                   0.00100             3216                6.16                2.62                319                 2.35                -3.856279           -49.821134          F 
150470                          8                   0.00100             3216                6.16                2.62                109                 0.86                -2.683911           -49.074042          F 
150520                          8                   0.00100             3216                6.16                2.62                1                   0                   -2.278919           -49.902330          F 
150210                          8                   0.00100             3216                6.16                2.62                0                   n/a                 -2.253062           -49.513572          F 
150110                          8                   0.00100             3216                6.16                2.62                1                   0.051               -2.373143           -50.181767          F 
150795                          8                   0.00100             3216                6.16                2.62                23                  0.89                -2.907819           -48.736701          F 
150548                          8                   0.00100             3216                6.16                2.62                1549                7.24                -3.684126           -50.631681          F 
150309                          8                   0.00100             3216                6.16                2.62                904                 7.96                -4.027193           -49.005718          F 
160015                          9                   0.00100             2656                6.35                2.62                555                 5.26                1.157614            -52.519564          F 
160005                          9                   0.00100             2656                6.35                2.62                216                 5.91                1.651748            -52.268139          F 
160027                          9                   0.00100             2656                6.35                2.62                93                  1.14                1.101364            -53.310546          F 
160053                          9                   0.00100             2656                6.35                2.62                1379                6.57                0.585628            -51.669983          F 
160023                          9                   0.00100             2656                6.35                2.62                413                 8.48                0.957104            -51.417351          F 
120060                          10                  0.00100             2049                6.67                2.63                453                 2.59                -8.239466           -71.444992          F 
120030                          10                  0.00100             2049                6.67                2.63                2                   0.016               -8.924432           -70.744771          F 
130180                          10                  0.00100             2049                6.67                2.63                1594                7.84                -7.180512           -71.412867          F 
120020                          11                  0.00100             8079                4.45                2.61                8079                4.45                -7.971860           -72.754808          F 
130170                          12                  0.00100             4806                4.93                2.62                1797                3.97                -7.361218           -62.486435          F 
130270                          12                  0.00100             4806                4.93                2.62                2213                4.29                -6.459960           -61.446773          F 
130090                          12                  0.00100             4806                4.93                2.62                796                 8.85                -7.300758           -64.061903          F 
130353                          13                  0.00100             903                 6.40                2.64                903                 6.40                -1.370920           -59.989553          F 
110070                          14                  0.00100             866                 6.32                2.64                866                 6.32                -10.484934          -63.799716          F 
510325                          15                  0.00100             1422                5.21                2.64                1422                5.21                -9.292441           -60.304194          F 
130200                          16                  0.00100             854                 5.88                2.64                137                 2.83                -2.497237           -58.613268          F 
130400                          16                  0.00100             854                 5.88                2.64                366                 7.32                -2.820549           -58.537087          F 
130395                          16                  0.00100             854                 5.88                2.64                351                 5.57                -1.941762           -58.705261          F 
130060                          17                  0.00100             2058                4.52                2.64                117                 2.32                -5.426669           -70.276117          F 
130390                          17                  0.00100             2058                4.52                2.64                610                 0.32                -4.501436           -69.451119          F 
130020                          17                  0.00100             2058                4.52                2.64                1331                6.65                -5.711904           -71.741371          F 
130320                          18                  0.00100             614                 5.55                2.65                258                 4.79                -2.048246           -61.703420          F 
130083                          18                  0.00100             614                 5.55                2.65                356                 6.10                -3.082019           -61.877758          F 
110026                          19                  0.00100             166                 7.07                2.65                166                 7.07                -9.645212           -62.790074          F 
130100                          20                  0.00100             3507                3.57                2.64                134                 0.35                -5.118516           -67.337472          F 
130230                          20                  0.00100             3507                3.57                2.64                304                 0.88                -4.715291           -68.406304          F 
130195                          20                  0.00100             3507                3.57                2.64                7                   0.19                -6.682822           -68.112841          F 
130220                          20                  0.00100             3507                3.57                2.64                222                 2.08                -3.524464           -66.307799          F 
130420                          20                  0.00100             3507                3.57                2.64                2840                4.13                -4.470111           -65.531536          F 
130356                          21                  0.00100             413                 4.02                2.65                413                 4.02                -2.529823           -59.638380          F 
150503                          22                  0.00300             330                 3.84                2.65                330                 3.84                -8.062277           -55.612026          F 
110012                          23                  0.00300             98                  4.76                2.65                11                  0.76                -10.462221          -61.757253          F 
110180                          23                  0.00300             98                  4.76                2.65                0                   n/a                 -10.384257          -62.094047          F 
110015                          23                  0.00300             98                  4.76                2.65                3                   0.35                -10.610553          -62.172532          F 
110160                          23                  0.00300             98                  4.76                2.65                28                  0.98                -10.121769          -62.342505          F 
110155                          23                  0.00300             98                  4.76                2.65                0                   n/a                 -10.943453          -62.279772          F 
110025                          23                  0.00300             98                  4.76                2.65                5                   0.31                -11.166274          -61.877953          F 
110120                          23                  0.00300             98                  4.76                2.65                0                   n/a                 -11.160294          -61.568969          F 
510757                          23                  0.00300             98                  4.76                2.65                51                  8.39                -10.463060          -61.009966          F 
130185                          24                  0.0200              739                 3.31                2.65                739                 3.31                -3.095219           -60.479687          F 
130240                          25                  0.234               1425                3.05                2.65                1425                3.05                -8.375601           -65.811663          F 
