24.651336           
21.674162           
21.674162           
21.674162           
21.674162           
21.674162           
26.521303           
22.760883           
21.674162           
34.171548           
33.138504           
22.760883           
30.353859           
30.353859           
34.868772           
21.674162           
21.674162           
28.465720           
21.674162           
21.674162           
21.674162           
9.833617            
21.674162           
21.674162           
22.436797           
21.674162           
21.674162           
21.674162           
21.674162           
11.949594           
21.547904           
21.674162           
21.674162           
21.674162           
23.514015           
21.674162           
21.674162           
21.674162           
21.674162           
34.274450           
16.252393           
21.674162           
21.674162           
21.674162           
21.674162           
21.674162           
25.022201           
21.674162           
28.862194           
21.674162           
20.038769           
21.674162           
21.674162           
21.674162           
21.830093           
21.674162           
21.674162           
21.674162           
21.674162           
21.674162           
21.674162           
21.674162           
43.350145           
21.674162           
23.802001           
27.020693           
14.653688           
21.674162           
10.119521           
26.987100           
21.674162           
21.674162           
21.674162           
21.674162           
21.674162           
16.676414           
21.674162           
21.674162           
24.789082           
21.674162           
21.674162           
21.674162           
21.674162           
22.444698           
21.674162           
21.674162           
21.674162           
29.476367           
21.674162           
20.053942           
21.674162           
11.675810           
21.674162           
21.674162           
21.674162           
21.674162           
30.353859           
29.827495           
21.674162           
21.674162           
20.127934           
21.674162           
21.674162           
21.674162           
21.674162           
21.674162           
30.961399           
21.674162           
21.674162           
22.345742           
18.533136           
21.674162           
21.674162           
21.674162           
21.674162           
21.674162           
21.674162           
21.674162           
21.674162           
21.674162           
22.249180           
21.674162           
43.350145           
30.353859           
21.674162           
24.004123           
11.578790           
21.674162           
21.674162           
21.674162           
21.674162           
21.674162           
25.054909           
25.449138           
21.674162           
21.674162           
20.213849           
43.350145           
21.674162           
21.674162           
23.466310           
21.674162           
21.757892           
21.674162           
22.788292           
21.674162           
14.686792           
21.674162           
21.674162           
23.781201           
21.674162           
21.674162           
18.529898           
21.674162           
21.674162           
21.674162           
21.674162           
40.979230           
21.674162           
27.005726           
21.674162           
16.031454           
21.674162           
21.674162           
21.674162           
21.674162           
21.674162           
21.674162           
34.171548           
21.674162           
21.674162           
23.944582           
12.290554           
21.674162           
29.069179           
21.674162           
21.674162           
21.674162           
21.674162           
21.674162           
43.350145           
26.592186           
21.674162           
26.138286           
21.674162           
21.674162           
21.674162           
21.674162           
21.674162           
22.444698           
21.674162           
24.084503           
21.674162           
21.674162           
21.674162           
30.814525           
30.308822           
30.814525           
43.350145           
21.674162           
21.674162           
21.674162           
21.674162           
21.674162           
21.674162           
21.674162           
21.674162           
21.674162           
21.674162           
21.674162           
21.674162           
21.674162           
21.659329           
24.683144           
21.674162           
35.857654           
26.876198           
21.674162           
14.563211           
21.674162           
21.674162           
21.674162           
15.824737           
21.674162           
21.674162           
21.674162           
21.674162           
21.674162           
21.674162           
30.353859           
24.091632           
21.298909           
15.304980           
21.674162           
21.674162           
22.444698           
21.674162           
21.674162           
21.674162           
16.683749           
21.674162           
21.674162           
21.674162           
21.674162           
24.071773           
21.674162           
21.674162           
22.486297           
21.674162           
16.992419           
21.674162           
21.674162           
21.674162           
21.674162           
21.674162           
21.674162           
12.186577           
21.674162           
21.674162           
23.158993           
21.674162           
21.674162           
13.655474           
22.660011           
24.745053           
22.444698           
21.674162           
21.674162           
21.674162           
21.674162           
23.514015           
21.674162           
22.788292           
21.674162           
21.674162           
21.674162           
23.164181           
20.933293           
21.674162           
21.674162           
20.413379           
13.837469           
21.674162           
29.847619           
21.674162           
21.674162           
21.674162           
21.674162           
10.206477           
21.674162           
21.674162           
24.845288           
21.674162           
21.674162           
21.674162           
21.674162           
43.350145           
21.674162           
22.715449           
30.814525           
27.400013           
21.674162           
24.299187           
21.674162           
21.674162           
22.788292           
21.674162           
21.674162           
21.674162           
22.788292           
26.450922           
21.674162           
12.003916           
21.674162           
21.674162           
10.643895           
21.674162           
21.674162           
21.674162           
21.674162           
24.529258           
30.353859           
21.674162           
21.674162           
21.674162           
21.674162           
21.674162           
11.102567           
21.674162           
16.911749           
21.674162           
13.980779           
21.674162           
21.674162           
21.674162           
43.350145           
21.788974           
16.538861           
23.514015           
23.514015           
21.674162           
21.674162           
21.674162           
21.674162           
22.529675           
21.674162           
21.674162           
41.059077           
14.650094           
13.055637           
22.444698           
15.700525           
30.353859           
21.674162           
21.674162           
25.563780           
21.674162           
14.192310           
13.013296           
27.893903           
21.674162           
30.353859           
21.674162           
11.989205           
21.674162           
21.674162           
30.814525           
21.674162           
21.674162           
21.674162           
34.171548           
21.674162           
14.956265           
24.529258           
10.206477           
23.461862           
30.353859           
30.353859           
21.674162           
21.674162           
21.674162           
21.674162           
27.095758           
28.330582           
21.674162           
21.674162           
21.674162           
21.674162           
21.674162           
41.881027           
24.519428           
21.674162           
24.562095           
21.674162           
21.674162           
21.674162           
22.887641           
22.788292           
21.674162           
30.814525           
21.674162           
30.814525           
21.674162           
21.674162           
21.674162           
29.967210           
17.265681           
21.674162           
21.674162           
22.444698           
23.514015           
21.674162           
17.548185           
30.353859           
21.674162           
43.350145           
21.674162           
21.674162           
21.674162           
21.674162           
21.674162           
21.674162           
21.674162           
25.020490           
32.654978           
21.674162           
23.514015           
21.674162           
21.674162           
21.674162           
21.674162           
28.575112           
29.526982           
30.353859           
21.674162           
21.674162           
30.814525           
21.674162           
21.674162           
21.674162           
21.674162           
21.674162           
21.674162           
16.296416           
21.674162           
21.674162           
12.456824           
24.529258           
21.674162           
21.674162           
21.674162           
21.674162           
21.674162           
21.674162           
24.529258           
26.197224           
21.674162           
21.674162           
21.674162           
22.226300           
21.674162           
21.674162           
22.760883           
21.674162           
21.674162           
21.788974           
21.674162           
21.674162           
24.080895           
30.353859           
30.814525           
21.674162           
21.674162           
21.674162           
30.353859           
13.323905           
21.674162           
21.674162           
24.661047           
21.674162           
21.674162           
21.674162           
21.674162           
21.674162           
30.814525           
21.674162           
24.922803           
21.674162           
21.674162           
21.674162           
21.674162           
21.674162           
21.674162           
21.674162           
21.674162           
21.674162           
21.674162           
21.674162           
21.674162           
21.674162           
25.063727           
21.674162           
22.788292           
21.674162           
21.674162           
21.674162           
44.560157           
21.674162           
21.674162           
21.674162           
21.788974           
16.019766           
21.674162           
21.674162           
21.674162           
22.036758           
23.514015           
21.674162           
19.267760           
22.788292           
21.674162           
24.168657           
25.058095           
21.150753           
21.674162           
21.674162           
21.674162           
21.674162           
20.122645           
21.674162           
21.674162           
22.788292           
30.353859           
21.674162           
18.394251           
21.674162           
21.674162           
21.674162           
21.674162           
21.674162           
25.897885           
21.674162           
30.547003           
15.202213           
21.674162           
21.674162           
21.674162           
10.679593           
21.674162           
11.383474           
24.529258           
21.674162           
21.674162           
21.674162           
21.674162           
21.674162           
21.674162           
21.733585           
30.961399           
24.450169           
43.350145           
21.674162           
21.674162           
21.674162           
21.674162           
22.760883           
21.674162           
26.781117           
21.674162           
21.674162           
21.674162           
21.674162           
30.814525           
27.294991           
21.674162           
21.674162           
14.668267           
26.305632           
21.674162           
21.674162           
17.265681           
21.674162           
19.666025           
21.674162           
21.866517           
21.674162           
21.674162           
16.019766           
21.674162           
21.674162           
21.674162           
21.674162           
21.674162           
14.925712           
21.674162           
21.674162           
21.674162           
24.529258           
21.674162           
24.099115           
20.767095           
21.674162           
18.557356           
21.674162           
19.112695           
14.400584           
21.674162           
33.847728           
21.674162           
15.455090           
24.790075           
21.674162           
21.674162           
21.674162           
17.303171           
21.674162           
21.674162           
21.674162           
21.674162           
21.674162           
21.674162           
21.674162           
14.166036           
21.674162           
21.674162           
21.674162           
15.968128           
21.788974           
21.674162           
21.674162           
21.674162           
21.674162           
21.674162           
21.674162           
21.674162           
21.674162           
21.674162           
21.674162           
12.236083           
21.674162           
24.529258           
43.350145           
21.674162           
21.674162           
21.674162           
21.674162           
21.674162           
21.674162           
21.674162           
21.674162           
21.674162           
30.814525           
21.674162           
21.674162           
21.674162           
21.674162           
21.674162           
21.674162           
43.350145           
21.674162           
26.076346           
21.674162           
21.674162           
21.674162           
30.814525           
11.829173           
21.674162           
21.674162           
21.674162           
21.674162           
21.674162           
30.814525           
21.674162           
21.674162           
24.695560           
43.350145           
21.674162           
28.224765           
30.814525           
12.323019           
21.674162           
21.674162           
21.674162           
21.674162           
21.674162           
21.674162           
21.674162           
22.788292           
21.674162           
33.138504           
19.925807           
14.117308           
21.674162           
21.674162           
21.674162           
23.514015           
21.674162           
21.674162           
21.674162           
21.674162           
23.476979           
21.674162           
21.674162           
21.674162           
22.444698           
21.674162           
22.788292           
21.674162           
21.674162           
21.674162           
21.674162           
21.674162           
16.187499           
21.674162           
21.674162           
21.674162           
21.674162           
21.674162           
21.674162           
21.674162           
21.674162           
21.674162           
43.350145           
21.674162           
22.263831           
24.166463           
21.674162           
21.674162           
30.353859           
10.614032           
18.668252           
21.674162           
21.674162           
21.674162           
21.674162           
21.674162           
21.674162           
21.674162           
21.674162           
22.788292           
21.674162           
25.127339           
21.674162           
21.674162           
23.514015           
21.674162           
21.674162           
21.674162           
21.674162           
21.674162           
24.474007           
21.674162           
21.674162           
21.674162           
21.674162           
21.674162           
21.674162           
21.674162           
21.674162           
21.674162           
21.674162           
21.674162           
30.353859           
21.674162           
22.589838           
21.674162           
21.674162           
21.674162           
14.114971           
21.674162           
21.674162           
21.674162           
35.004348           
21.674162           
21.674162           
12.746481           
21.674162           
21.674162           
13.188857           
21.674162           
22.444698           
30.353859           
23.514015           
21.674162           
21.674162           
21.674162           
21.674162           
21.674162           
21.674162           
21.674162           
21.674162           
21.674162           
21.674162           
30.353859           
21.674162           
17.014057           
21.674162           
21.674162           
21.937386           
21.674162           
21.674162           
14.161186           
15.018544           
21.674162           
22.444698           
21.674162           
21.674162           
21.674162           
30.353859           
21.674162           
21.674162           
21.674162           
30.353859           
21.674162           
14.878454           
21.674162           
16.421819           
23.588961           
12.481646           
21.674162           
24.529258           
21.674162           
21.674162           
14.025760           
21.674162           
21.674162           
21.674162           
21.674162           
21.674162           
21.674162           
14.668267           
21.674162           
24.529258           
21.674162           
16.543421           
21.674162           
21.674162           
22.727297           
21.674162           
21.674162           
21.674162           
21.674162           
11.902895           
21.674162           
13.025093           
21.674162           
21.674162           
21.674162           
21.674162           
21.674162           
27.515563           
21.674162           
24.529258           
21.674162           
21.674162           
21.674162           
38.802940           
43.350145           
21.674162           
21.674162           
21.674162           
21.674162           
21.674162           
21.674162           
21.674162           
22.788292           
21.674162           
22.340502           
21.788974           
21.674162           
21.674162           
23.368969           
21.674162           
24.529258           
22.776147           
21.674162           
21.674162           
15.452351           
13.087548           
21.674162           
21.674162           
21.674162           
21.674162           
21.674162           
21.674162           
21.674162           
21.674162           
21.674162           
21.674162           
21.674162           
21.674162           
21.674162           
21.674162           
30.529027           
21.674162           
21.674162           
22.444698           
21.674162           
30.353859           
21.674162           
21.674162           
21.674162           
20.802492           
43.350145           
21.674162           
22.760883           
21.674162           
21.674162           
21.674162           
21.674162           
21.674162           
43.350145           
13.953766           
21.674162           
21.674162           
21.674162           
23.514015           
21.674162           
23.174094           
29.856624           
21.674162           
21.674162           
21.674162           
21.674162           
30.814525           
24.529258           
21.674162           
21.674162           
21.674162           
21.674162           
26.366754           
21.674162           
13.340096           
21.674162           
22.541318           
21.674162           
21.674162           
21.674162           
21.674162           
21.674162           
19.023236           
12.180089           
21.674162           
26.063266           
21.674162           
30.353859           
15.572595           
30.814525           
21.674162           
21.674162           
21.674162           
21.674162           
21.674162           
22.487475           
21.674162           
21.674162           
21.674162           
21.674162           
21.674162           
21.674162           
38.492496           
22.592246           
43.350145           
21.674162           
21.674162           
21.674162           
21.674162           
21.674162           
21.674162           
21.674162           
21.674162           
21.674162           
21.674162           
21.674162           
22.079818           
18.882317           
32.509071           
21.674162           
21.674162           
21.674162           
21.674162           
15.364455           
21.674162           
23.514015           
22.343942           
13.293841           
21.674162           
13.547366           
21.674162           
21.674162           
21.674162           
21.674162           
10.698104           
21.674162           
21.674162           
21.674162           
21.674162           
30.353859           
21.674162           
