1                   140005                          3.072100            -62.742368          0                   2019/7/1          2019/12/31        1                   56430.636935        0.00100             5106                17.71               1.91                7.96                2.82                F 
2                   150375                          -7.445287           -57.302705          0                   2019/7/1          2019/12/31        1                   15201.014357        0.00100             2261                15.76               2.18                12.46               3.53                F 
3                   130090                          -7.300758           -64.061903          0                   2019/8/1          2019/12/31        1                   7380.556106         0.00100             1288                15.03               2.26                13.56               3.68                F 
4                   150070                          -0.827133           -49.961391          0                   2019/7/1          2019/11/30        1                   1447.469476         0.00100             4400                5.41                2.27                14.46               3.80                F 
5                   140017                          2.272837            -60.542285          163.64              2019/1/1          2019/6/30         5                   892.663178          0.00100             2611                5.49                2.30                14.55               3.81                F 
6                   140002                          3.732902            -62.437022          0                   2019/1/1          2019/6/30         1                   207.354771          0.00100             1352                4.46                2.33                14.66               3.83                F 
7                   160015                          1.157614            -52.519564          150.01              2019/1/1          2019/2/28         7                   190.071582          0.00100             1722                4.14                2.33                14.66               3.83                F 
8                   150520                          -2.278919           -49.902330          0                   2019/1/1          2019/3/31         1                   186.229079          0.00100             1732                4.12                2.33                14.66               3.83                F 
9                   120033                          -7.504430           -73.439094          44.57               2019/1/1          2019/2/28         2                   110.520243          0.00100             1404                3.86                2.34                14.68               3.83                F 
10                  130240                          -8.375601           -65.811663          0                   2019/7/1          2019/10/31        1                   84.113815           0.00100             1928                3.47                2.34                14.68               3.83                F 
11                  510325                          -9.292441           -60.304194          0                   2019/9/1          2019/10/31        1                   20.624392           0.173               459                 3.50                2.35                14.69               3.83                F 
12                  110080                          -8.886994           -63.325621          0                   2019/8/1          2019/10/31        1                   11.368288           0.923               719                 3.03                2.35                14.69               3.83                F 
