1                   1                   1                   2634                7.68                1.76                3.29                1.82                
2                   1                   1                   4786                6.04                1.73                3.32                1.82                
3                   1                   1                   3499                5.79                1.77                3.52                1.88                
4                   1                   1                   438                 7.55                1.84                3.78                1.94                
5                   1                   1                   993                 5.10                1.84                3.80                1.95                
6                   1                   1                   465                 6.40                1.85                3.81                1.95                
7                   1                   1                   859                 4.25                1.85                3.84                1.96                
8                   1                   1                   1210                3.54                1.85                3.85                1.96                
9                   1                   1                   1356                3.22                1.85                3.85                1.96                
10                  1                   1                   877                 3.43                1.85                3.86                1.96                
11                  1                   1                   1467                2.57                1.85                3.87                1.97                
12                  1                   1                   629                 2.86                1.85                3.87                1.97                
13                  1                   1                   126                 3.74                1.86                3.87                1.97                
14                  1                   1                   191                 2.91                1.86                3.87                1.97                
15                  1                   1                   782                 2.30                1.86                3.87                1.97                
16                  1                   1                   75                  3.01                1.86                3.87                1.97                
