1                   1                   1                   3599                40.14               4.75                33.54               5.79                
2                   1                   1                   7466                25.09               4.69                36.67               6.06                
3                   1                   1                   7636                18.21               4.80                40.43               6.36                
4                   1                   1                   1585                24.73               4.96                42.04               6.48                
5                   1                   1                   1731                18.08               4.98                42.75               6.54                
6                   1                   1                   2524                15.54               4.97                42.79               6.54                
7                   1                   1                   934                 19.81               5.00                42.95               6.55                
8                   1                   1                   8631                9.54                4.94                43.01               6.56                
9                   1                   1                   8273                9.15                4.95                43.09               6.56                
10                  1                   1                   9296                8.53                4.96                43.15               6.57                
11                  1                   1                   897                 15.97               5.01                43.17               6.57                
12                  1                   1                   3010                10.13               5.00                43.23               6.57                
13                  1                   1                   991                 11.26               5.02                43.32               6.58                
14                  1                   1                   1920                9.29                5.01                43.33               6.58                
15                  1                   1                   1365                9.28                5.02                43.35               6.58                
16                  1                   1                   1431                9.12                5.02                43.35               6.58                
17                  1                   1                   4430                6.95                5.01                43.37               6.59                
18                  1                   1                   157                 14.71               5.03                43.37               6.59                
19                  1                   1                   1610                7.38                5.02                43.38               6.59                
20                  1                   1                   1346                7.49                5.02                43.39               6.59                
21                  1                   1                   871                 6.45                5.03                43.40               6.59                
22                  1                   1                   516                 6.88                5.03                43.40               6.59                
