1                   120042                          -7.843835           -73.223448          0                   2015/8/1          2015/12/31        1                   42216.124566        0.00100             3135                12.31               1.56                3.19                1.79                F 
2                   120033                          -7.504430           -73.439094          0                   2015/8/1          2015/12/31        1                   8611.759644         0.00100             3048                7.11                1.67                4.86                2.20                F 
3                   160005                          1.651748            -52.268139          61.61               2015/8/1          2015/12/31        2                   6058.386638         0.00100             2714                6.56                1.69                5.02                2.24                F 
4                   130002                          -3.694685           -65.324447          0                   2015/7/1          2015/10/31        1                   1393.347074         0.00100             1354                5.08                1.75                5.32                2.31                F 
5                   160040                          -0.0668366          -51.951193          0                   2015/1/1          2015/3/31         1                   463.274146          0.00100             667                 4.51                1.76                5.38                2.32                F 
6                   130020                          -5.711904           -71.741371          0                   2015/6/1          2015/8/31         1                   367.918768          0.00100             1284                3.53                1.76                5.39                2.32                F 
7                   160070                          1.297577            -50.992616          133.34              2015/9/1          2015/11/30        9                   193.262962          0.00100             2067                2.77                1.76                5.40                2.32                F 
8                   110040                          -9.649310           -63.394322          0                   2015/4/1          2015/7/31         1                   43.151521           0.00300             254                 3.13                1.77                5.41                2.33                F 
9                   130240                          -8.375601           -65.811663          0                   2015/7/1          2015/8/31         1                   43.068046           0.00300             1669                2.30                1.77                5.41                2.33                F 
10                  140060                          0.884435            -60.151836          0                   2015/3/1          2015/4/30         1                   19.500921           0.414               41                  4.04                1.77                5.41                2.33                F 
11                  130090                          -7.300758           -64.061903          0                   2015/7/1          2015/12/31        1                   10.914771           0.987               298                 2.40                1.77                5.41                2.33                F 
12                  150070                          -0.827133           -49.961391          0                   2015/1/1          2015/2/28         1                   9.492569            0.996               628                 2.18                1.77                5.41                2.33                F 
