15.809996           
7.871338            
14.382920           
10.118421           
11.050609           
12.152412           
16.860753           
13.543724           
12.138503           
10.118421           
20.238170           
16.783942           
11.243694           
11.440196           
12.452222           
12.452222           
17.385179           
10.118421           
11.330458           
10.274280           
11.553752           
10.118421           
11.682824           
12.043492           
10.559265           
11.818707           
15.458223           
12.846897           
11.535275           
8.241636            
10.816023           
14.594335           
12.480189           
12.537786           
12.293246           
8.815068            
10.168896           
10.779778           
9.836351            
11.243049           
13.386990           
20.023695           
13.791534           
20.238170           
10.118421           
9.918311            
9.102458            
18.919889           
13.380165           
13.315342           
12.148770           
13.832672           
9.836351            
12.248022           
11.165711           
11.427344           
15.059525           
10.118421           
14.670695           
14.239325           
10.404027           
14.647332           
9.834935            
13.626915           
16.942806           
12.148770           
13.315342           
12.746172           
12.512106           
26.213140           
10.118421           
12.979699           
13.792261           
21.379929           
10.118421           
13.183742           
9.436303            
10.118421           
12.305492           
20.238170           
13.227678           
14.000231           
13.573883           
11.582874           
10.957719           
10.118421           
18.779022           
16.860753           
11.507517           
14.763234           
9.707534            
15.279224           
10.213504           
10.141790           
12.249079           
11.885532           
26.930054           
11.076713           
20.238170           
17.085770           
13.832785           
16.946430           
16.666211           
11.119360           
11.582874           
20.238170           
13.383577           
18.809794           
13.995768           
10.209364           
12.523274           
12.258680           
10.266771           
10.213504           
12.452222           
15.196096           
11.855189           
18.024883           
10.870804           
10.967738           
12.452222           
20.238170           
11.937414           
10.915557           
12.813302           
13.960193           
13.791534           
22.667474           
19.732548           
10.118421           
15.150326           
10.118421           
14.482102           
10.601219           
11.292179           
10.118421           
13.054539           
14.835607           
16.860753           
22.039998           
9.632793            
11.243049           
10.118421           
13.616164           
24.236887           
10.118421           
13.168828           
10.213504           
20.926244           
12.517574           
13.328569           
12.846897           
14.080255           
13.334378           
10.913460           
8.977100            
11.183761           
12.574353           
17.586338           
9.222832            
10.118421           
11.243675           
10.803910           
12.999643           
11.243694           
13.609146           
13.922917           
10.118421           
14.493071           
12.025512           
16.860753           
12.589143           
10.586846           
13.853971           
10.118421           
15.525474           
13.549494           
10.118421           
9.994937            
10.118421           
11.413798           
12.950201           
10.417548           
19.403906           
10.118421           
13.791534           
14.586949           
11.243694           
20.238170           
12.172983           
11.622530           
17.905735           
16.860753           
10.118421           
12.786658           
11.829375           
12.901376           
14.087902           
13.879122           
11.582874           
12.846897           
12.030653           
12.846897           
18.447310           
10.118421           
11.582874           
10.139811           
17.645498           
14.970252           
12.517574           
12.452222           
13.150637           
14.235307           
10.753112           
12.706836           
11.904228           
16.860753           
16.150367           
10.342129           
12.945251           
16.973497           
13.791534           
10.118421           
20.238170           
8.561958            
12.846897           
12.452222           
12.452222           
12.295937           
16.860753           
15.413207           
15.059525           
10.118421           
16.589830           
11.988284           
12.148770           
10.118421           
10.926096           
20.238170           
11.243049           
12.873917           
16.973497           
17.712793           
10.118421           
10.912941           
11.172687           
10.118421           
10.139811           
13.051681           
13.791534           
19.683771           
13.439076           
12.452222           
14.478991           
11.034717           
13.116489           
15.681282           
12.517574           
16.860753           
19.051840           
16.482455           
20.238170           
10.118421           
19.737961           
12.517574           
15.801745           
8.765121            
10.118421           
13.442301           
10.421208           
15.472361           
12.452222           
13.054539           
23.996302           
12.938294           
14.548975           
14.939591           
21.692372           
12.148770           
13.791534           
17.275240           
12.452222           
20.238170           
12.803111           
16.860753           
20.238170           
8.415712            
11.094577           
14.041320           
11.590483           
19.793712           
15.066657           
16.621607           
11.999552           
11.174747           
11.243049           
14.978623           
14.719555           
12.208002           
16.508534           
19.012617           
19.337437           
14.116204           
20.666119           
13.064100           
9.377780            
12.038590           
14.900991           
10.118421           
16.860753           
14.047179           
17.233962           
18.329676           
7.298252            
11.194133           
10.118421           
12.928158           
13.222267           
13.922182           
14.193282           
12.370451           
16.860753           
10.875041           
12.577767           
11.742912           
10.118421           
11.243694           
11.582874           
11.243694           
12.195745           
10.118421           
8.279087            
10.570406           
16.249834           
13.125828           
14.871162           
13.956603           
11.008884           
16.860753           
11.582874           
14.990742           
10.718346           
11.427677           
10.660897           
12.452222           
12.162874           
10.118421           
11.519136           
11.075397           
11.582874           
12.148770           
9.761045            
16.860753           
10.118421           
12.125128           
11.227643           
21.925812           
10.118421           
10.482085           
18.209714           
16.852832           
15.020437           
10.118421           
16.860753           
11.455903           
15.567913           
10.187464           
13.969311           
10.738671           
11.627170           
12.379634           
12.944595           
10.976868           
10.118421           
13.242277           
17.366825           
11.831976           
10.118421           
15.121900           
14.350786           
16.860753           
12.547940           
16.860753           
14.234877           
11.582874           
23.195601           
15.491678           
11.243694           
12.093535           
15.852425           
19.683771           
10.118421           
10.565366           
18.447310           
10.118421           
10.118421           
10.118421           
10.008607           
11.612525           
11.999552           
16.860753           
13.311043           
16.860753           
23.175301           
14.051206           
11.673000           
11.539189           
16.069900           
11.991832           
12.606202           
13.114108           
13.299597           
11.999552           
15.638226           
10.118421           
13.872459           
12.527047           
15.294857           
10.213504           
15.762087           
11.480888           
11.602449           
14.489832           
13.315342           
16.860753           
11.582874           
11.243694           
11.243694           
15.105543           
15.604400           
10.258772           
13.366197           
13.306991           
20.350655           
8.547656            
11.013464           
14.012921           
16.507833           
16.860753           
10.964734           
10.702001           
7.819871            
13.242565           
12.860769           
13.243708           
12.148770           
11.582874           
11.243694           
13.243136           
13.672738           
7.371739            
15.260108           
11.108501           
9.084490            
17.675698           
12.452222           
13.157518           
11.728786           
14.161376           
15.772749           
10.532579           
11.363435           
15.323988           
10.118421           
10.791206           
12.452222           
13.817384           
13.487887           
11.582874           
10.497156           
14.863471           
13.446711           
16.860753           
10.118421           
12.846897           
10.139811           
11.146458           
10.429130           
15.099320           
10.729190           
17.826466           
11.120632           
14.116204           
12.157268           
10.118421           
13.275163           
8.256685            
14.901692           
10.377086           
12.591211           
15.126850           
12.893761           
13.391291           
10.118421           
13.108768           
12.235161           
11.582874           
12.903535           
10.118421           
10.139811           
13.251812           
10.118421           
12.757786           
20.947753           
16.860753           
8.704263            
16.934393           
13.594946           
11.343506           
15.580406           
10.273849           
11.935569           
10.363952           
11.030036           
9.894443            
12.387461           
10.473769           
14.030269           
11.443754           
10.190082           
14.670695           
10.729422           
14.041320           
12.681699           
16.860753           
12.452222           
7.794369            
14.809124           
12.148770           
18.107850           
10.118421           
12.301449           
12.271747           
24.645239           
10.118421           
13.543146           
20.281074           
12.434097           
18.809794           
12.452222           
13.352703           
14.410016           
12.523525           
12.826933           
15.294857           
12.144971           
10.876720           
12.259230           
13.054363           
11.990730           
20.238170           
11.433761           
12.452222           
12.602490           
14.350786           
13.168497           
14.468328           
11.280425           
10.118421           
22.853763           
11.893408           
13.791534           
21.926663           
12.259230           
14.000553           
10.118421           
11.013169           
20.238170           
12.176666           
12.148770           
7.861650            
12.862563           
15.006754           
13.283867           
11.999552           
12.746525           
11.796564           
10.118421           
12.846897           
11.471063           
10.118421           
10.118421           
12.857450           
11.412739           
15.000977           
15.374728           
10.118421           
16.860753           
10.545065           
12.846897           
16.860753           
12.200075           
14.809124           
13.335750           
14.652084           
15.464597           
9.377780            
12.746172           
10.118421           
8.077771            
11.947563           
11.568961           
10.393336           
8.813200            
14.619666           
11.593338           
10.118421           
10.118421           
11.145081           
11.241248           
14.671170           
13.246699           
24.415453           
12.452222           
12.523683           
10.139811           
12.962835           
11.623065           
14.350786           
14.023505           
10.213504           
12.337560           
12.677021           
12.733415           
10.489998           
10.187464           
12.420773           
12.452222           
13.832672           
10.118421           
16.294779           
15.294857           
12.513006           
10.118421           
17.664647           
10.118421           
12.258680           
10.446223           
11.747163           
11.582874           
13.132883           
18.096206           
11.884587           
9.231452            
10.404348           
15.935043           
17.739528           
13.791534           
20.238170           
13.552066           
8.765121            
10.213504           
11.935569           
10.118421           
10.729422           
19.683771           
14.399371           
11.122342           
10.118421           
10.118421           
12.274769           
10.312476           
11.999552           
14.161376           
14.610204           
12.724184           
11.935569           
16.105156           
12.148770           
10.118421           
11.735892           
20.490450           
16.218203           
14.088104           
13.545109           
11.243049           
11.401457           
12.148770           
10.187464           
12.890974           
10.118421           
10.428604           
12.148770           
10.118421           
11.155156           
12.773675           
9.434503            
10.118421           
13.937390           
10.118421           
15.387613           
11.692114           
15.794659           
8.765121            
15.047411           
12.395971           
17.136514           
10.936852           
16.860753           
16.860753           
12.224027           
10.118421           
13.498668           
10.118421           
12.495198           
10.429130           
10.236015           
12.846897           
12.547940           
11.389470           
12.148770           
17.126411           
13.791534           
11.881372           
11.492479           
15.396064           
13.053085           
17.228903           
11.317786           
12.352755           
15.885957           
10.647869           
10.118421           
10.118421           
12.736496           
10.402560           
20.238170           
14.218263           
12.577219           
10.118421           
11.582874           
20.238170           
12.746172           
16.997014           
13.243132           
12.111680           
13.579929           
10.118421           
12.148770           
10.742480           
12.846897           
12.334586           
8.390433            
21.302962           
10.729422           
11.270964           
11.265495           
13.100143           
7.505147            
11.935569           
10.931134           
13.804155           
11.986250           
9.566864            
10.118421           
16.576681           
14.350786           
13.048263           
11.283466           
14.193282           
16.377676           
16.973497           
11.243049           
16.860753           
10.602967           
20.238170           
12.517574           
9.217168            
11.935569           
11.742247           
10.213504           
15.628724           
12.138898           
11.699390           
10.118421           
10.118421           
10.118421           
12.324809           
12.830833           
20.882360           
13.052688           
11.751850           
11.482488           
10.435504           
14.658984           
11.119360           
10.118421           
10.118421           
12.517574           
11.418411           
13.584581           
11.243694           
11.904467           
10.118421           
10.368254           
15.968947           
17.113003           
12.846897           
10.187464           
11.935569           
13.791534           
14.643059           
10.118421           
21.249461           
11.935569           
14.278577           
11.935569           
12.148770           
13.352703           
10.118421           
12.748465           
12.259230           
12.511030           
12.259230           
10.874035           
13.832672           
8.217234            
18.096206           
10.118421           
14.307298           
16.860753           
15.761367           
11.582874           
16.950449           
10.494941           
20.238170           
12.709242           
11.582874           
15.376462           
23.689250           
12.615982           
14.643892           
10.118421           
15.768536           
16.909752           
22.857963           
18.096206           
20.513063           
13.737707           
21.875420           
10.118421           
12.452222           
12.452222           
17.431891           
14.942543           
11.947563           
13.791534           
9.698874            
10.941180           
13.397602           
13.440177           
12.846897           
13.349746           
13.673595           
13.176697           
12.452222           
10.817013           
16.860753           
10.118421           
22.089438           
9.836351            
10.874035           
11.500058           
13.047663           
10.827755           
11.935569           
11.243694           
14.464052           
20.238170           
17.663961           
10.139811           
20.238170           
9.566864            
11.144681           
11.935569           
12.958415           
9.794043            
11.727757           
10.118421           
17.946613           
11.217005           
13.791534           
13.907236           
15.271646           
12.846897           
9.716960            
12.826739           
14.586528           
11.560733           
10.118421           
10.230043           
12.148770           
11.539825           
12.175562           
15.463896           
9.682296            
18.139092           
10.118421           
10.242865           
12.846897           
18.167150           
14.363172           
10.118421           
19.770472           
14.725392           
10.118421           
10.118421           
14.216895           
10.362774           
13.791534           
12.452222           
10.118421           
10.213504           
11.571103           
11.999552           
11.534673           
10.908099           
16.860753           
11.985359           
10.118421           
16.860753           
10.118421           
13.151743           
10.118421           
15.417197           
11.582874           
15.771543           
12.452222           
20.238170           
20.238170           
12.687516           
20.238170           
13.261282           
13.304833           
12.857692           
10.118421           
11.674070           
13.910238           
13.188828           
10.118421           
10.118421           
20.925525           
14.158470           
11.582874           
10.118421           
10.118421           
7.754002            
15.117996           
15.477463           
10.118421           
15.646789           
17.967945           
15.200677           
12.148770           
10.118421           
9.836351            
10.118421           
10.118421           
11.582874           
14.863471           
15.793941           
16.860753           
19.004732           
9.697069            
14.307893           
14.962448           
11.243049           
10.118421           
13.039835           
11.322104           
12.148770           
13.071715           
12.300386           
10.118421           
14.977479           
16.427674           
13.910824           
10.118421           
10.118421           
10.729422           
8.978613            
12.517574           
16.815232           
10.139811           
12.942433           
10.607443           
10.223766           
12.284787           
11.295541           
6.891788            
14.256818           
17.097537           
10.139811           
10.118421           
13.934755           
10.650231           
12.225446           
12.328937           
12.103869           
