1                   1                   1                   1645                22.29               3.45                18.20               4.27                
2                   1                   1                   2208                16.12               3.46                18.97               4.35                
3                   1                   1                   7749                7.24                3.45                19.77               4.45                
4                   1                   1                   7112                7.22                3.46                19.80               4.45                
5                   1                   1                   553                 13.14               3.53                19.96               4.47                
6                   1                   1                   1912                7.27                3.53                20.04               4.48                
7                   1                   1                   631                 8.84                3.54                20.07               4.48                
8                   1                   1                   1653                6.62                3.53                20.08               4.48                
9                   1                   1                   1655                6.62                3.53                20.08               4.48                
10                  1                   1                   1420                6.76                3.53                20.08               4.48                
11                  1                   1                   681                 8.08                3.54                20.08               4.48                
12                  1                   1                   2339                5.45                3.53                20.10               4.48                
13                  1                   1                   404                 8.07                3.54                20.10               4.48                
14                  1                   1                   2695                5.27                3.53                20.10               4.48                
15                  1                   1                   671                 5.90                3.54                20.12               4.49                
16                  1                   1                   333                 5.20                3.55                20.13               4.49                
17                  1                   1                   954                 4.48                3.55                20.13               4.49                
