18.333361           
19.264389           
13.975266           
22.701066           
16.274368           
16.997505           
13.486166           
26.937175           
13.467910           
22.603923           
15.793332           
13.467910           
27.355660           
13.467910           
14.676758           
21.169545           
21.033997           
15.648939           
16.024173           
18.738748           
15.288304           
26.937175           
13.467910           
15.159336           
13.467910           
22.701066           
17.548942           
16.790462           
26.765278           
13.983133           
19.760526           
16.754942           
13.467910           
16.805454           
26.937175           
15.810633           
22.115919           
26.383115           
18.137178           
15.793332           
18.402149           
13.467910           
13.839067           
14.674009           
20.237568           
15.739976           
21.984280           
15.793332           
13.467910           
15.793332           
15.029002           
22.023295           
18.650501           
16.736539           
13.467910           
15.793332           
14.091253           
36.110913           
16.960177           
14.328873           
26.937175           
17.372217           
18.757485           
13.467910           
15.893347           
15.042008           
26.937175           
26.937175           
13.820292           
19.916571           
13.467910           
17.013129           
26.937175           
13.467910           
14.023317           
14.091253           
18.413143           
13.467910           
15.471961           
16.951640           
15.793332           
16.071610           
13.467910           
14.520589           
15.829243           
13.467910           
15.880238           
26.937175           
18.137178           
22.603923           
25.556396           
16.357653           
16.020776           
29.123043           
13.700252           
13.467910           
14.676758           
16.024173           
18.913059           
26.937175           
19.127682           
22.603923           
19.472895           
15.893347           
15.696907           
26.937175           
19.711557           
26.937175           
15.942164           
15.386941           
26.937175           
13.467910           
19.408868           
15.386941           
22.308776           
26.937175           
14.676758           
18.657896           
12.520002           
13.467910           
22.603923           
22.115919           
13.467910           
13.467910           
22.720872           
15.810633           
14.148415           
13.467910           
26.295906           
13.467910           
14.927036           
19.538381           
13.467910           
13.467910           
26.937175           
27.530499           
22.701066           
16.522901           
14.520589           
16.003907           
16.320324           
18.072268           
13.467910           
13.495106           
15.458241           
16.087322           
26.937175           
19.217020           
16.119606           
13.467910           
15.709467           
14.676758           
18.687319           
13.766873           
13.467910           
19.011579           
16.197539           
13.467910           
28.209064           
13.467910           
19.903751           
13.904071           
15.386941           
26.937175           
19.263364           
21.533922           
28.438534           
15.066022           
27.530499           
13.467910           
15.569803           
15.793332           
14.975087           
13.467910           
21.236731           
26.937175           
18.180615           
15.793332           
26.937175           
16.365886           
26.937175           
20.539214           
13.467910           
13.467910           
13.467910           
26.937175           
22.603923           
13.467910           
24.001216           
13.467910           
16.320324           
16.517955           
14.676758           
13.467910           
13.582584           
28.442998           
17.176624           
14.676758           
15.793332           
15.793332           
13.467910           
18.374204           
13.467910           
14.520589           
19.045840           
15.489230           
15.037263           
31.315496           
15.386941           
13.467910           
31.528499           
22.701066           
21.157095           
13.467910           
13.467910           
18.833855           
13.467910           
13.493624           
16.716843           
13.467910           
19.134684           
14.676758           
16.788620           
10.923566           
18.588494           
15.610879           
14.676758           
26.937175           
26.937175           
20.479859           
18.907466           
18.769597           
17.816703           
20.990148           
28.789040           
13.467910           
37.056722           
16.258594           
13.467910           
18.417320           
13.506124           
26.937175           
15.960004           
14.632181           
13.467910           
18.137178           
14.676758           
13.911785           
15.793332           
19.492293           
16.804687           
26.937175           
28.289204           
18.741850           
14.520589           
17.740336           
17.397545           
13.467910           
19.231491           
15.895625           
26.937175           
29.370828           
26.937175           
13.467910           
14.554500           
14.520589           
14.520589           
13.467910           
13.467910           
22.603923           
22.809902           
15.557581           
16.791303           
15.980148           
14.036176           
14.676758           
14.520589           
26.937175           
22.701066           
26.937175           
13.467910           
13.467910           
16.419322           
15.429381           
19.340879           
26.937175           
16.462691           
13.467910           
15.659513           
13.467910           
13.467910           
13.467910           
22.701066           
21.238142           
13.467910           
13.467910           
13.467910           
14.892411           
14.678485           
26.937175           
24.332073           
14.404018           
18.137178           
13.467910           
13.467910           
22.603923           
15.793332           
19.015441           
13.467910           
15.793332           
23.491519           
24.299790           
22.343042           
26.937175           
13.467910           
13.467910           
15.386941           
22.701066           
13.467910           
15.844131           
16.738708           
13.467910           
18.932745           
14.870857           
22.701066           
13.467910           
15.793332           
13.467910           
25.116789           
17.344436           
15.793332           
18.908697           
22.701066           
24.009321           
16.323644           
16.320324           
21.281214           
16.320324           
13.467910           
15.793332           
15.810633           
19.003347           
23.980855           
14.270429           
15.399345           
14.676758           
22.603923           
14.676758           
15.810633           
15.793332           
13.467910           
13.575438           
25.079822           
13.467910           
22.701066           
16.674824           
22.603923           
18.583221           
21.959736           
13.467910           
13.467910           
13.467910           
13.467910           
13.927419           
14.520589           
16.465899           
13.467910           
15.793332           
16.514410           
26.937175           
13.467910           
13.467910           
16.388370           
14.130813           
13.920362           
13.467910           
40.407794           
28.749783           
19.460142           
15.654159           
13.467910           
15.194075           
15.810633           
14.768326           
28.291004           
15.793332           
22.603923           
13.467910           
32.716275           
13.718220           
13.467910           
13.467910           
26.937175           
13.467910           
22.746753           
17.148072           
14.597563           
13.927914           
19.880971           
16.146875           
20.364564           
13.815860           
18.826672           
13.776154           
13.467910           
18.298136           
13.467910           
13.467910           
26.937175           
14.689801           
15.671809           
22.701066           
29.175878           
22.603923           
15.149966           
13.467910           
13.467910           
16.320324           
13.467910           
18.610338           
15.810633           
16.961204           
14.520589           
16.367606           
22.603923           
22.603923           
25.620512           
17.262562           
13.467910           
19.014159           
15.793332           
22.701066           
14.065557           
13.700252           
15.328325           
13.467910           
13.467910           
15.786914           
13.467910           
16.405432           
17.910143           
26.937175           
15.810633           
13.467910           
27.355660           
16.568478           
13.467910           
25.116137           
17.649424           
14.676758           
13.578613           
15.793332           
18.197469           
19.604815           
18.616117           
20.347130           
15.399345           
16.202535           
22.603923           
15.810633           
22.701066           
22.603923           
13.467910           
15.793332           
21.894560           
13.467910           
21.304680           
19.752942           
13.831570           
24.502406           
19.415527           
13.467910           
26.937175           
17.094442           
15.793332           
22.603923           
14.676758           
18.017292           
26.937175           
13.467910           
13.467910           
15.047990           
14.946867           
22.603923           
26.937175           
13.467910           
15.810633           
21.445073           
13.467910           
26.937175           
16.796530           
28.769975           
16.551012           
15.386941           
13.467910           
16.920829           
14.676758           
14.456203           
13.467910           
26.937175           
26.937175           
14.676758           
16.851618           
16.872419           
13.467910           
16.155427           
16.188216           
15.793332           
13.467910           
19.882402           
15.386941           
14.690173           
23.745176           
13.467910           
15.812449           
13.467910           
14.676758           
14.676758           
25.079822           
17.866281           
13.467910           
18.413291           
15.815109           
16.297242           
20.307112           
16.889972           
13.467910           
18.610207           
17.318711           
23.625916           
13.467910           
19.979403           
19.164227           
14.676758           
13.662072           
26.937175           
27.355660           
15.386941           
14.556641           
15.790609           
17.932793           
14.707317           
15.810633           
15.264894           
27.530499           
14.520589           
15.555113           
26.937175           
17.981383           
15.759736           
28.384966           
17.311019           
13.467910           
13.467910           
13.467910           
27.093235           
13.467910           
20.364564           
22.701066           
20.256093           
13.467910           
16.371554           
13.467910           
14.903255           
14.520589           
22.603923           
26.937175           
19.031887           
14.577333           
13.467910           
14.461114           
18.776950           
18.644630           
20.027108           
14.676758           
14.520589           
13.467910           
16.979106           
22.603923           
14.676758           
15.908221           
17.408379           
14.091253           
16.320324           
17.764860           
15.178160           
15.957105           
14.299662           
13.467910           
22.603923           
15.386941           
15.386941           
14.676758           
14.442274           
13.695602           
14.520589           
16.156257           
15.386941           
15.478331           
13.467910           
20.001467           
15.066883           
19.148344           
26.937175           
23.923491           
15.904879           
17.218435           
26.937175           
17.550873           
14.712331           
21.223754           
13.467910           
20.232666           
15.793332           
14.520589           
17.530824           
16.436093           
14.676758           
15.051291           
13.919813           
13.467910           
15.793332           
15.110705           
19.727050           
13.467910           
20.547884           
13.467910           
24.080401           
15.178160           
16.610867           
16.294579           
15.793332           
24.466020           
13.467910           
16.408172           
13.467910           
13.467910           
14.147335           
13.467910           
13.866055           
16.882117           
15.756816           
13.467910           
14.914989           
26.937175           
20.286353           
13.467910           
33.710715           
15.754091           
15.810633           
22.603923           
36.110913           
14.963292           
21.445073           
26.937175           
17.777658           
13.467910           
14.219502           
14.979557           
26.937175           
16.576221           
15.295051           
16.506205           
24.629746           
13.700252           
19.646585           
15.386941           
15.488552           
13.467910           
13.467910           
13.467910           
18.420757           
19.917418           
17.838384           
16.509300           
19.872636           
22.603923           
13.700252           
13.467910           
14.091253           
28.320941           
14.721741           
18.738748           
14.320708           
14.741812           
16.251460           
26.937175           
22.603923           
15.702726           
27.355660           
14.520589           
26.937175           
13.803138           
18.371386           
14.855273           
16.825480           
16.316519           
16.520687           
13.467910           
15.423379           
15.386941           
26.937175           
26.873011           
13.467910           
13.467910           
26.937175           
14.091253           
22.603923           
18.083399           
13.467910           
21.345550           
13.467910           
14.676758           
20.259015           
16.216519           
13.467910           
13.467910           
26.937175           
22.701066           
14.676758           
17.564774           
13.467910           
13.467910           
15.988832           
13.467910           
23.236833           
14.763482           
16.320324           
15.618202           
13.467910           
13.467910           
13.990084           
14.460400           
22.701066           
21.342118           
19.834403           
13.467910           
13.467910           
15.739976           
13.467910           
26.937175           
18.137178           
15.386941           
13.467910           
22.701066           
26.937175           
14.520589           
19.261215           
13.467910           
16.473454           
14.676758           
15.386941           
19.899994           
14.676758           
17.138482           
13.467910           
16.799787           
20.569709           
15.874118           
40.407794           
20.479859           
14.768326           
14.766740           
18.137178           
13.790410           
30.185816           
15.224493           
17.564774           
17.955373           
18.137178           
14.676758           
13.687957           
14.328207           
21.223754           
13.467910           
14.103821           
22.603923           
17.280127           
13.467910           
26.937175           
13.467910           
13.467910           
18.707144           
15.604603           
13.467910           
15.793332           
16.975286           
13.467910           
13.467910           
13.467910           
16.841867           
14.447768           
27.355660           
15.793332           
16.990191           
25.331052           
15.386941           
14.520589           
13.467910           
26.937175           
28.320941           
13.467910           
17.552962           
24.422197           
22.603923           
23.660085           
14.520589           
18.324948           
15.793332           
13.467910           
13.467910           
21.866861           
26.937175           
14.520589           
13.913019           
15.793332           
15.793332           
22.932577           
13.467910           
15.793332           
21.533922           
13.467910           
15.793332           
22.603923           
16.214736           
22.701066           
13.467910           
26.026761           
16.599335           
19.650987           
13.467910           
22.603923           
22.603923           
15.793332           
20.870934           
14.676758           
31.605919           
13.467910           
13.467910           
14.974038           
29.041954           
20.776902           
14.676758           
18.716933           
14.483547           
13.467910           
26.937175           
13.524885           
13.467910           
22.701066           
24.332073           
26.937175           
20.364564           
13.467910           
14.586296           
14.049856           
19.985914           
14.676758           
26.937175           
15.472655           
40.407794           
13.467910           
14.676758           
15.812157           
13.467910           
15.066814           
13.467910           
26.937175           
18.005414           
16.320324           
15.942773           
26.937175           
13.467910           
13.467910           
26.937175           
14.763482           
18.358565           
22.701066           
17.650233           
13.886629           
22.603923           
26.937175           
15.198363           
21.937547           
26.240569           
17.169733           
15.708678           
19.274943           
26.937175           
26.937175           
15.392483           
14.635530           
13.467910           
13.467910           
17.653063           
22.603923           
13.511432           
16.631054           
15.201202           
16.683470           
15.386941           
15.793332           
18.650501           
22.603923           
18.770129           
18.650501           
22.603923           
16.320324           
13.467910           
21.371416           
26.937175           
15.294836           
14.297411           
20.328842           
13.467910           
26.937175           
19.692472           
17.778746           
15.793332           
18.376924           
15.386941           
13.467910           
14.615410           
17.284454           
15.793332           
13.467910           
13.467910           
26.937175           
14.572956           
16.827067           
21.837735           
16.560998           
26.937175           
22.603923           
26.937175           
13.467910           
13.467910           
14.554158           
13.467910           
16.320324           
14.392154           
15.311024           
13.467910           
13.467910           
20.901060           
15.978100           
13.467910           
13.467910           
16.599335           
21.393924           
13.467910           
18.095512           
26.937175           
13.467910           
22.603923           
13.467910           
20.209017           
26.937175           
26.937175           
17.893662           
13.467910           
16.525712           
15.793332           
15.793332           
16.556696           
13.467910           
19.075911           
26.937175           
15.803863           
15.793332           
19.120063           
13.467910           
13.467910           
18.171509           
13.467910           
16.795293           
26.937175           
17.631771           
14.676758           
17.734828           
20.675206           
22.476394           
19.906176           
13.648464           
29.685337           
15.585871           
27.546798           
13.467910           
13.467910           
26.937175           
13.467910           
18.490295           
22.603923           
26.937175           
14.520589           
15.288402           
23.011298           
13.467910           
20.469992           
