11.223526           
9.138861            
12.204114           
9.617964            
9.357201            
9.618549            
13.036797           
10.457911           
11.857617           
10.615682           
9.901061            
8.377794            
8.533666            
9.499735            
8.776680            
9.233496            
9.014493            
10.573928           
8.939590            
7.220398            
12.045526           
10.091386           
8.977038            
6.940042            
10.407407           
10.623175           
8.142623            
9.113728            
9.550284            
7.900020            
8.135063            
12.330499           
9.001802            
11.291875           
12.149874           
8.597185            
17.317699           
9.409645            
9.090699            
9.993287            
9.484366            
12.370956           
7.761603            
9.651732            
8.085925            
11.305853           
9.120597            
9.064726            
10.377380           
12.128967           
9.493248            
10.433198           
9.294203            
11.854893           
9.614085            
11.169297           
7.946643            
10.233386           
8.907828            
11.084776           
6.490024            
7.825856            
12.406242           
9.906459            
12.053630           
12.258300           
8.596168            
8.261894            
7.679374            
9.227675            
7.637564            
8.897556            
12.029302           
9.002017            
9.932504            
10.108816           
10.187978           
8.831675            
12.997674           
7.837154            
13.114740           
9.141005            
9.567556            
13.612724           
11.397780           
6.761720            
7.843296            
7.878596            
7.745180            
14.277323           
8.369986            
8.719594            
10.119647           
7.747725            
10.556656           
9.711695            
9.694109            
10.990604           
10.249416           
13.470300           
7.473775            
10.485523           
8.585231            
12.300871           
7.474549            
12.337029           
11.724989           
9.030643            
15.150137           
14.179472           
8.462303            
10.534843           
8.371421            
10.627064           
11.182634           
9.883025            
9.847588            
9.915804            
13.915129           
7.978453            
8.929534            
11.139524           
10.878387           
8.323852            
8.185139            
10.233386           
10.852173           
11.096371           
8.777632            
8.875013            
8.089572            
10.939635           
9.235512            
7.147248            
9.622896            
9.106457            
13.128607           
10.555792           
8.521916            
10.421798           
10.994259           
8.576970            
8.590643            
13.810173           
9.185617            
12.043622           
8.332324            
12.862210           
11.385716           
7.317911            
8.961191            
8.784789            
8.168724            
9.780010            
7.240075            
11.610221           
10.020315           
8.544256            
12.546579           
10.356964           
10.988130           
11.090557           
9.942514            
12.670438           
8.516265            
10.580793           
8.158756            
8.175844            
10.382415           
9.867696            
11.008596           
12.801424           
7.485931            
8.771589            
7.028267            
9.767482            
8.449065            
9.751182            
10.570316           
9.821843            
16.260895           
9.728118            
11.876876           
12.076699           
11.912794           
11.383266           
10.597789           
10.215079           
12.507773           
8.043484            
10.924199           
10.546991           
9.034143            
10.466733           
10.606940           
13.527774           
10.546991           
7.498766            
13.991063           
9.093558            
13.682677           
10.098118           
10.092533           
10.846865           
9.206220            
7.582466            
10.607063           
8.753497            
11.541972           
8.884695            
7.896574            
7.817267            
11.769173           
9.908061            
15.111511           
7.355387            
9.981104            
8.899014            
11.249794           
9.632292            
8.071879            
10.098354           
8.203688            
14.395883           
11.814947           
16.247153           
10.811780           
8.747693            
10.096965           
10.714855           
8.176114            
10.233386           
10.546991           
8.793498            
7.342574            
10.946432           
10.788198           
9.761492            
9.954081            
10.169703           
7.866406            
10.815319           
12.215335           
7.159428            
11.692618           
9.738513            
10.867188           
16.442807           
15.594085           
10.053851           
9.580292            
8.070992            
9.830861            
18.938038           
8.782449            
10.978583           
9.729777            
9.757626            
8.375836            
8.804837            
9.671953            
13.586706           
8.545669            
9.431306            
8.995433            
13.390314           
11.000455           
7.435829            
9.905809            
9.542135            
13.144581           
9.837087            
8.847246            
8.850930            
8.640095            
10.341096           
8.149515            
8.533852            
10.439249           
9.687183            
12.614069           
9.838695            
17.753533           
11.354156           
7.362436            
10.291168           
10.533864           
12.677233           
7.546733            
12.838317           
7.677223            
10.514543           
10.293527           
7.295787            
8.064926            
11.975356           
10.272862           
8.992090            
10.023695           
9.869017            
9.810169            
10.735357           
11.438648           
8.175844            
11.534739           
10.827289           
10.452521           
9.370700            
9.365832            
10.405803           
11.105508           
10.313517           
11.336048           
11.515949           
11.991961           
8.797559            
9.462490            
8.687486            
9.241118            
9.303221            
10.369408           
10.270383           
8.509080            
9.830646            
11.329802           
8.291662            
11.063167           
7.357066            
11.207250           
11.344560           
9.322796            
9.118282            
8.634661            
8.862837            
8.999149            
8.922620            
12.342515           
10.925152           
10.774564           
8.696378            
10.850543           
12.009590           
9.603968            
9.845778            
8.168073            
8.583731            
11.256426           
10.960592           
6.761720            
9.829697            
10.961330           
8.299332            
12.612183           
12.607197           
10.353353           
8.440130            
11.794623           
9.076424            
9.592512            
11.632309           
8.901360            
12.187213           
9.094112            
9.372999            
11.065761           
9.395655            
8.070992            
8.965848            
8.540639            
10.754365           
11.023841           
8.737506            
9.790523            
7.874475            
9.494652            
8.514030            
7.878596            
8.805771            
12.607197           
15.085666           
9.764422            
8.222574            
8.966555            
11.484504           
7.568872            
11.879561           
11.173202           
8.539355            
9.210683            
12.127167           
10.248341           
8.752671            
7.333176            
10.941737           
9.332858            
9.541396            
10.054835           
11.822733           
13.238308           
10.802737           
11.042662           
11.906963           
10.233386           
12.710777           
9.776575            
10.760317           
11.709420           
8.052214            
7.939894            
12.280423           
13.203961           
10.069972           
9.300454            
13.156940           
8.548295            
10.004745           
7.900020            
7.792266            
8.859631            
9.099261            
9.337538            
8.388440            
9.539230            
10.986529           
9.893289            
12.409395           
10.546991           
10.215079           
11.770951           
7.909425            
7.620363            
7.628765            
9.536497            
10.426309           
9.519126            
10.184909           
12.142873           
14.438777           
12.949099           
7.829294            
9.324327            
17.667683           
8.773128            
11.111573           
10.790235           
11.354548           
7.761603            
9.426167            
8.804419            
12.301503           
9.649526            
11.242531           
8.725149            
8.790918            
7.626331            
11.459642           
10.012075           
13.915012           
9.313128            
8.066880            
10.233386           
10.480689           
9.124475            
10.916302           
9.651421            
8.737251            
12.322090           
12.181212           
9.874661            
12.527015           
8.317779            
8.509080            
8.616820            
13.148261           
10.366173           
8.747693            
8.642602            
8.066820            
9.500316            
9.483097            
15.991804           
10.105156           
8.012204            
9.107197            
9.866072            
10.227404           
10.968798           
9.389848            
7.900020            
12.136036           
13.819736           
7.666799            
11.266958           
9.982921            
8.314652            
10.864458           
9.654734            
10.964924           
9.376477            
7.988678            
9.993372            
8.582639            
12.696601           
9.321395            
8.849358            
9.020097            
10.062642           
8.464815            
8.417986            
9.646305            
7.812658            
12.625184           
15.148273           
7.874787            
16.476578           
8.800618            
9.265626            
12.172649           
15.804126           
6.929249            
11.216591           
11.780606           
11.731014           
10.277504           
9.251354            
12.092753           
9.152463            
12.515916           
7.369704            
9.771639            
9.775319            
9.518964            
9.779070            
10.546991           
7.900020            
12.378282           
10.099090           
9.561337            
8.120315            
9.905085            
9.026096            
8.315656            
11.886108           
10.600105           
9.673955            
9.614085            
9.481274            
9.984959            
8.613633            
8.747693            
9.418630            
9.151175            
7.837154            
7.825856            
18.857527           
10.348624           
9.656516            
11.227757           
7.763576            
8.094376            
7.260203            
9.419890            
9.888273            
9.407947            
10.196609           
11.513399           
12.859649           
10.934809           
8.704965            
10.580502           
11.690008           
8.180569            
11.763921           
8.599308            
12.283341           
7.107125            
10.234040           
10.971258           
8.636927            
9.860664            
8.613401            
10.912829           
12.300871           
8.688700            
7.824336            
7.840580            
11.669265           
11.031652           
10.184221           
10.269983           
8.357520            
9.462490            
11.822460           
9.985740            
8.375836            
9.037817            
9.045393            
11.781257           
9.926896            
14.943163           
9.659463            
9.609532            
8.723251            
10.335929           
11.560916           
9.484800            
9.438066            
9.794295            
8.423495            
10.174572           
9.910944            
10.837772           
9.512251            
9.776541            
11.831861           
9.452352            
10.638340           
10.490533           
12.936854           
9.572398            
16.095573           
9.985584            
13.199755           
7.918994            
10.044134           
8.961849            
8.654062            
10.691821           
8.254587            
14.182991           
7.025932            
9.985513            
10.017109           
9.113436            
8.375836            
9.062986            
10.215079           
15.708786           
14.072978           
10.445112           
8.964917            
12.279488           
13.536809           
8.668285            
11.484898           
8.135248            
7.011138            
8.829137            
7.553540            
8.957417            
8.043559            
7.583272            
7.825856            
11.065993           
11.902124           
7.758043            
14.473454           
12.959727           
9.855518            
7.610491            
10.308526           
13.544222           
16.108204           
13.930089           
8.026312            
12.702349           
9.672551            
9.054332            
10.725606           
9.717105            
9.462490            
11.606190           
8.912240            
10.562232           
10.200315           
9.286353            
9.804404            
9.426219            
16.764201           
8.476108            
7.377585            
9.487725            
8.085569            
9.264861            
12.598786           
13.520809           
9.888820            
9.032369            
8.552742            
11.905311           
9.806408            
10.524157           
10.427045           
13.594436           
9.484037            
12.607197           
8.895146            
9.017421            
9.583449            
10.241672           
10.233386           
10.913816           
9.484800            
13.915358           
10.972796           
8.152659            
12.753650           
10.626550           
9.943725            
9.932720            
12.607395           
11.216902           
11.689968           
10.256139           
9.804404            
15.892039           
8.043469            
8.263310            
11.853288           
12.106251           
8.488728            
9.736439            
10.981958           
10.381951           
12.112143           
8.753497            
8.813857            
11.891074           
12.086956           
9.407430            
8.066198            
7.900020            
10.435641           
8.198999            
12.334775           
9.635626            
6.975759            
10.265081           
9.613621            
11.455416           
9.783112            
9.539350            
8.943175            
10.367239           
9.991995            
12.872165           
10.281518           
11.277536           
11.965971           
6.940042            
8.765815            
10.679210           
8.821951            
10.254834           
12.342078           
12.672276           
9.298252            
10.546991           
11.379093           
10.196022           
8.628229            
10.577420           
6.966930            
10.360487           
14.648771           
9.135847            
9.220281            
10.204105           
10.635070           
10.519410           
7.240613            
11.986513           
13.746837           
10.244031           
14.942581           
14.149923           
7.500765            
11.361668           
8.315422            
11.780200           
13.085536           
6.797729            
8.313866            
9.713676            
9.120597            
8.093489            
9.202294            
14.822195           
7.154941            
10.563127           
9.912510            
12.844635           
8.375836            
12.567144           
10.074805           
7.676586            
9.012229            
8.515306            
10.195651           
15.524896           
10.930647           
11.248784           
7.354835            
8.855181            
9.596557            
10.736282           
10.182437           
15.361550           
10.810027           
8.542458            
8.444642            
10.766783           
10.456981           
9.546578            
9.484800            
10.922633           
18.426795           
11.294065           
11.642917           
9.362488            
9.018473            
15.979046           
11.969811           
11.069653           
6.833550            
12.469468           
10.372748           
10.734614           
9.270215            
8.718984            
7.379242            
10.619033           
12.009540           
11.741736           
10.255889           
8.422361            
11.550201           
10.162863           
8.175844            
10.149854           
8.020539            
9.051271            
8.171646            
8.547649            
13.517421           
11.143671           
8.121487            
8.180764            
15.548820           
10.443841           
10.391327           
9.137569            
9.407704            
7.963956            
9.333502            
10.833550           
11.692853           
7.377387            
12.064570           
10.745518           
13.492014           
10.086466           
12.428293           
15.375507           
13.599753           
8.365214            
10.179958           
10.150973           
11.180720           
10.005559           
10.985806           
9.134824            
9.319865            
9.622868            
17.613539           
12.116156           
9.378792            
12.211586           
8.106198            
10.288435           
12.703184           
9.484800            
9.239058            
10.427853           
8.217299            
11.864984           
12.595042           
10.401239           
9.112404            
9.462490            
10.988143           
11.626433           
6.273896            
8.761465            
11.689115           
9.966765            
8.463107            
11.652843           
8.789943            
10.051363           
7.614212            
10.210113           
8.549445            
7.849091            
10.967516           
9.280084            
8.289679            
9.154842            
8.025768            
8.134374            
8.693959            
8.883992            
10.816575           
8.854775            
7.884673            
10.255945           
8.907942            
13.290623           
9.454914            
12.701945           
13.163966           
15.579744           
9.099585            
10.396617           
9.823699            
10.734580           
7.468651            
13.563686           
10.420904           
8.544081            
7.999009            
8.000782            
9.349764            
7.767482            
11.890243           
7.900020            
9.855735            
9.928481            
8.255405            
8.788410            
9.334228            
10.509778           
7.751293            
8.757290            
10.714855           
10.409966           
8.650150            
14.701822           
9.987895            
9.612773            
11.574489           
10.636402           
9.396984            
12.382196           
8.551141            
10.546991           
8.458666            
10.518757           
9.187764            
9.609532            
10.166657           
6.950832            
11.518238           
12.128214           
8.342027            
11.562732           
11.456266           
11.881836           
8.526605            
17.761644           
9.353581            
10.638582           
9.952831            
9.800649            
19.381805           
15.992241           
9.124594            
8.877901            
10.815028           
9.614085            
9.387340            
15.706244           
16.345337           
11.227880           
9.287397            
9.051346            
10.962702           
7.706714            
12.774365           
8.698461            
10.961330           
8.434651            
9.129081            
11.502216           
10.154433           
9.124296            
7.492700            
8.661788            
12.969910           
