12.273983           
12.719339           
12.922304           
9.250096            
9.935563            
15.475049           
16.349493           
16.649683           
9.524803            
9.161747            
8.995502            
10.227021           
13.851751           
10.350120           
14.126489           
17.796130           
11.514184           
11.304735           
10.538622           
14.102797           
9.189283            
12.687411           
10.661655           
19.873878           
11.856746           
15.132572           
15.392968           
9.885824            
11.728256           
10.277566           
11.176740           
13.750237           
10.835017           
9.726105            
10.689281           
12.797757           
12.935401           
16.211923           
13.127370           
13.981034           
9.996963            
12.083727           
12.251600           
11.906457           
14.102797           
13.610462           
12.998624           
13.402140           
11.227064           
8.956974            
16.067547           
20.807657           
12.361509           
10.686504           
10.587765           
9.347574            
16.649683           
10.565386           
12.875297           
10.164387           
12.922304           
10.661655           
11.942920           
10.661655           
8.956974            
17.092439           
15.992305           
11.105865           
12.110482           
8.961951            
10.348226           
14.980749           
8.595800            
9.539488            
14.232169           
13.651933           
9.033480            
9.714864            
10.963762           
13.402140           
9.788268            
9.371505            
16.555565           
11.743513           
14.826395           
10.577092           
14.131313           
10.390769           
9.958748            
10.784171           
16.793256           
8.167447            
13.402140           
13.314838           
14.405937           
12.194850           
9.502395            
9.635453            
8.152975            
14.797368           
11.181862           
16.580987           
14.945213           
11.054512           
11.022013           
13.402140           
12.776991           
16.637766           
11.889998           
9.820714            
15.288713           
13.402140           
12.215379           
13.610462           
8.956974            
14.245072           
9.441309            
12.218562           
21.575682           
11.471209           
10.214588           
10.604632           
14.102797           
14.297348           
13.505125           
9.880191            
10.114112           
9.025925            
14.423604           
10.439221           
12.760535           
10.349233           
10.034016           
20.888205           
8.937400            
12.120085           
6.930972            
15.086352           
19.657124           
18.699116           
20.667094           
13.402140           
17.880566           
15.723005           
10.488797           
10.661655           
17.529102           
8.429740            
18.378609           
12.525701           
10.964565           
11.423576           
10.796265           
6.874745            
14.245072           
11.008670           
13.402140           
10.450358           
7.636218            
10.144270           
10.742925           
21.827080           
11.802969           
13.471402           
11.147005           
12.120085           
13.471402           
15.165302           
12.252002           
8.738437            
10.663227           
16.329473           
12.922304           
11.779379           
25.172373           
9.968469            
13.181108           
12.922304           
8.232944            
10.885094           
13.091359           
14.569040           
8.056047            
9.555925            
9.645915            
13.841753           
10.645191           
13.593864           
13.610462           
11.513449           
12.719339           
10.661655           
9.379892            
11.191331           
8.453029            
9.631708            
13.923483           
13.475043           
8.784000            
12.529544           
9.631708            
12.922304           
14.483313           
10.905526           
13.610462           
10.344449           
9.108121            
16.887030           
13.092054           
12.252002           
12.922304           
14.934649           
14.245072           
14.368886           
10.368433           
13.518751           
14.245072           
12.922304           
12.776114           
12.648118           
7.742125            
8.697668            
14.905939           
10.981921           
18.594780           
13.402140           
9.017646            
9.627556            
13.402140           
10.348226           
9.783900            
9.766194            
13.402140           
13.283163           
10.778068           
9.504225            
13.314702           
16.740678           
11.070835           
12.663320           
12.786816           
14.245072           
9.617626            
17.125653           
14.356492           
14.163277           
15.117794           
14.711329           
12.120085           
11.550496           
10.661655           
8.858212            
11.063448           
9.054248            
11.045590           
12.922304           
14.245072           
8.479388            
16.343943           
13.664069           
9.207226            
13.299092           
11.480217           
14.077046           
12.742103           
10.651333           
10.004177           
12.600845           
14.595268           
9.352909            
13.525092           
10.784700           
10.515135           
15.717965           
10.831945           
10.101975           
14.102797           
10.916445           
10.431660           
18.827431           
14.076191           
16.706873           
9.254160            
13.765901           
13.098992           
17.547291           
10.778068           
9.996960            
9.497776            
11.915718           
16.236088           
10.917273           
11.732925           
18.312822           
13.402140           
8.462435            
14.469701           
13.794159           
9.969752            
13.471402           
19.306837           
15.232860           
14.895118           
14.269034           
8.583605            
15.445151           
12.252002           
9.867901            
11.483666           
11.097893           
12.120085           
13.207142           
8.956974            
10.643485           
14.102797           
11.471209           
12.469739           
13.299092           
14.448141           
13.115290           
9.050895            
11.545555           
9.468833            
13.750237           
7.880669            
9.446119            
8.084429            
15.348322           
21.927134           
14.389558           
10.256330           
14.458503           
13.402140           
10.812222           
13.961016           
8.835381            
9.369910            
11.097893           
17.661556           
10.064803           
7.803426            
9.254438            
18.423145           
12.852321           
12.320807           
12.637794           
14.102797           
11.097893           
9.136251            
18.312822           
14.222382           
12.922304           
13.219040           
15.155616           
13.241687           
10.936351           
10.840188           
13.305862           
11.151794           
8.732128            
11.627124           
9.390037            
13.402140           
11.896754           
10.693029           
13.402140           
13.660984           
9.347574            
14.231836           
10.333066           
13.750237           
11.477781           
10.386935           
13.110267           
11.205043           
16.198846           
10.246689           
9.880191            
12.480026           
9.631708            
8.826854            
10.409115           
13.403132           
11.392894           
14.130450           
13.750237           
12.982421           
11.030964           
10.764629           
13.941555           
12.725798           
12.120085           
10.827394           
10.084193           
11.075803           
14.102797           
8.823860            
10.646221           
11.471209           
9.046890            
11.471209           
9.934171            
20.636324           
10.778068           
12.786816           
8.110297            
9.631708            
14.374445           
9.479669            
12.786816           
10.509809           
13.634016           
10.844810           
9.313300            
11.958403           
12.004536           
16.289140           
12.252002           
11.801037           
11.897930           
9.468833            
9.352909            
13.610462           
14.342625           
12.922304           
17.151223           
14.354590           
18.088186           
9.631708            
7.979598            
11.227888           
11.805880           
10.227021           
9.849869            
15.534675           
14.523561           
10.252568           
14.145572           
10.062870           
8.986671            
9.780107            
20.186570           
7.642346            
16.518223           
14.377169           
9.750375            
13.610462           
10.520462           
16.965422           
14.187209           
12.065106           
10.703698           
13.610462           
12.922304           
13.009578           
11.727976           
10.514453           
24.242528           
14.982202           
8.507544            
16.261001           
16.092491           
14.238918           
10.819088           
10.661655           
10.778068           
11.886163           
15.812769           
10.538622           
16.491965           
13.750237           
14.088908           
11.997716           
15.876482           
11.618656           
12.719339           
14.256794           
13.477652           
11.058125           
10.778068           
14.102797           
12.719339           
9.669114            
9.296675            
14.002075           
23.008598           
15.063944           
13.591894           
8.709233            
10.840188           
25.829019           
10.805541           
11.014009           
11.385154           
18.125789           
10.593280           
14.245072           
10.227021           
14.245072           
13.273536           
10.838004           
8.455282            
13.883744           
8.232944            
15.600890           
10.610961           
12.120085           
13.402140           
10.890827           
13.457884           
13.402140           
14.169850           
13.355413           
12.076271           
8.785474            
8.746208            
14.448141           
15.937193           
11.016572           
10.481571           
8.916436            
11.184685           
8.784000            
14.279639           
14.102797           
14.098426           
11.471209           
16.280925           
9.625687            
10.716644           
7.373903            
11.878318           
13.750237           
13.610462           
7.683349            
10.079527           
11.408991           
10.873529           
7.593342            
15.274038           
12.994201           
12.120085           
18.237265           
9.599097            
11.046768           
8.620929            
13.277401           
10.477493           
15.924630           
10.159116           
11.018986           
10.827960           
12.203270           
12.719339           
12.042879           
17.151223           
14.659899           
16.440553           
12.922304           
14.064718           
12.212739           
12.018835           
13.070574           
12.719339           
15.508572           
14.102797           
13.402140           
14.277981           
11.255245           
12.120085           
14.245072           
10.590107           
17.796130           
10.847103           
12.378951           
16.812131           
13.235099           
10.661655           
9.917830            
12.242832           
11.647837           
12.922304           
17.343445           
14.102797           
8.690091            
12.922304           
11.097893           
10.661655           
12.611745           
14.839017           
10.009508           
11.585146           
12.490245           
10.675186           
12.835278           
9.278923            
14.238337           
14.406207           
9.597349            
9.150033            
11.471209           
12.124878           
12.076875           
12.480049           
14.245072           
9.013349            
11.097893           
11.425615           
11.097893           
11.936041           
15.204424           
9.282650            
17.018687           
14.584164           
10.756414           
8.678046            
11.367206           
14.130135           
10.118029           
12.922304           
10.785480           
10.858093           
9.825706            
13.103042           
12.922304           
10.299501           
13.610462           
10.024435           
9.714663            
22.298525           
11.731388           
15.232860           
14.748657           
15.195334           
14.102797           
13.977865           
11.956227           
14.102797           
10.248990           
12.786816           
12.132315           
12.922304           
14.748657           
12.922304           
9.347574            
12.576572           
9.661732            
11.278216           
9.474103            
11.741552           
21.346401           
10.045412           
17.726694           
13.397778           
14.665516           
13.163103           
10.778068           
13.222168           
12.786816           
10.204919           
13.301392           
15.957031           
12.120085           
9.880191            
11.640247           
16.852573           
13.672625           
14.182270           
10.348226           
9.149501            
12.459568           
13.976579           
12.252002           
13.653320           
8.775986            
11.627124           
13.402140           
9.466383            
11.492372           
11.197742           
13.057695           
9.934171            
13.471402           
10.728340           
8.389724            
13.168802           
23.348550           
12.633469           
14.163277           
8.484380            
12.719339           
11.657334           
11.097893           
14.045455           
9.377805            
14.102797           
9.467427            
13.925176           
11.629810           
10.878829           
8.859343            
10.770790           
10.073466           
14.579589           
10.348226           
8.012825            
12.320807           
16.636231           
10.538622           
12.786816           
9.321103            
14.300925           
12.849273           
10.348226           
15.611458           
9.347574            
12.789990           
11.916628           
13.131682           
9.352909            
12.922304           
10.290797           
12.922304           
13.402140           
14.565665           
9.343205            
9.989299            
12.659013           
12.401174           
12.978872           
13.492801           
11.546401           
15.569467           
14.288522           
18.344800           
10.778068           
10.719187           
12.694371           
8.872699            
12.922304           
15.830918           
10.348226           
11.950958           
13.402140           
19.155184           
11.222771           
13.822910           
13.944213           
8.028333            
9.008676            
16.825753           
10.355233           
11.190668           
14.748657           
9.347574            
14.748657           
14.290608           
10.992176           
10.661655           
11.466832           
11.877604           
14.033938           
13.877316           
10.801424           
9.835182            
8.620650            
8.759512            
14.785897           
11.216060           
12.922304           
9.095104            
10.661655           
14.429041           
14.406207           
22.234127           
17.428043           
12.111205           
10.661655           
8.450477            
8.728807            
13.944409           
11.033356           
10.965347           
11.878010           
9.934171            
12.922304           
9.658150            
14.342625           
15.474986           
13.283130           
10.644045           
17.016147           
10.241949           
14.245072           
9.445885            
10.531481           
10.185682           
9.341861            
9.870023            
8.294936            
9.468833            
10.617685           
11.001484           
10.553712           
8.683216            
9.054248            
10.309223           
12.865326           
11.414001           
10.988815           
14.748657           
12.635291           
15.516266           
9.352909            
13.566837           
12.120085           
15.747400           
12.922304           
12.719339           
12.512594           
19.920676           
14.748657           
13.750237           
14.705156           
11.319188           
8.621577            
9.053264            
16.198846           
12.126984           
10.482957           
11.923557           
11.585429           
14.924924           
12.701866           
7.373903            
13.402140           
11.604975           
9.744176            
12.786816           
14.102797           
13.610462           
10.227021           
12.815401           
12.786816           
7.673906            
10.348226           
10.320187           
6.874745            
14.693183           
12.719339           
8.712764            
15.348322           
12.719339           
10.778068           
9.239170            
14.004124           
11.428245           
11.651990           
11.670548           
8.895301            
14.234402           
16.230383           
13.940500           
11.061557           
9.742957            
11.471209           
13.402140           
12.572512           
15.381526           
11.386965           
14.748657           
12.314285           
12.252002           
10.538622           
10.731872           
8.536740            
13.471402           
14.278355           
7.635220            
9.390460            
8.882554            
14.062876           
14.544606           
14.102797           
13.839113           
10.840188           
18.979020           
10.060391           
13.750237           
18.049677           
10.216436           
13.643765           
11.120967           
9.054248            
8.363898            
11.409805           
13.110189           
13.750237           
15.161847           
11.225796           
13.610462           
7.373903            
17.997107           
11.902450           
10.814948           
9.880191            
12.902827           
14.102797           
14.102797           
14.890296           
9.067299            
14.279639           
10.641757           
18.210664           
9.245327            
10.116240           
10.885507           
12.686430           
7.743088            
14.245072           
11.454393           
14.192531           
14.245072           
16.260258           
13.913444           
13.402140           
12.713326           
10.638956           
8.902924            
11.184811           
8.564888            
14.448141           
12.253119           
9.234002            
15.303679           
12.182988           
11.886133           
14.245072           
7.930359            
20.127664           
14.102797           
12.086377           
13.376142           
14.102797           
13.299092           
7.967803            
10.649597           
15.986683           
11.038841           
11.686996           
10.432429           
11.018868           
8.433873            
11.068910           
16.254286           
9.868176            
9.411563            
18.004205           
10.921492           
11.133850           
14.102797           
9.028668            
9.680754            
11.097893           
10.991600           
11.480846           
10.348226           
8.455282            
9.864556            
17.734078           
9.869398            
12.599530           
11.610556           
23.087343           
12.480026           
14.102797           
12.922304           
13.260383           
9.371990            
11.962544           
15.332293           
10.348226           
10.241464           
21.806912           
13.376142           
15.649195           
13.411854           
12.164375           
10.607119           
11.455963           
8.558339            
8.809481            
10.299501           
10.778068           
14.043625           
17.426713           
11.426598           
11.184910           
14.523561           
