1                   140017                          2.272837            -60.542285          0                   2010/1/1          2010/6/30         1                   15164.859060        0.00100             3051                16.07               3.55                14.90               3.86                F 
2                   120033                          -7.504430           -73.439094          44.57               2010/11/1         2010/12/31        2                   3501.686913         0.00100             3055                9.73                3.61                16.01               4.00                F 
3                   150309                          -4.027193           -49.005718          0                   2010/1/1          2010/6/30         1                   2334.747113         0.00100             4285                7.85                3.61                16.12               4.02                F 
4                   110080                          -8.886994           -63.325621          0                   2010/6/1          2010/11/30        1                   1877.665530         0.00100             2630                8.47                3.63                16.17               4.02                F 
5                   150548                          -3.684126           -50.631681          81.99               2010/11/1         2010/12/31        2                   1183.475203         0.00100             1844                8.23                3.64                16.24               4.03                F 
6                   150503                          -8.062277           -55.612026          198.38              2010/1/1          2010/6/30         3                   832.890283          0.00100             5731                5.83                3.63                16.27               4.03                F 
7                   150110                          -2.373143           -50.181767          0                   2010/7/1          2010/9/30         1                   626.726228          0.00100             3585                6.04                3.64                16.29               4.04                F 
8                   160053                          0.585628            -51.669983          0                   2010/7/1          2010/8/31         1                   278.562975          0.00100             578                 7.63                3.66                16.33               4.04                F 
9                   160005                          1.651748            -52.268139          0                   2010/1/1          2010/2/28         1                   144.652359          0.00100             137                 9.54                3.67                16.34               4.04                F 
10                  150280                          -1.583462           -49.988034          0                   2010/4/1          2010/7/31         1                   135.077040          0.00100             3357                4.81                3.66                16.34               4.04                F 
11                  150640                          -0.583350           -49.313859          0                   2010/7/1          2010/9/30         1                   30.214289           0.00100             207                 5.85                3.67                16.35               4.04                F 
12                  130360                          -0.318364           -65.521329          0                   2010/5/1          2010/6/30         1                   15.917442           0.220               270                 5.06                3.67                16.36               4.04                F 
13                  130356                          -2.529823           -59.638380          0                   2010/1/1          2010/2/28         1                   8.309828            0.999               532                 4.38                3.67                16.36               4.04                F 
