1                   120042                          -7.843835           -73.223448          0                   2006/1/1          2006/3/31         1                   64925.453815        0.00100             4514                45.79               6.52                47.01               6.86                F 
2                   130165                          -7.229781           -72.844588          0                   2006/1/1          2006/6/30         1                   21300.874495        0.00100             4733                29.50               6.65                55.26               7.43                F 
3                   130115                          -3.286012           -59.598677          84.28               2006/7/1          2006/11/30        4                   7434.155954         0.00100             12710               15.06               6.65                58.17               7.63                F 
4                   120033                          -7.504430           -73.439094          0                   2006/5/1          2006/10/31        1                   6932.355449         0.00100             6293                18.19               6.72                58.28               7.63                F 
5                   130090                          -7.300758           -64.061903          0                   2006/7/1          2006/12/31        1                   6147.989753         0.00100             2068                25.57               6.78                58.45               7.65                F 
6                   130240                          -8.375601           -65.811663          0                   2006/6/1          2006/11/30        1                   4729.632206         0.00100             4549                17.91               6.76                58.76               7.67                F 
7                   150548                          -3.684126           -50.631681          81.99               2006/7/1          2006/10/31        2                   4621.124207         0.00100             5850                16.48               6.75                58.78               7.67                F 
8                   110080                          -8.886994           -63.325621          44.04               2006/7/1          2006/12/31        2                   3751.787933         0.00100             6908                14.83               6.75                58.97               7.68                F 
9                   160005                          1.651748            -52.268139          122.03              2006/7/1          2006/12/31        4                   3009.357201         0.00100             2932                17.87               6.79                59.13               7.69                F 
10                  110033                          -10.382167          -64.629100          83.70               2006/1/1          2006/2/28         2                   2496.176833         0.00100             1860                19.47               6.81                59.25               7.70                F 
11                  140017                          2.272837            -60.542285          0                   2006/1/1          2006/2/28         1                   2214.263518         0.00100             1084                22.43               6.82                59.31               7.70                F 
12                  510757                          -10.463060          -61.009966          0                   2006/7/1          2006/12/31        1                   2074.635069         0.00100             704                 25.58               6.83                59.34               7.70                F 
13                  130320                          -2.048246           -61.703420          0                   2006/7/1          2006/9/30         1                   1961.247196         0.00100             1189                20.86               6.82                59.36               7.70                F 
14                  150300                          -1.159150           -57.805908          243.74              2006/7/1          2006/10/31        14                  679.127746          0.00100             6621                10.33               6.81                59.65               7.72                F 
15                  150070                          -0.827133           -49.961391          0                   2006/7/1          2006/9/30         1                   381.982891          0.00100             3211                10.61               6.83                59.71               7.73                F 
16                  130008                          -3.501857           -61.717988          49.91               2006/7/1          2006/8/31         2                   270.454677          0.00100             1063                12.36               6.84                59.74               7.73                F 
17                  510615                          -9.768441           -58.076941          249.75              2006/6/1          2006/8/31         16                  216.374425          0.00100             1936                10.50               6.84                59.75               7.73                F 
18                  120034                          -9.381104           -69.853779          209.39              2006/6/1          2006/8/31         11                  213.527359          0.00100             1293                11.29               6.84                59.75               7.73                F 
19                  110160                          -10.121769          -62.342505          126.55              2006/7/1          2006/8/31         18                  151.635349          0.00100             6004                8.58                6.83                59.76               7.73                F 
20                  130002                          -3.694685           -65.324447          0                   2006/7/1          2006/8/31         1                   82.743755           0.00100             634                 10.80               6.85                59.78               7.73                F 
21                  120039                          -8.491909           -72.733551          0                   2006/1/1          2006/2/28         1                   22.881444           0.179               215                 10.42               6.85                59.79               7.73                F 
