1                   1                   1                   5236                78.84               6.47                54.36               7.37                
2                   1                   1                   6826                32.57               6.81                92.39               9.61                
3                   1                   1                   8326                22.13               6.90                96.69               9.83                
4                   1                   1                   3445                27.43               6.99                97.49               9.87                
5                   1                   1                   17313               15.33               6.86                97.87               9.89                
6                   1                   1                   1998                31.24               7.03                97.93               9.90                
7                   1                   1                   10864               16.76               6.93                98.16               9.91                
8                   1                   1                   6427                16.66               7.00                98.89               9.94                
9                   1                   1                   7291                15.07               7.01                99.10               9.95                
10                  1                   1                   2422                20.63               7.05                99.14               9.96                
11                  1                   1                   2945                19.26               7.05                99.15               9.96                
12                  1                   1                   3407                15.28               7.06                99.50               9.97                
13                  1                   1                   3709                14.84               7.06                99.51               9.98                
14                  1                   1                   4577                12.68               7.07                99.64               9.98                
15                  1                   1                   1495                16.37               7.08                99.67               9.98                
16                  1                   1                   1974                11.28               7.09                99.83               9.99                
17                  1                   1                   1039                12.82               7.10                99.83               9.99                
18                  1                   1                   1220                12.12               7.10                99.83               9.99                
19                  1                   1                   2491                9.87                7.10                99.85               9.99                
20                  1                   1                   6638                8.71                7.09                99.85               9.99                
21                  1                   1                   811                 10.42               7.10                99.87               9.99                
