130020                          1                   0.00100             3384                7.79                2.96                2374                7.35                -5.711904           -71.741371          F 
130060                          1                   0.00100             3384                7.79                2.96                1010                8.82                -5.426669           -70.276117          F 
120033                          2                   0.00100             3280                7.63                2.96                2012                7.43                -7.504430           -73.439094          F 
120042                          2                   0.00100             3280                7.63                2.96                1268                7.96                -7.843835           -73.223448          F 
150110                          3                   0.00100             4403                6.91                2.96                1282                5.11                -2.373143           -50.181767          F 
150520                          3                   0.00100             4403                6.91                2.96                3121                7.65                -2.278919           -49.902330          F 
150250                          4                   0.00100             1562                7.48                3.00                1403                6.97                -0.0324006          -49.837892          F 
150640                          4                   0.00100             1562                7.48                3.00                159                 12.00               -0.583350           -49.313859          F 
150085                          5                   0.00100             1498                7.41                3.00                1498                7.41                -3.997185           -51.301278          F 
110080                          6                   0.00100             2260                6.52                2.99                2260                6.52                -8.886994           -63.325621          F 
160015                          7                   0.00100             1711                6.99                3.00                352                 7.13                1.157614            -52.519564          F 
160005                          7                   0.00100             1711                6.99                3.00                162                 10.14               1.651748            -52.268139          F 
160027                          7                   0.00100             1711                6.99                3.00                75                  1.04                1.101364            -53.310546          F 
160053                          7                   0.00100             1711                6.99                3.00                524                 8.41                0.585628            -51.669983          F 
160023                          7                   0.00100             1711                6.99                3.00                95                  5.31                0.957104            -51.417351          F 
160055                          7                   0.00100             1711                6.99                3.00                11                  0.70                1.625815            -51.278530          F 
160040                          7                   0.00100             1711                6.99                3.00                492                 5.71                -0.0668366          -51.951193          F 
130090                          8                   0.00100             689                 9.23                3.01                689                 9.23                -7.300758           -64.061903          F 
140017                          9                   0.00100             776                 6.83                3.01                776                 6.83                2.272837            -60.542285          F 
130406                          10                  0.00100             2200                4.94                3.01                2200                4.94                -4.028517           -69.678087          F 
150503                          11                  0.00100             767                 6.10                3.01                767                 6.10                -8.062277           -55.612026          F 
130185                          12                  0.00100             944                 5.58                3.01                944                 5.58                -3.095219           -60.479687          F 
130180                          13                  0.00100             556                 4.34                3.02                556                 4.34                -7.180512           -71.412867          F 
130002                          14                  0.00100             497                 4.23                3.02                497                 4.23                -3.694685           -65.324447          F 
150380                          15                  0.862               2330                3.35                3.02                33                  1.65                -4.598533           -49.181198          F 
150497                          15                  0.862               2330                3.35                3.02                6                   0.66                -4.981070           -49.230771          F 
150309                          15                  0.862               2330                3.35                3.02                774                 3.51                -4.027193           -49.005718          F 
150157                          15                  0.862               2330                3.35                3.02                8                   0.064               -5.054267           -48.763514          F 
150618                          15                  0.862               2330                3.35                3.02                42                  0.51                -4.516927           -48.460037          F 
150013                          15                  0.862               2330                3.35                3.02                0                   n/a                 -4.957319           -48.424601          F 
150370                          15                  0.862               2330                3.35                3.02                29                  0.14                -5.114824           -49.869706          F 
150178                          15                  0.862               2330                3.35                3.02                129                 0.79                -3.733484           -49.371220          F 
170740                          15                  0.862               2330                3.35                3.02                0                   n/a                 -5.326292           -48.540319          F 
211153                          15                  0.862               2330                3.35                3.02                0                   n/a                 -5.133524           -48.368980          F 
150750                          15                  0.862               2330                3.35                3.02                10                  0.20                -5.447323           -48.696792          F 
150810                          15                  0.862               2330                3.35                3.02                147                 1.22                -3.856279           -49.821134          F 
172030                          15                  0.862               2330                3.35                3.02                0                   n/a                 -5.241004           -48.331743          F 
150506                          15                  0.862               2330                3.35                3.02                121                 0.92                -4.502843           -50.271610          F 
150715                          15                  0.862               2330                3.35                3.02                3                   0.28                -5.657595           -48.730594          F 
211285                          15                  0.862               2330                3.35                3.02                0                   n/a                 -5.074800           -48.080496          F 
170380                          15                  0.862               2330                3.35                3.02                0                   n/a                 -5.337669           -48.136314          F 
150420                          15                  0.862               2330                3.35                3.02                66                  0.13                -5.629800           -50.016960          F 
150293                          15                  0.862               2330                3.35                3.02                2                   0.038               -4.186576           -47.898112          F 
150175                          15                  0.862               2330                3.35                3.02                0                   n/a                 -5.735507           -48.431889          F 
170389                          15                  0.862               2330                3.35                3.02                0                   n/a                 -5.337173           -48.009925          F 
210325                          15                  0.862               2330                3.35                3.02                0                   n/a                 -5.057161           -47.829783          F 
171880                          15                  0.862               2330                3.35                3.02                0                   n/a                 -5.329649           -47.918819          F 
150295                          15                  0.862               2330                3.35                3.02                1                   0.16                -6.069645           -49.245435          F 
170220                          15                  0.862               2330                3.35                3.02                0                   n/a                 -5.665841           -48.104822          F 
170255                          15                  0.862               2330                3.35                3.02                0                   n/a                 -5.497818           -47.928155          F 
150549                          15                  0.862               2330                3.35                3.02                0                   n/a                 -5.927267           -48.370184          F 
150120                          15                  0.862               2330                3.35                3.02                73                  1.38                -3.129827           -49.698980          F 
171830                          15                  0.862               2330                3.35                3.02                0                   n/a                 -5.474839           -47.781932          F 
150745                          15                  0.862               2330                3.35                3.02                0                   n/a                 -6.189251           -48.748223          F 
150277                          15                  0.862               2330                3.35                3.02                5                   0.055               -6.228930           -49.624611          F 
150548                          15                  0.862               2330                3.35                3.02                881                 5.10                -3.684126           -50.631681          F 
