9.663781            
11.191642           
11.172362           
12.839895           
12.224340           
10.957289           
9.849538            
18.404899           
18.124849           
21.242613           
18.404899           
18.404899           
10.169180           
10.064566           
18.404899           
11.038667           
12.975241           
13.035387           
14.207488           
12.213035           
11.979124           
18.404899           
12.757700           
10.836780           
13.148237           
9.104932            
18.404899           
13.641857           
10.725264           
25.498212           
18.404899           
15.082238           
9.804416            
18.404899           
9.634014            
10.565000           
9.327768            
13.284945           
18.404899           
9.673951            
15.549676           
12.738978           
21.242613           
9.794590            
18.404899           
8.563926            
11.223084           
10.802328           
7.729749            
18.404899           
18.404899           
12.239255           
10.534495           
11.718182           
18.724928           
9.205868            
10.684979           
10.521976           
12.111666           
8.973310            
10.339925           
18.404899           
12.473799           
18.404899           
10.839582           
18.404899           
12.951562           
18.404899           
10.716036           
10.118875           
8.578049            
9.470014            
11.474521           
7.184780            
18.404899           
9.180925            
12.259479           
18.404899           
9.743012            
18.404899           
8.147365            
18.095647           
21.087683           
18.404899           
11.695851           
14.886055           
9.715414            
9.010434            
15.009666           
16.557115           
8.599397            
18.404899           
18.404899           
18.404899           
13.713502           
9.259068            
9.005057            
13.178389           
18.404899           
8.840803            
9.864592            
11.712340           
13.160522           
16.039490           
11.827971           
18.900572           
22.171684           
18.404899           
11.955222           
10.471836           
18.404899           
9.773788            
11.062308           
18.149119           
22.171684           
10.144552           
11.659399           
10.096135           
18.404899           
10.696260           
18.404899           
10.534495           
17.817188           
10.837884           
9.935993            
11.286124           
18.404899           
9.926801            
9.415259            
12.047700           
8.397783            
9.872986            
16.380412           
11.535970           
18.404899           
18.404899           
10.655939           
9.626325            
12.061600           
10.556969           
10.190653           
11.923196           
11.110534           
18.404899           
14.053283           
11.547308           
18.404899           
11.931305           
11.911087           
18.404899           
18.404899           
9.478255            
12.473458           
15.901422           
11.740467           
7.040234            
16.022887           
20.965914           
10.716474           
11.907200           
18.404899           
21.242613           
18.830022           
11.754721           
9.607236            
19.128017           
9.239014            
18.404899           
9.807518            
15.786993           
12.643346           
18.404899           
11.610355           
11.593120           
16.942748           
18.370459           
9.677848            
11.387362           
10.000291           
18.404899           
10.938552           
11.042054           
8.498541            
11.722119           
8.011905            
15.353020           
14.257957           
10.327890           
9.523030            
16.873954           
18.404899           
18.404899           
9.660354            
11.904510           
15.223074           
9.811530            
13.721348           
13.456290           
10.011900           
11.725234           
12.911686           
14.265370           
13.321195           
18.404899           
18.404899           
18.404899           
7.248046            
7.925634            
12.883979           
10.534495           
13.775899           
18.404899           
10.798205           
9.892984            
10.250536           
18.404899           
10.367652           
18.404899           
8.326096            
9.335781            
18.404899           
12.280401           
12.061705           
12.273510           
12.134524           
11.762990           
18.404899           
8.036909            
12.313340           
10.245627           
14.932748           
18.404899           
15.446629           
18.404899           
11.256402           
11.330066           
12.643346           
18.404899           
12.690859           
10.370147           
11.220135           
11.395927           
11.136934           
9.984859            
11.550856           
9.060722            
8.828769            
8.807033            
9.661431            
15.674499           
11.658577           
7.781021            
18.404899           
11.781783           
11.732253           
7.752657            
10.165752           
14.066740           
20.946921           
8.643844            
12.925559           
7.203631            
9.786265            
18.404899           
13.352509           
15.921257           
8.921409            
14.148116           
15.722188           
14.391919           
15.829826           
18.863976           
18.404899           
11.498195           
8.375666            
10.910643           
18.404899           
15.722188           
13.335514           
18.404899           
12.546554           
18.404899           
10.412222           
22.171684           
11.621859           
18.404899           
10.485920           
10.911110           
13.638684           
10.025209           
10.759516           
10.822955           
21.242613           
18.404899           
11.326412           
11.556171           
18.404899           
10.064258           
12.316175           
14.031358           
18.404899           
12.883564           
11.597963           
18.404899           
12.165842           
9.950979            
9.849538            
8.711935            
17.817188           
10.128970           
16.447707           
18.404899           
11.168788           
9.822472            
9.858538            
8.644610            
9.943830            
18.404899           
16.765929           
9.297204            
9.374035            
8.167516            
8.191063            
18.404899           
8.906853            
8.882268            
13.782921           
9.626325            
12.073452           
18.404899           
12.221264           
13.633517           
10.645431           
16.777872           
10.387068           
10.731669           
10.406382           
18.404899           
14.313745           
13.488749           
11.888391           
18.404899           
20.034952           
18.404899           
13.209635           
11.507000           
18.404899           
13.348443           
9.626325            
10.977207           
11.910856           
22.141737           
11.737238           
18.404899           
13.645050           
10.556634           
11.738097           
8.280111            
11.615984           
12.743226           
13.778825           
18.404899           
10.233468           
9.883907            
11.966303           
18.404899           
11.654043           
9.926801            
10.657197           
22.171684           
13.990640           
10.880845           
8.386300            
15.495377           
10.565000           
9.288913            
11.223084           
11.905768           
13.730418           
9.990369            
18.404899           
10.423835           
11.556171           
9.926801            
12.504757           
7.849749            
18.404899           
13.834961           
8.591495            
20.953910           
8.980963            
10.726423           
18.404899           
12.040937           
11.136978           
9.651226            
8.676922            
10.554104           
12.861908           
11.065635           
10.565000           
18.404899           
8.279191            
12.295687           
10.565000           
9.234244            
14.890658           
18.404899           
13.261913           
9.301035            
14.685542           
9.278072            
13.286892           
9.345540            
18.696999           
11.755201           
18.404899           
12.193626           
23.312777           
9.219536            
18.404899           
10.565000           
8.528384            
9.722737            
7.953785            
11.653366           
11.734919           
18.404899           
18.404899           
11.851576           
8.268423            
18.404899           
8.067167            
10.102520           
10.045753           
9.609898            
10.443582           
13.277329           
18.404899           
8.752062            
13.314408           
7.114644            
9.626325            
14.461804           
11.132656           
7.917909            
15.495377           
10.003323           
7.892229            
10.360532           
13.981377           
8.413051            
18.404899           
11.219387           
8.466264            
18.404899           
9.839572            
10.015294           
8.997575            
11.757604           
9.353668            
8.302460            
9.905738            
11.643479           
19.359725           
10.806833           
18.404899           
12.890219           
10.230956           
11.631157           
13.220952           
9.786209            
15.078996           
18.404899           
11.041274           
13.190214           
10.640610           
9.437302            
9.971555            
10.898137           
10.071423           
18.404899           
18.404899           
10.324988           
13.388264           
10.808993           
18.404899           
9.005619            
10.862726           
18.404899           
12.078092           
21.129510           
18.404899           
10.809322           
9.251872            
11.314646           
18.404899           
18.404899           
8.576730            
10.339925           
10.565000           
12.597617           
9.755267            
18.404899           
18.404899           
12.547117           
18.404899           
18.404899           
10.534495           
22.714483           
11.514737           
18.404899           
12.647741           
18.404899           
8.281264            
8.824015            
7.067937            
12.557292           
11.582688           
9.484945            
12.051832           
12.069242           
13.102914           
18.404899           
11.524421           
19.046264           
18.470399           
18.404899           
18.404899           
9.950504            
17.669823           
13.734988           
10.136323           
18.404899           
7.494354            
10.565000           
22.127479           
14.897405           
18.404899           
18.404899           
21.242613           
9.264732            
9.626325            
9.951393            
10.277066           
11.090911           
10.370677           
10.353146           
12.159324           
12.053768           
9.534058            
11.864632           
12.318479           
10.637593           
9.626325            
11.480472           
9.926801            
14.540448           
11.978894           
11.600758           
18.404899           
18.404899           
8.241429            
19.197816           
11.434338           
13.468913           
18.404899           
16.897190           
13.474414           
27.594481           
10.780291           
11.147599           
18.404899           
11.316484           
8.849982            
12.277603           
14.520304           
9.274868            
11.142923           
10.712612           
11.926579           
18.404899           
21.242613           
18.404899           
18.404899           
18.404899           
11.675557           
12.280367           
10.045921           
15.387519           
11.373621           
21.242613           
12.422074           
18.404899           
12.381658           
9.848661            
18.404899           
8.955361            
18.404899           
18.404899           
11.823673           
9.060057            
9.579976            
8.499526            
13.801492           
7.385653            
10.311961           
9.626325            
12.583646           
10.075181           
13.908383           
10.593017           
7.342786            
8.508654            
13.615936           
10.884465           
14.107455           
9.215002            
18.404899           
8.186166            
12.675673           
12.322992           
12.314245           
18.404899           
18.404899           
20.965914           
14.868098           
16.020243           
8.514146            
9.185109            
15.734753           
10.974135           
18.404899           
18.404899           
8.944250            
19.046264           
10.356627           
10.565000           
11.916763           
11.953079           
11.290562           
10.967284           
18.404899           
12.297516           
12.810753           
18.459940           
8.702678            
18.404899           
9.229390            
10.799472           
11.579245           
8.373209            
15.647094           
10.211968           
7.724866            
15.158457           
9.906854            
11.977016           
10.586002           
12.276933           
10.534495           
18.404899           
9.131829            
14.145622           
9.512212            
9.673015            
10.419442           
12.446655           
20.965914           
10.613101           
10.534495           
11.050812           
9.727527            
11.230679           
12.132481           
9.680229            
18.404899           
9.881965            
9.148348            
18.404899           
10.856863           
10.910643           
22.127479           
8.291865            
8.150216            
13.424587           
17.486620           
18.404899           
11.547308           
8.432805            
18.404899           
11.070403           
18.404899           
18.404899           
8.653588            
16.738834           
11.555459           
10.826237           
17.818010           
8.171059            
8.144802            
18.404899           
21.129510           
8.063121            
10.214558           
12.836167           
11.711772           
11.191346           
18.404899           
9.737953            
18.404899           
8.625294            
13.063159           
18.404899           
11.200374           
17.517344           
9.353668            
11.774119           
14.054073           
7.550368            
8.972880            
9.360447            
11.091714           
21.242613           
11.643493           
9.463178            
23.706068           
10.713711           
15.592204           
18.404899           
10.786562           
9.870492            
10.110703           
15.302401           
8.714045            
7.795837            
18.404899           
15.416504           
12.058885           
10.982132           
13.178467           
18.404899           
10.694356           
13.875357           
14.084072           
12.300925           
11.633109           
10.212193           
21.242613           
9.544957            
11.750551           
8.930912            
15.114874           
9.722898            
11.200073           
7.826992            
22.171684           
10.805799           
10.094438           
8.226405            
23.519742           
8.979298            
10.818379           
12.870196           
11.405379           
9.068769            
13.130471           
11.570020           
12.163420           
11.025492           
13.275670           
9.511299            
11.756698           
11.218274           
8.955983            
10.963070           
10.471974           
16.805852           
18.404899           
9.005640            
11.579245           
9.377452            
14.540448           
12.873999           
11.146208           
10.598472           
10.129586           
17.964884           
10.578993           
10.306566           
13.183735           
18.404899           
15.085239           
15.550178           
13.357734           
9.100538            
12.035259           
9.926818            
16.511896           
10.521976           
12.473458           
14.178785           
15.829165           
9.287553            
9.537815            
7.729749            
11.022603           
18.404899           
18.404899           
9.984316            
10.863769           
9.203674            
18.404899           
10.177513           
13.918286           
7.729993            
15.033017           
11.074605           
18.404899           
10.405683           
12.642365           
10.179202           
11.672398           
10.374820           
11.041431           
18.404899           
12.708904           
13.481874           
8.608996            
11.339014           
11.080070           
9.671867            
18.404899           
7.876050            
13.347882           
10.312458           
11.556171           
17.388663           
10.862612           
15.404100           
12.579406           
9.576514            
13.434093           
10.339925           
18.404899           
18.404899           
10.830462           
9.626325            
9.976592            
10.395769           
10.603806           
10.208208           
13.250414           
11.453834           
18.404899           
18.404899           
18.404899           
9.353063            
12.301018           
11.421235           
11.338010           
18.404899           
11.656128           
18.404899           
18.404899           
10.818379           
11.579245           
18.404899           
9.418809            
9.342827            
9.575003            
6.979624            
18.404899           
9.737953            
12.371312           
18.404899           
18.404899           
18.404899           
11.812697           
18.404899           
10.743843           
9.603213            
12.193716           
11.171308           
11.726351           
9.878970            
9.626325            
9.798913            
8.595042            
9.997952            
8.697160            
9.284846            
18.404899           
10.565000           
12.574364           
11.046902           
10.337178           
14.614494           
9.972834            
12.912839           
8.483866            
11.993692           
10.485288           
19.046264           
10.309526           
8.999292            
18.394758           
18.404899           
9.824697            
12.168945           
10.962285           
10.801240           
13.652229           
9.849538            
17.098180           
18.404899           
8.874294            
21.081360           
10.521594           
12.572312           
10.777737           
9.926801            
18.404899           
12.379542           
11.326319           
17.650021           
18.404899           
18.404899           
10.832413           
10.991377           
11.469727           
8.516867            
10.357587           
9.759891            
18.794909           
11.798538           
8.305123            
18.404899           
11.495180           
14.833324           
7.553786            
19.046264           
11.223084           
8.402105            
12.485726           
10.716634           
26.042307           
15.793451           
10.400046           
10.249336           
10.215471           
11.292014           
18.404899           
11.912343           
9.933554            
8.916883            
18.404899           
10.691382           
13.130471           
9.691502            
18.404899           
9.009508            
8.500590            
12.201155           
9.626325            
18.404899           
7.791945            
15.627043           
11.857770           
9.208730            
8.193821            
11.031016           
18.404899           
18.404899           
7.915001            
14.314042           
10.407624           
12.422267           
9.737953            
13.515962           
9.353668            
7.796756            
9.211771            
13.837448           
18.404899           
22.444250           
18.404899           
14.926508           
11.358732           
9.322983            
11.795771           
11.387584           
11.155723           
10.308727           
11.421226           
18.404899           
18.404899           
14.631768           
15.400553           
