1                   140017                          2.272837            -60.542285          0                   2011/1/1          2011/5/31         1                   7440.027567         0.00100             2015                11.99               2.90                10.81               3.29                F 
2                   110080                          -8.886994           -63.325621          0                   2011/6/1          2011/11/30        1                   6766.866635         0.00100             3353                9.63                2.89                10.86               3.30                F 
3                   160015                          1.157614            -52.519564          150.01              2011/8/1          2011/12/31        7                   5237.625409         0.00100             5861                7.39                2.88                10.98               3.31                F 
4                   150085                          -3.997185           -51.301278          81.99               2011/7/1          2011/12/31        3                   2612.989409         0.00100             5645                6.17                2.90                11.18               3.34                F 
5                   120042                          -7.843835           -73.223448          0                   2011/11/1         2011/12/31        1                   1869.605536         0.00100             1082                9.21                2.94                11.24               3.35                F 
6                   130410                          -6.093702           -64.955796          166.51              2011/10/1         2011/11/30        2                   1220.401753         0.00100             417                 11.11               2.96                11.29               3.36                F 
7                   150503                          -8.062277           -55.612026          198.38              2011/10/1         2011/12/31        3                   575.994880          0.00100             2162                5.42                2.95                11.34               3.37                F 
8                   150309                          -4.027193           -49.005718          0                   2011/7/1          2011/12/31        1                   451.722708          0.00100             2776                4.88                2.95                11.35               3.37                F 
9                   150280                          -1.583462           -49.988034          0                   2011/1/1          2011/2/28         1                   188.060747          0.00100             1664                4.57                2.96                11.37               3.37                F 
10                  150110                          -2.373143           -50.181767          0                   2011/7/1          2011/8/31         1                   109.976081          0.00100             1084                4.48                2.96                11.38               3.37                F 
11                  150360                          -5.871135           -56.496715          0                   2011/11/1         2011/12/31        1                   85.082477           0.00100             3179                3.74                2.96                11.38               3.37                F 
12                  210197                          -1.762072           -46.178918          0                   2011/8/1          2011/9/30         1                   44.229011           0.00100             84                  6.43                2.97                11.38               3.37                F 
