1                   1                   1                   5106                17.71               1.91                7.96                2.82                
2                   1                   1                   2261                15.76               2.18                12.46               3.53                
3                   1                   1                   1288                15.03               2.26                13.56               3.68                
4                   1                   1                   4400                5.41                2.27                14.46               3.80                
5                   1                   1                   2611                5.49                2.30                14.55               3.81                
6                   1                   1                   1352                4.46                2.33                14.66               3.83                
7                   1                   1                   1722                4.14                2.33                14.66               3.83                
8                   1                   1                   1732                4.12                2.33                14.66               3.83                
9                   1                   1                   1404                3.86                2.34                14.68               3.83                
10                  1                   1                   1928                3.47                2.34                14.68               3.83                
11                  1                   1                   459                 3.50                2.35                14.69               3.83                
12                  1                   1                   719                 3.03                2.35                14.69               3.83                
