1                   130002                          -3.694685           -65.324447          0                   2009/5/1          2009/8/31         1                   15167.108838        0.00100             1645                22.29               3.45                18.20               4.27                F 
2                   140017                          2.272837            -60.542285          0                   2009/9/1          2009/12/31        1                   8991.793298         0.00100             2208                16.12               3.46                18.97               4.35                F 
3                   130020                          -5.711904           -71.741371          208.06              2009/4/1          2009/8/31         4                   2713.405360         0.00100             7749                7.24                3.45                19.77               4.45                F 
4                   150795                          -2.907819           -48.736701          127.92              2009/8/1          2009/11/30        11                  2462.836203         0.00100             7112                7.22                3.46                19.80               4.45                F 
5                   150503                          -8.062277           -55.612026          0                   2009/11/1         2009/12/31        1                   1271.275755         0.00100             553                 13.14               3.53                19.96               4.47                F 
6                   110080                          -8.886994           -63.325621          0                   2009/7/1          2009/11/30        1                   663.729129          0.00100             1912                7.27                3.53                20.04               4.48                F 
7                   150640                          -0.583350           -49.313859          0                   2009/4/1          2009/8/31         1                   440.232277          0.00100             631                 8.84                3.54                20.07               4.48                F 
8                   160015                          1.157614            -52.519564          113.80              2009/9/1          2009/12/31        4                   389.561963          0.00100             1653                6.62                3.53                20.08               4.48                F 
9                   150548                          -3.684126           -50.631681          0                   2009/8/1          2009/9/30         1                   389.503707          0.00100             1655                6.62                3.53                20.08               4.48                F 
10                  150195                          -1.988674           -46.443214          0                   2009/7/1          2009/9/30         1                   365.564407          0.00100             1420                6.76                3.53                20.08               4.48                F 
11                  120042                          -7.843835           -73.223448          0                   2009/1/1          2009/3/31         1                   348.142491          0.00100             681                 8.08                3.54                20.08               4.48                F 
12                  130406                          -4.028517           -69.678087          0                   2009/6/1          2009/8/31         1                   211.060159          0.00100             2339                5.45                3.53                20.10               4.48                F 
13                  110026                          -9.645212           -62.790074          0                   2009/8/1          2009/12/31        1                   205.359029          0.00100             404                 8.07                3.54                20.10               4.48                F 
14                  120020                          -7.971860           -72.754808          0                   2009/1/1          2009/2/28         1                   200.667962          0.00100             2695                5.27                3.53                20.10               4.48                F 
15                  150030                          -0.262841           -50.725905          0                   2009/7/1          2009/9/30         1                   91.981072           0.00100             671                 5.90                3.54                20.12               4.49                F 
16                  110070                          -10.484934          -63.799716          0                   2009/1/1          2009/3/31         1                   22.605892           0.0390              333                 5.20                3.55                20.13               4.49                F 
17                  120032                          -9.242653           -71.906112          122.44              2009/1/1          2009/3/31         3                   20.637601           0.0650              954                 4.48                3.55                20.13               4.49                F 
