1                   120033                          -7.504430           -73.439094          0                   2018/1/1          2018/2/28         1                   9825.343185         0.00100             2702                10.25               2.54                7.75                2.78                F 
2                   130090                          -7.300758           -64.061903          0                   2018/8/1          2018/12/31        1                   7014.497038         0.00100             1081                12.90               2.58                7.93                2.82                F 
3                   120042                          -7.843835           -73.223448          0                   2018/1/1          2018/3/31         1                   5882.443608         0.00100             1802                9.92                2.57                8.01                2.83                F 
4                   160040                          -0.0668366          -51.951193          0                   2018/10/1         2018/11/30        1                   2778.564895         0.00100             1098                9.10                2.60                8.23                2.87                F 
5                   140017                          2.272837            -60.542285          0                   2018/1/1          2018/6/30         1                   2278.024622         0.00100             1970                7.00                2.59                8.26                2.87                F 
6                   150110                          -2.373143           -50.181767          0                   2018/1/1          2018/4/30         1                   1890.348331         0.00100             5167                5.07                2.57                8.29                2.88                F 
7                   130165                          -7.229781           -72.844588          0                   2018/1/1          2018/4/30         1                   1186.003165         0.00100             1429                6.35                2.60                8.34                2.89                F 
8                   160023                          0.957104            -51.417351          49.92               2018/8/1          2018/12/31        2                   1093.028000         0.00100             1700                5.90                2.60                8.35                2.89                F 
9                   150375                          -7.445287           -57.302705          0                   2018/10/1         2018/12/31        1                   380.135042          0.00100             409                 6.58                2.62                8.40                2.90                F 
10                  110110                          -9.170210           -63.044941          0                   2018/8/1          2018/12/31        1                   215.129365          0.00100             416                 5.58                2.62                8.41                2.90                F 
11                  140028                          2.181808            -62.401659          172.41              2018/5/1          2018/7/31         5                   144.310366          0.00100             2244                3.66                2.62                8.41                2.90                F 
12                  130356                          -2.529823           -59.638380          0                   2018/1/1          2018/2/28         1                   86.249628           0.00100             546                 4.26                2.62                8.42                2.90                F 
13                  130300                          -1.680586           -57.656245          139.75              2018/8/1          2018/9/30         6                   13.346743           0.283               409                 3.37                2.63                8.42                2.90                F 
14                  150280                          -1.583462           -49.988034          0                   2018/1/1          2018/2/28         1                   7.512126            0.991               1271                2.94                2.63                8.42                2.90                F 
