1                   1                   1                   2519                13.63               2.56                5.99                2.45                
2                   1                   1                   7083                7.24                2.55                6.48                2.55                
3                   1                   1                   6059                7.09                2.56                6.58                2.57                
4                   1                   1                   2578                8.54                2.60                6.69                2.59                
5                   1                   1                   3686                6.58                2.61                6.79                2.61                
6                   1                   1                   1798                8.18                2.62                6.80                2.61                
7                   1                   1                   2027                7.60                2.62                6.82                2.61                
8                   1                   1                   3216                6.16                2.62                6.85                2.62                
9                   1                   1                   2656                6.35                2.62                6.86                2.62                
10                  1                   1                   2049                6.67                2.63                6.87                2.62                
11                  1                   1                   8079                4.45                2.61                6.89                2.62                
12                  1                   1                   4806                4.93                2.62                6.90                2.63                
13                  1                   1                   903                 6.40                2.64                6.94                2.63                
14                  1                   1                   866                 6.32                2.64                6.94                2.63                
15                  1                   1                   1422                5.21                2.64                6.95                2.64                
16                  1                   1                   854                 5.88                2.64                6.95                2.64                
17                  1                   1                   2058                4.52                2.64                6.95                2.64                
18                  1                   1                   614                 5.55                2.65                6.96                2.64                
19                  1                   1                   166                 7.07                2.65                6.97                2.64                
20                  1                   1                   3507                3.57                2.64                6.97                2.64                
21                  1                   1                   413                 4.02                2.65                6.97                2.64                
22                  1                   1                   330                 3.84                2.65                6.98                2.64                
23                  1                   1                   98                  4.76                2.65                6.98                2.64                
24                  1                   1                   739                 3.31                2.65                6.98                2.64                
25                  1                   1                   1425                3.05                2.65                6.98                2.64                
