1                   1                   1                   4514                45.79               6.52                47.01               6.86                
2                   1                   1                   4733                29.50               6.65                55.26               7.43                
3                   1                   1                   12710               15.06               6.65                58.17               7.63                
4                   1                   1                   6293                18.19               6.72                58.28               7.63                
5                   1                   1                   2068                25.57               6.78                58.45               7.65                
6                   1                   1                   4549                17.91               6.76                58.76               7.67                
7                   1                   1                   5850                16.48               6.75                58.78               7.67                
8                   1                   1                   6908                14.83               6.75                58.97               7.68                
9                   1                   1                   2932                17.87               6.79                59.13               7.69                
10                  1                   1                   1860                19.47               6.81                59.25               7.70                
11                  1                   1                   1084                22.43               6.82                59.31               7.70                
12                  1                   1                   704                 25.58               6.83                59.34               7.70                
13                  1                   1                   1189                20.86               6.82                59.36               7.70                
14                  1                   1                   6621                10.33               6.81                59.65               7.72                
15                  1                   1                   3211                10.61               6.83                59.71               7.73                
16                  1                   1                   1063                12.36               6.84                59.74               7.73                
17                  1                   1                   1936                10.50               6.84                59.75               7.73                
18                  1                   1                   1293                11.29               6.84                59.75               7.73                
19                  1                   1                   6004                8.58                6.83                59.76               7.73                
20                  1                   1                   634                 10.80               6.85                59.78               7.73                
21                  1                   1                   215                 10.42               6.85                59.79               7.73                
