16.918506           
10.801216           
13.339333           
19.179400           
11.873040           
15.280066           
22.595981           
15.746339           
13.782194           
12.534496           
16.918506           
15.893434           
12.013883           
18.227758           
15.829092           
18.409837           
14.130369           
16.918506           
10.893161           
11.873040           
16.799524           
14.767856           
13.221388           
26.940791           
15.405064           
11.873040           
13.221388           
9.192347            
18.670393           
13.221388           
13.221388           
11.873040           
15.422712           
14.193579           
11.873040           
25.626336           
16.918506           
14.711124           
15.541126           
15.779643           
14.525336           
11.704216           
13.221388           
13.221388           
13.221388           
16.918506           
12.339560           
12.035218           
13.221388           
13.221388           
16.492214           
13.908823           
15.445840           
13.221388           
15.829092           
15.562864           
16.918506           
12.144763           
15.898259           
13.221388           
13.221388           
12.268751           
13.221388           
13.368997           
15.545569           
14.411027           
13.221388           
15.746339           
13.221388           
23.747020           
11.873040           
13.221388           
15.342415           
15.333733           
11.873040           
14.366355           
13.221388           
13.221388           
16.526547           
18.923028           
13.221388           
17.273124           
13.221388           
20.388934           
13.221388           
11.873040           
16.351211           
17.551063           
22.803664           
26.443932           
18.183975           
16.416394           
13.221388           
17.468139           
13.221388           
15.450039           
13.535284           
17.760124           
12.595627           
15.646917           
15.450039           
11.873040           
15.746339           
15.829092           
16.115431           
15.012001           
16.838820           
14.921728           
11.150361           
25.077345           
13.221388           
17.281847           
14.747002           
13.221388           
15.405064           
15.027317           
13.923922           
13.221388           
13.432022           
10.062326           
13.918387           
13.221388           
21.763315           
13.221388           
13.648859           
15.575863           
14.497759           
13.221388           
23.747020           
14.754801           
11.873040           
13.221388           
16.014197           
13.221388           
19.608929           
15.746339           
13.221388           
13.221388           
13.221388           
13.221388           
15.046528           
11.521679           
9.511649            
15.370364           
17.995674           
15.296998           
13.221388           
11.873040           
16.379345           
13.221388           
20.376767           
13.221388           
12.226933           
16.492214           
13.221388           
13.221388           
15.746339           
17.404458           
13.221388           
13.221388           
13.221388           
14.497759           
13.221388           
22.649485           
15.405064           
15.405064           
14.253017           
13.777682           
13.277699           
13.221388           
13.689418           
13.221388           
17.026090           
15.420510           
13.853492           
20.376767           
13.516264           
14.787090           
11.873040           
15.071631           
14.419909           
13.221388           
15.963638           
14.629302           
13.221388           
14.859870           
15.746339           
13.874637           
12.273885           
13.221388           
12.064351           
14.258665           
14.497759           
14.497759           
21.048817           
16.918506           
13.112774           
14.366355           
14.729419           
13.760786           
13.221388           
14.366355           
13.221388           
13.978427           
15.450039           
13.221388           
14.497759           
13.221388           
13.221388           
17.178611           
11.902389           
11.873040           
16.652654           
15.405064           
13.221388           
13.221388           
15.746339           
16.976342           
13.221388           
18.253128           
13.221388           
15.046528           
15.405064           
26.443932           
15.099260           
11.873040           
13.221388           
13.221388           
15.541126           
15.541126           
13.221388           
13.221388           
13.409519           
16.307504           
14.353916           
16.801936           
11.001843           
13.221388           
12.697787           
13.221388           
15.450039           
13.221388           
13.221388           
13.221388           
13.221388           
13.629040           
11.873040           
10.710140           
13.846512           
10.867936           
12.407279           
11.873040           
11.528311           
13.221388           
13.471597           
12.543008           
13.221388           
12.840206           
13.221388           
13.221388           
16.567264           
10.551470           
12.328724           
13.066543           
15.829092           
13.221388           
14.359752           
13.221388           
17.055083           
13.221388           
16.526547           
13.221388           
17.161501           
15.420325           
11.873040           
15.541126           
16.918506           
13.221388           
13.868991           
13.221388           
13.525954           
13.221388           
13.639684           
13.221388           
13.221388           
18.513561           
16.087035           
14.420827           
11.873040           
13.638982           
13.221388           
14.025711           
13.515204           
13.221388           
14.294330           
14.497759           
13.221388           
13.788516           
19.940828           
14.478010           
11.873040           
13.221388           
13.221388           
13.202157           
16.591848           
19.573298           
13.221388           
11.873040           
13.221388           
13.221388           
19.179400           
15.829092           
19.179400           
15.724624           
16.474513           
16.385786           
13.221388           
17.312492           
13.221388           
11.873040           
14.028278           
13.879105           
11.873040           
15.452964           
16.387772           
13.917274           
12.001240           
9.510957            
17.090059           
14.474870           
13.221388           
13.221388           
13.221388           
14.955887           
13.131509           
13.221388           
12.767532           
13.221388           
15.450039           
13.221388           
13.221388           
13.221388           
16.296728           
12.300171           
13.221388           
18.882380           
10.797031           
17.026372           
11.873040           
20.376767           
13.977021           
13.427961           
14.740049           
8.058115            
13.221388           
15.450039           
23.747020           
13.221388           
14.478010           
15.911417           
13.723988           
15.829092           
17.639611           
17.939107           
13.221388           
18.150177           
16.272716           
13.221388           
15.541126           
13.221388           
13.221388           
11.873040           
15.182166           
12.033542           
10.584904           
13.221388           
15.746339           
25.077345           
16.526547           
15.225355           
15.029041           
13.221388           
14.129170           
14.005766           
13.221388           
13.221388           
13.221388           
11.827577           
20.376767           
15.405064           
28.133788           
20.815073           
15.706186           
10.738841           
14.629302           
19.690414           
10.134171           
15.871933           
18.753631           
19.179400           
11.873040           
15.889194           
13.221388           
13.786941           
16.138207           
16.310452           
14.695986           
11.873040           
17.699121           
13.912928           
13.221388           
12.540796           
17.773557           
13.221388           
16.558499           
14.565369           
16.918506           
13.221388           
11.873040           
15.849866           
13.663389           
18.204295           
14.366355           
11.873040           
25.077345           
17.491738           
13.221388           
14.245795           
15.829092           
12.019081           
13.221388           
20.051933           
13.221388           
18.561231           
11.873040           
13.221388           
15.746339           
13.221388           
13.221388           
13.227413           
11.976163           
8.793509            
14.366355           
14.478010           
15.203576           
13.221388           
14.478010           
13.221388           
13.221388           
16.944955           
16.192779           
14.042382           
11.873040           
11.291140           
16.918506           
11.058445           
15.541126           
15.215421           
11.229334           
18.071495           
13.221388           
16.918506           
22.987933           
13.221388           
15.405064           
13.221388           
15.746339           
13.221388           
15.746339           
12.144763           
15.504752           
13.221388           
13.221388           
16.558784           
19.179400           
13.221388           
16.702374           
11.873040           
13.221388           
25.077345           
13.221388           
13.663389           
19.644800           
15.541126           
11.955808           
13.221388           
16.918506           
15.541126           
13.221388           
13.602925           
13.221388           
13.221388           
15.627759           
13.221388           
16.918506           
13.221388           
13.638982           
13.221388           
15.541126           
13.221388           
13.221388           
14.587560           
16.918506           
13.784720           
14.695986           
11.873040           
15.746339           
13.221388           
15.541126           
17.840152           
18.850059           
17.692825           
16.526547           
16.526547           
10.126735           
14.695986           
20.376767           
21.576916           
13.221388           
25.077345           
13.221388           
14.497759           
14.478010           
12.763649           
14.497759           
10.867635           
13.221388           
13.221388           
14.151220           
15.896379           
20.376767           
12.108326           
14.520650           
13.221388           
13.221388           
13.221388           
16.157344           
13.413333           
17.281847           
20.149901           
15.611460           
19.087321           
13.221388           
13.221388           
13.221388           
14.366355           
15.111769           
8.604680            
13.221388           
20.376767           
13.221388           
12.313932           
12.494332           
14.629302           
13.221388           
15.541126           
13.221388           
24.761467           
15.829092           
13.795972           
13.759647           
17.440280           
13.536728           
13.549477           
17.637423           
13.221388           
13.635161           
14.497759           
13.941334           
16.918506           
12.794533           
15.214738           
10.091596           
8.997903            
12.662703           
13.221388           
13.221388           
14.055957           
13.221388           
13.221388           
14.940520           
13.221388           
13.221388           
8.843528            
12.546366           
13.221388           
13.221388           
14.549718           
19.217072           
14.497759           
13.221388           
13.221388           
13.221388           
13.221388           
13.221388           
12.606220           
14.993197           
20.376767           
13.291231           
14.325617           
11.873040           
21.561711           
13.221388           
13.221388           
15.865390           
13.221388           
19.179400           
14.478010           
13.221388           
15.057170           
12.928084           
12.215656           
14.366355           
13.221388           
18.788936           
14.366355           
13.221388           
15.626839           
15.196088           
11.154875           
13.244004           
12.785459           
13.352953           
11.873040           
13.221388           
15.806246           
19.179400           
13.221388           
15.405064           
12.652721           
14.611768           
16.526547           
13.221388           
16.239895           
25.077345           
13.684272           
17.557157           
18.593033           
15.301329           
13.221388           
13.221388           
13.221388           
13.221388           
14.841569           
11.325287           
13.163895           
13.221388           
16.328915           
13.221388           
13.221388           
13.646191           
13.221388           
13.221388           
11.470579           
24.057919           
17.030441           
10.191326           
17.168242           
25.077345           
15.758867           
15.829092           
13.221388           
16.526547           
13.221388           
13.221388           
23.747020           
14.409788           
13.221388           
13.221388           
15.405064           
13.796103           
16.866672           
11.154875           
13.221388           
10.590179           
13.221388           
13.221388           
13.221388           
15.829092           
12.715513           
13.221388           
11.873040           
14.792270           
14.550122           
11.873040           
12.683207           
14.301299           
15.976806           
15.541126           
25.077345           
12.401349           
14.525336           
13.221388           
13.221388           
11.873040           
22.067124           
13.829932           
13.407011           
11.873040           
14.317871           
15.818203           
17.161501           
14.266678           
10.752307           
17.769546           
12.908183           
16.972147           
14.366355           
15.829092           
13.402339           
21.204902           
13.324537           
11.873040           
15.829092           
13.678591           
14.497759           
19.418978           
13.221388           
15.074470           
11.873040           
13.221388           
13.221388           
13.221388           
15.816300           
14.667103           
14.695986           
13.221388           
15.829092           
23.747020           
13.221388           
15.296633           
10.311624           
13.221388           
17.145832           
16.918506           
13.221388           
13.221388           
15.750156           
11.873040           
12.356115           
15.071686           
14.497759           
13.221388           
13.221388           
26.443932           
18.379726           
19.428755           
13.221388           
20.815288           
11.873040           
13.493378           
14.693879           
14.366355           
14.014275           
13.221388           
13.221388           
19.834222           
14.926347           
13.221388           
13.221388           
13.221388           
13.391582           
13.221388           
13.360666           
20.834005           
15.546419           
11.939579           
15.202888           
13.221388           
17.804399           
14.531481           
22.847676           
15.995002           
13.898071           
13.221388           
11.229049           
14.142649           
11.873040           
12.646581           
16.918506           
13.221388           
13.221388           
13.221388           
13.221388           
15.829092           
13.221388           
13.221388           
16.771688           
13.221388           
13.653547           
12.638960           
16.406805           
9.544207            
25.077345           
14.959076           
26.443932           
13.221388           
18.262356           
20.122501           
11.873040           
15.450039           
14.522448           
16.490964           
25.077345           
25.077345           
13.221388           
12.934624           
13.221388           
16.400663           
13.221388           
13.221388           
10.562118           
13.221388           
13.221388           
16.918506           
9.305884            
16.918506           
13.221388           
14.697535           
13.221388           
20.376767           
14.418127           
13.221388           
13.221388           
11.581771           
15.450039           
16.918506           
16.918506           
11.417870           
13.221388           
13.221388           
13.532546           
13.221388           
13.221388           
13.221388           
13.221388           
13.221388           
15.125758           
13.221388           
13.221388           
17.481364           
15.571967           
15.829092           
13.221388           
13.221388           
13.221388           
16.567042           
13.221388           
14.168857           
16.936624           
26.443932           
20.376767           
13.221388           
11.873040           
15.405064           
13.221388           
13.221388           
13.221388           
14.497759           
13.221388           
15.305154           
13.221388           
14.695986           
16.788357           
13.221388           
13.450277           
20.242088           
15.405064           
13.221388           
25.077345           
13.221388           
14.497759           
15.829092           
15.746339           
13.638982           
13.221388           
14.366355           
13.221388           
15.829092           
14.372700           
15.129813           
17.652927           
16.526547           
13.221388           
13.332496           
13.591412           
15.894604           
12.395588           
15.501088           
14.695986           
13.221388           
13.727638           
17.684879           
11.873040           
17.730670           
17.804370           
10.569925           
11.873040           
13.221388           
13.221388           
13.221388           
13.221388           
16.210320           
13.221388           
13.221388           
13.793224           
11.873040           
14.264787           
12.596821           
17.093729           
16.918506           
13.989720           
16.918506           
11.873040           
13.221388           
15.541126           
13.221388           
13.363022           
13.221388           
17.536649           
14.002465           
15.405064           
13.221388           
11.129545           
26.443932           
13.221388           
12.646995           
16.918506           
13.221388           
13.221388           
13.221388           
13.584885           
13.221388           
13.338581           
14.858424           
13.221388           
16.918506           
13.221388           
15.541126           
13.221388           
13.221388           
16.260272           
13.221388           
13.471597           
19.046451           
25.077345           
13.221388           
11.968488           
20.010973           
13.520283           
13.221388           
11.873040           
10.931690           
13.221388           
13.455478           
17.357949           
11.873040           
13.221388           
12.039539           
19.179400           
11.873040           
18.531086           
14.366355           
16.213297           
16.196837           
12.543008           
13.221388           
15.261784           
13.638982           
13.221388           
15.202888           
11.813033           
13.221388           
13.221388           
14.366355           
13.257865           
19.179400           
13.221388           
15.405064           
13.997458           
14.467445           
11.873040           
13.221388           
13.221388           
13.048660           
13.221388           
22.765037           
13.221388           
15.991631           
13.221388           
14.497759           
13.221388           
13.221388           
13.221388           
15.829092           
12.095023           
13.221388           
13.221388           
15.746339           
