1                   1                   1                   2015                11.99               2.90                10.81               3.29                
2                   1                   1                   3353                9.63                2.89                10.86               3.30                
3                   1                   1                   5861                7.39                2.88                10.98               3.31                
4                   1                   1                   5645                6.17                2.90                11.18               3.34                
5                   1                   1                   1082                9.21                2.94                11.24               3.35                
6                   1                   1                   417                 11.11               2.96                11.29               3.36                
7                   1                   1                   2162                5.42                2.95                11.34               3.37                
8                   1                   1                   2776                4.88                2.95                11.35               3.37                
9                   1                   1                   1664                4.57                2.96                11.37               3.37                
10                  1                   1                   1084                4.48                2.96                11.38               3.37                
11                  1                   1                   3179                3.74                2.96                11.38               3.37                
12                  1                   1                   84                  6.43                2.97                11.38               3.37                
