130110                          1                   0.00100             9299                13.26               3.75                5173                14.55               -3.770484           -60.183273          F 
130255                          1                   0.00100             9299                13.26               3.75                355                 3.04                -3.779051           -60.697266          F 
130030                          1                   0.00100             9299                13.26               3.75                3771                12.46               -3.787231           -59.525534          F 
120033                          2                   0.00100             10007               12.91               3.75                3436                8.99                -7.504430           -73.439094          F 
120042                          2                   0.00100             10007               12.91               3.75                4158                16.25               -7.843835           -73.223448          F 
130165                          2                   0.00100             10007               12.91               3.75                2413                12.74               -7.229781           -72.844588          F 
130090                          3                   0.00100             2067                21.20               3.87                2067                21.20               -7.300758           -64.061903          F 
130002                          4                   0.00100             2443                15.36               3.89                2443                15.36               -3.694685           -65.324447          F 
110033                          5                   0.00100             5126                11.68               3.86                3755                9.98                -10.382167          -64.629100          F 
110045                          5                   0.00100             5126                11.68               3.86                1371                16.35               -10.052115          -63.941163          F 
110080                          6                   0.00100             3812                11.51               3.89                3812                11.51               -8.886994           -63.325621          F 
130083                          7                   0.00100             2973                11.65               3.90                2973                11.65               -3.082019           -61.877758          F 
140017                          8                   0.00100             857                 16.33               3.93                857                 16.33               2.272837            -60.542285          F 
130356                          9                   0.00100             1783                10.41               3.93                1783                10.41               -2.529823           -59.638380          F 
160015                          10                  0.00100             1864                10.17               3.93                496                 10.22               1.157614            -52.519564          F 
160005                          10                  0.00100             1864                10.17               3.93                165                 17.82               1.651748            -52.268139          F 
160027                          10                  0.00100             1864                10.17               3.93                80                  1.24                1.101364            -53.310546          F 
160053                          10                  0.00100             1864                10.17               3.93                948                 9.55                0.585628            -51.669983          F 
160023                          10                  0.00100             1864                10.17               3.93                175                 10.23               0.957104            -51.417351          F 
130395                          11                  0.00100             1025                11.37               3.93                1025                11.37               -1.941762           -58.705261          F 
510757                          12                  0.00100             312                 14.61               3.94                312                 14.61               -10.463060          -61.009966          F 
150548                          13                  0.00100             3463                6.92                3.93                3463                6.92                -3.684126           -50.631681          F 
130014                          14                  0.00100             847                 7.95                3.94                847                 7.95                -7.759951           -59.432108          F 
150309                          15                  0.00100             1966                6.38                3.94                1966                6.38                -4.027193           -49.005718          F 
110026                          16                  0.00100             1958                6.12                3.94                88                  10.35               -9.645212           -62.790074          F 
110002                          16                  0.00100             1958                6.12                3.94                425                 4.30                -9.951890           -62.957255          F 
110094                          16                  0.00100             1958                6.12                3.94                610                 3.71                -9.171094           -62.565336          F 
110110                          16                  0.00100             1958                6.12                3.94                413                 11.62               -9.170210           -63.044941          F 
110040                          16                  0.00100             1958                6.12                3.94                422                 5.19                -9.649310           -63.394322          F 
130240                          17                  0.00100             1236                6.59                3.94                1236                6.59                -8.375601           -65.811663          F 
130185                          18                  0.00100             1370                5.97                3.95                1370                5.97                -3.095219           -60.479687          F 
150070                          19                  0.00100             1562                5.51                3.95                1562                5.51                -0.827133           -49.961391          F 
130330                          20                  0.00100             3033                5.06                3.94                3033                5.06                -6.824013           -60.477155          F 
150503                          21                  0.00300             714                 5.42                3.95                714                 5.42                -8.062277           -55.612026          F 
