12.565513           
11.588331           
9.387846            
9.585212            
11.220797           
13.596638           
11.943743           
12.661822           
13.112600           
14.629122           
14.210641           
10.307316           
11.472936           
13.086016           
14.774660           
9.583261            
13.488231           
11.089914           
12.411610           
12.326508           
14.850075           
10.877336           
9.993285            
12.063407           
10.268972           
15.423630           
9.025563            
13.373872           
14.431631           
18.182651           
11.515873           
14.630940           
15.457212           
15.219641           
11.833161           
17.402395           
13.512088           
10.372284           
12.135038           
9.542517            
8.302935            
12.555985           
16.908091           
12.657598           
14.599459           
10.514275           
13.934255           
13.171362           
20.966828           
15.832527           
10.602454           
13.148004           
12.618738           
12.135713           
11.007909           
14.408790           
14.066694           
11.920878           
13.920755           
8.926941            
12.866245           
10.315238           
14.030127           
13.229971           
14.352181           
15.855114           
17.482210           
10.492427           
12.192280           
12.192280           
13.101404           
11.588331           
11.765366           
15.040843           
11.120305           
12.489844           
15.131338           
17.781478           
12.957362           
24.447400           
10.663103           
12.180955           
11.301602           
10.039782           
9.387846            
10.493435           
12.521481           
16.014138           
10.554311           
17.124883           
10.251030           
13.328864           
25.876042           
13.051108           
9.106812            
23.117172           
9.378590            
9.837571            
10.562651           
12.295872           
10.442403           
15.965340           
20.582732           
11.918178           
11.355064           
17.568793           
12.714623           
10.235380           
9.729541            
11.969335           
8.337692            
11.715552           
15.984858           
13.253703           
15.378537           
14.546485           
14.118471           
10.739455           
8.736254            
12.962133           
13.898539           
13.632638           
11.482704           
11.588331           
16.049518           
13.920755           
16.017203           
11.057075           
17.583812           
11.795814           
16.472943           
11.057075           
14.335889           
15.803543           
10.666816           
13.851912           
15.302381           
11.659851           
11.874483           
13.042197           
13.929961           
12.295872           
9.394567            
14.667034           
14.804825           
14.345470           
16.964088           
13.575404           
11.994954           
19.766164           
13.884667           
12.408591           
12.834868           
11.462699           
10.412398           
11.412638           
12.521825           
12.604100           
14.036916           
13.929961           
11.668563           
11.454348           
10.050730           
11.406901           
9.084832            
10.101067           
10.047601           
13.837809           
17.191795           
11.621948           
19.901013           
13.836083           
11.073488           
11.621948           
12.408591           
14.907767           
19.215244           
15.348202           
12.125477           
10.607199           
13.737265           
10.217034           
16.534860           
12.303183           
10.788018           
9.190856            
12.645315           
15.436338           
13.265542           
15.275221           
12.204998           
12.984164           
9.688388            
12.914113           
13.918308           
14.009890           
11.909500           
8.776801            
15.452288           
12.807097           
16.762625           
12.063407           
14.866547           
11.655614           
11.909663           
12.226762           
9.378590            
14.254166           
16.865566           
12.226762           
14.597066           
21.398024           
13.238946           
11.505316           
9.433193            
14.161825           
13.737265           
13.616738           
12.816239           
12.661896           
10.331601           
8.795273            
13.238946           
13.166984           
10.788018           
16.282782           
14.990377           
13.157846           
14.070170           
13.229971           
12.054840           
17.830485           
12.348202           
13.437168           
17.424907           
11.918178           
12.190738           
11.512870           
16.668864           
10.095004           
11.387512           
9.719677            
18.127308           
15.723556           
12.758716           
13.528707           
16.533774           
11.533503           
16.632914           
11.308367           
13.538329           
18.223098           
11.034064           
12.649359           
16.278024           
11.716264           
11.076729           
11.437655           
10.885474           
11.465180           
12.097499           
16.974013           
14.179718           
13.051108           
17.022226           
9.982754            
16.622082           
12.565513           
13.836411           
7.980709            
11.130510           
13.985100           
11.943743           
24.069302           
10.205078           
14.847620           
14.062722           
12.497838           
10.157378           
14.422260           
17.511307           
13.609174           
16.343190           
12.661896           
14.100792           
10.345238           
14.086204           
10.095004           
15.369176           
12.325953           
11.990777           
13.538329           
13.929961           
10.949112           
11.213491           
10.666816           
12.739882           
11.094297           
9.848600            
11.837804           
17.989246           
11.689016           
18.561124           
12.661896           
12.144542           
9.622107            
12.653118           
9.938420            
14.969318           
17.591046           
16.795441           
9.985138            
10.095004           
12.052636           
14.070170           
10.442403           
12.843720           
10.905027           
13.425673           
9.752000            
8.399952            
15.497627           
11.848597           
13.601293           
13.238946           
10.436669           
14.866547           
24.138863           
11.429313           
10.958853           
14.502205           
13.737265           
10.474315           
13.894405           
21.183733           
15.289663           
14.866547           
15.795051           
13.728122           
14.658697           
15.266397           
12.550547           
10.339022           
12.352096           
13.247924           
15.662412           
13.596145           
9.845311            
16.188081           
12.404784           
14.628600           
13.588577           
10.188853           
15.763938           
13.562917           
14.930244           
12.080550           
16.100885           
10.110258           
11.504500           
15.172572           
17.913265           
12.565513           
32.708133           
14.841843           
9.084832            
12.167844           
12.115592           
16.639606           
9.791200            
14.214800           
14.983863           
11.379325           
10.514275           
13.238946           
11.767812           
13.428126           
10.885474           
12.838044           
13.668806           
16.536485           
10.356534           
10.429819           
14.321864           
17.126659           
15.993754           
10.482301           
18.080050           
15.617230           
11.358239           
12.012049           
20.666651           
10.267752           
8.705419            
7.719704            
17.422907           
10.132303           
13.752183           
16.128854           
19.192155           
9.102645            
9.748401            
13.148110           
12.846921           
12.219785           
16.438344           
19.008403           
11.588331           
16.205279           
15.484007           
13.666525           
16.289239           
18.961394           
9.387846            
16.417779           
12.003500           
11.588331           
13.929961           
11.909663           
14.313106           
12.645944           
17.103316           
14.033780           
16.451807           
11.820482           
11.610196           
11.338797           
12.425160           
16.102228           
13.208375           
18.005461           
10.586394           
9.930644            
20.479435           
11.588331           
13.696014           
11.906539           
12.259751           
11.729829           
11.833161           
14.224637           
11.520700           
10.875259           
19.116876           
13.573268           
12.615265           
15.965340           
11.647538           
14.587769           
13.477733           
13.959404           
11.462699           
15.866672           
7.956546            
17.949254           
8.862708            
11.651604           
13.791300           
15.936627           
10.133784           
12.226762           
11.641805           
9.583261            
9.792530            
15.857391           
12.277886           
15.991157           
14.335889           
13.211236           
12.080550           
18.607419           
11.582412           
10.865836           
12.550043           
14.392573           
12.846921           
13.101787           
13.728122           
13.209358           
12.486929           
17.827497           
10.196729           
11.571414           
12.521825           
17.682507           
12.724322           
14.825385           
17.898872           
13.194101           
10.534232           
14.262734           
16.447008           
19.167045           
13.238946           
20.783371           
18.690610           
16.830485           
15.505673           
10.267752           
13.838712           
12.311321           
10.265624           
9.378590            
9.583261            
11.630360           
11.311438           
9.386341            
9.615968            
10.885474           
10.238697           
13.437168           
13.058378           
13.001323           
12.004146           
12.906732           
9.669422            
15.108577           
9.084832            
8.885585            
13.728122           
12.878353           
10.340045           
11.820163           
10.402382           
13.894405           
11.969335           
14.788158           
10.179748           
10.091288           
13.864980           
9.969553            
12.915641           
9.791200            
9.631709            
9.691103            
12.846921           
15.617230           
10.434432           
12.536009           
10.599225           
12.520729           
12.532640           
10.281702           
13.030678           
11.588331           
14.546995           
13.499273           
15.198872           
16.796140           
14.599552           
11.687629           
13.623966           
11.366415           
9.995399            
11.329447           
8.839760            
15.116145           
10.402306           
21.448562           
14.776735           
17.432033           
11.890959           
13.043120           
10.095004           
17.067989           
13.048490           
9.266507            
12.276176           
12.295872           
11.058917           
8.732660            
11.437655           
12.313991           
14.130590           
10.958856           
8.859021            
13.060022           
11.943743           
11.799239           
14.120296           
16.227505           
11.317762           
9.424170            
10.375692           
13.432239           
12.323626           
17.362556           
14.230915           
12.218137           
9.453779            
13.239077           
12.251486           
18.606330           
11.952890           
9.301358            
11.765366           
15.209562           
11.916767           
10.900223           
10.444528           
10.188853           
13.929961           
10.893615           
14.669489           
13.284130           
11.379325           
14.574314           
20.656138           
14.957305           
10.034210           
12.769666           
12.008673           
15.143121           
13.686392           
10.968254           
12.479151           
10.885474           
12.661896           
11.664039           
19.429834           
17.673523           
12.020601           
11.994203           
15.143121           
15.070331           
16.369114           
10.788018           
8.985761            
14.629122           
13.958172           
9.887226            
11.498955           
16.839252           
16.403711           
11.574722           
15.744142           
14.035449           
12.778870           
13.737265           
11.514557           
15.056629           
13.506901           
13.929961           
15.277648           
12.180919           
13.194101           
9.589322            
12.003500           
11.571540           
14.874786           
10.634610           
14.129557           
11.564637           
12.071977           
14.748888           
9.387846            
11.280694           
11.011742           
11.558073           
9.530496            
11.120474           
16.198560           
13.822820           
11.664039           
16.008055           
9.712231            
14.015129           
10.267752           
11.521714           
12.029817           
13.155238           
12.183667           
10.071861           
13.107145           
11.579934           
11.189368           
11.630360           
11.543543           
9.583261            
11.664039           
12.004296           
13.847756           
10.865585           
12.295872           
13.737265           
11.983133           
12.661896           
10.519219           
11.665539           
10.884993           
7.719136            
8.706368            
15.186885           
16.594645           
14.957305           
9.814372            
14.325901           
12.855361           
11.918178           
9.257817            
22.086350           
9.272530            
11.641638           
12.801990           
10.278415           
12.472202           
11.454348           
15.181609           
12.093894           
12.524238           
12.184282           
13.558635           
10.095004           
15.081511           
9.583261            
13.428126           
21.206847           
10.481104           
11.462699           
23.463505           
13.238946           
15.873162           
12.530556           
12.439407           
12.230654           
9.583261            
19.461009           
10.370777           
13.471852           
10.710316           
18.610558           
15.846041           
10.713923           
15.842612           
14.220846           
13.051108           
13.458569           
10.236156           
12.151724           
9.922871            
17.679486           
16.717185           
14.124000           
14.984527           
11.045349           
11.623101           
11.765366           
14.969323           
11.756905           
12.097706           
12.097706           
10.124343           
13.803119           
12.257584           
11.859550           
13.934255           
11.311856           
10.163344           
12.224081           
10.449665           
13.601430           
13.627755           
13.737265           
10.674874           
13.229971           
16.042855           
9.691103            
12.097706           
14.833613           
11.737033           
13.155858           
11.647193           
12.521825           
10.095004           
17.981142           
16.014725           
13.728122           
11.057075           
10.844814           
10.674874           
13.281760           
20.146392           
9.938420            
17.015066           
13.929961           
11.116470           
14.907767           
13.554754           
10.466333           
11.158735           
11.400072           
11.655614           
13.929961           
19.856648           
9.384266            
12.226762           
12.921133           
11.656381           
11.984446           
12.661906           
12.786509           
12.985425           
12.882316           
14.006128           
15.504080           
17.061272           
15.965340           
14.870641           
14.124000           
12.714623           
13.247924           
12.550567           
10.086738           
11.046045           
13.728122           
18.004708           
13.194101           
10.003897           
14.653126           
11.376068           
10.771818           
11.072985           
12.521825           
12.427662           
16.222486           
16.188620           
10.144298           
9.013587            
12.408591           
13.066938           
18.381956           
18.733172           
11.765366           
10.542038           
11.454348           
15.632515           
9.877414            
12.304525           
11.821961           
17.155354           
16.760433           
13.051108           
9.775767            
13.646545           
13.247924           
11.667539           
13.256787           
11.117555           
14.629122           
9.842347            
13.538329           
10.650707           
17.902044           
17.901761           
12.962133           
9.682879            
9.583261            
14.222856           
14.723104           
10.095004           
12.373854           
16.505315           
13.247924           
12.401271           
14.078186           
14.990109           
15.423630           
11.664039           
10.315238           
12.614209           
14.316119           
10.599193           
9.729541            
15.999507           
14.206318           
10.706541           
10.826692           
9.953980            
11.287965           
11.412638           
12.581786           
16.477204           
10.441887           
14.355762           
13.290266           
13.274304           
13.437168           
12.920455           
18.463647           
10.763723           
11.392955           
12.618982           
10.942113           
16.256927           
13.139493           
9.378590            
16.365956           
12.063407           
14.490007           
14.866547           
17.110025           
13.941079           
11.883062           
10.362579           
18.208767           
12.530556           
12.824737           
13.929961           
9.743097            
14.694049           
13.229971           
10.474315           
13.737265           
10.443274           
12.369762           
11.992376           
14.167125           
15.394436           
12.429951           
11.909663           
12.459310           
10.794220           
11.454348           
17.458308           
11.392876           
10.947743           
14.575296           
12.295872           
13.737265           
13.627755           
11.791880           
11.875631           
13.051108           
14.719743           
13.765661           
10.735515           
12.112064           
13.070737           
8.894593            
9.907335            
13.119081           
12.822069           
11.918178           
13.728122           
11.705103           
7.880028            
11.247703           
21.083660           
9.123668            
11.436657           
11.145639           
10.507023           
11.395069           
18.171017           
10.466333           
15.608787           
14.182467           
15.417031           
10.934366           
18.437825           
16.059388           
12.846921           
13.770526           
16.762625           
15.158884           
10.930990           
23.013298           
12.925356           
15.334181           
17.196855           
14.014125           
11.841649           
14.295469           
12.474227           
12.003500           
18.454241           
10.514275           
12.877046           
11.536707           
11.307170           
12.879788           
18.421416           
10.568859           
12.521825           
17.236119           
7.973154            
15.310799           
11.256151           
14.449370           
11.065951           
13.690154           
10.110258           
13.929961           
14.481875           
9.583261            
12.995317           
17.900784           
9.646889            
18.070966           
