12.648420           
12.397611           
11.869775           
13.646927           
11.395464           
12.447945           
11.943010           
11.395464           
8.697889            
13.599501           
16.490583           
10.776734           
9.535245            
13.410742           
15.061081           
12.049257           
17.288492           
12.714665           
11.787389           
13.009218           
11.317874           
13.355716           
11.696878           
14.950216           
11.178410           
11.787389           
12.977644           
11.600636           
9.955346            
13.989518           
12.848067           
17.288492           
11.866570           
14.962967           
9.750506            
12.427772           
11.787389           
11.866570           
12.166380           
17.275248           
18.710908           
14.473925           
14.422426           
11.317874           
11.317874           
12.031226           
11.946015           
14.322917           
11.927305           
12.813776           
14.877616           
11.866570           
11.776492           
11.317874           
14.797437           
13.886821           
11.866570           
11.866570           
11.946015           
11.866570           
8.720875            
12.872120           
11.395464           
11.322928           
16.556643           
11.946015           
10.405739           
14.161333           
13.595020           
14.640259           
8.569342            
9.833582            
13.626273           
11.946015           
11.866570           
8.545424            
16.822667           
17.210412           
14.573517           
11.987338           
13.689174           
10.474794           
13.772248           
15.406069           
11.395464           
11.395464           
12.340181           
15.389530           
11.991224           
15.529638           
11.787389           
13.722093           
16.233219           
13.705646           
12.575290           
14.752863           
17.031517           
17.446810           
17.630069           
16.773904           
11.317874           
11.317874           
12.551670           
11.641575           
17.261970           
13.149060           
11.865309           
11.946015           
15.858536           
11.395464           
15.631685           
10.857903           
13.266651           
14.153121           
12.146911           
14.089878           
12.309230           
13.535717           
14.551110           
17.366748           
9.464282            
8.757893            
10.972412           
13.774910           
11.946015           
17.760680           
12.506026           
13.290832           
11.798517           
10.956669           
11.866570           
11.866570           
11.996185           
9.116914            
14.756962           
11.395464           
12.070893           
11.866570           
12.980377           
16.303187           
17.202761           
12.733433           
14.877616           
10.857903           
19.651113           
11.610057           
11.641426           
10.116683           
20.274309           
9.370665            
16.822667           
11.946015           
13.860445           
16.300840           
13.030557           
14.486313           
16.390470           
12.919143           
14.343370           
12.512261           
11.946015           
12.812521           
14.148668           
11.189450           
15.694815           
11.787389           
10.857019           
12.920148           
20.810698           
12.966628           
11.611261           
12.832454           
11.917689           
11.602647           
12.648002           
14.635981           
10.021986           
11.866570           
13.721572           
11.866570           
12.447945           
12.873020           
8.215304            
11.946015           
11.395464           
11.688294           
11.409344           
11.340052           
13.774910           
12.856459           
12.512406           
17.899719           
17.760680           
14.912361           
12.201660           
14.708676           
11.866570           
13.009540           
11.946015           
13.970469           
11.746322           
14.574614           
15.315869           
9.464282            
11.317874           
10.643749           
15.024034           
13.083614           
18.199152           
12.175689           
11.946015           
12.369583           
15.991491           
14.634751           
14.877616           
12.227904           
12.726049           
11.787389           
11.866570           
18.366931           
10.680843           
11.866570           
15.180109           
10.376508           
11.317874           
12.741868           
15.048250           
13.774910           
28.647203           
13.773928           
12.311764           
12.094636           
16.002303           
13.844771           
11.946015           
12.554252           
13.740046           
13.263032           
13.393149           
16.135540           
13.844771           
11.866570           
11.395464           
11.946015           
11.632672           
17.960114           
12.395578           
19.781716           
12.697484           
12.514402           
12.296038           
10.225949           
16.449566           
12.053168           
14.090676           
12.356470           
12.700825           
13.290832           
11.946015           
12.446944           
13.785676           
11.946015           
12.540563           
11.251150           
10.464199           
14.178235           
9.298076            
9.360911            
20.006826           
11.395464           
13.389939           
13.298686           
11.876753           
13.265172           
11.787389           
15.553289           
13.537815           
12.320644           
13.913757           
17.031517           
11.866570           
14.531720           
13.704092           
11.866570           
17.288492           
15.327394           
12.303555           
13.888096           
11.787389           
12.397260           
14.153115           
11.952301           
13.531025           
16.142366           
11.568527           
11.914272           
10.656149           
12.366344           
12.336447           
10.776902           
13.774910           
12.529130           
11.395464           
12.847413           
11.317874           
11.402094           
20.386638           
14.391326           
14.161333           
16.121210           
10.929079           
11.990204           
12.365853           
16.822667           
9.582693            
17.919490           
13.705226           
13.477359           
15.141517           
12.195138           
9.520163            
16.281636           
14.445725           
13.629665           
15.851850           
11.583446           
11.866570           
13.188227           
12.565269           
11.317874           
12.212379           
21.414417           
12.131334           
11.946015           
11.380431           
13.634745           
12.612903           
12.410372           
14.518825           
11.395464           
13.468201           
11.946015           
12.786377           
16.457102           
15.670152           
10.187742           
13.705226           
13.179278           
14.447449           
14.058603           
13.972252           
12.805498           
12.321140           
14.741271           
19.635073           
14.939649           
13.188227           
11.134033           
17.288492           
11.866570           
13.205811           
8.990857            
12.346441           
20.614925           
10.188678           
17.210412           
11.946015           
11.946015           
13.774910           
11.946015           
12.101742           
10.751253           
11.866570           
11.866570           
9.139221            
9.535245            
12.545018           
12.620829           
17.812971           
19.538400           
11.866570           
11.037175           
11.946015           
12.129075           
15.875984           
17.478434           
14.877616           
13.120045           
16.628820           
17.288492           
14.046344           
11.419629           
10.594944           
11.506955           
14.950216           
16.450216           
10.775542           
16.573529           
14.064553           
12.882290           
11.554217           
12.256506           
15.597349           
11.866570           
10.326099           
11.681205           
13.797979           
11.672782           
15.489330           
9.990763            
11.866570           
13.634745           
13.770193           
11.787389           
11.866570           
11.866570           
11.982675           
10.278796           
13.687308           
14.289178           
16.564432           
17.047136           
11.062697           
17.141787           
14.198327           
15.811474           
13.333924           
10.458451           
13.481423           
15.961403           
9.750506            
20.815914           
18.106239           
9.507728            
14.016076           
10.359199           
16.745648           
13.346046           
13.299896           
12.310259           
11.395464           
11.946015           
11.787389           
7.960152            
10.512825           
11.946015           
11.395464           
12.673578           
11.205077           
15.339011           
12.641088           
9.701457            
13.649187           
11.479989           
15.129418           
11.992428           
15.084905           
11.866570           
18.293751           
15.639927           
11.946015           
11.866570           
11.323256           
17.809705           
9.464282            
9.739910            
11.075262           
15.216688           
13.188227           
11.585522           
11.866570           
16.216216           
17.919490           
11.061180           
12.514360           
14.635818           
14.877616           
20.056746           
12.694852           
13.524117           
10.705710           
11.866570           
12.745991           
11.946015           
10.854822           
15.294122           
9.295130            
17.210412           
14.112115           
12.232706           
9.636205            
12.315646           
15.315869           
16.992034           
12.967620           
10.636614           
11.787389           
12.647797           
12.445290           
17.919490           
13.177329           
17.720886           
13.919548           
15.206660           
11.317874           
9.992522            
13.063171           
10.055799           
18.854604           
10.177337           
18.204655           
13.614111           
13.469999           
10.520180           
12.079206           
13.774910           
12.519353           
11.317874           
9.051795            
12.170239           
12.398562           
14.232166           
13.566508           
15.551468           
17.464068           
17.210412           
10.979821           
18.048491           
10.244489           
12.194037           
11.946015           
16.075650           
13.326099           
13.054902           
11.317874           
11.946015           
11.866570           
11.317874           
10.857903           
11.866570           
23.655116           
11.395464           
11.808750           
14.823128           
17.512151           
14.950216           
14.950216           
13.426799           
12.823568           
15.553386           
9.239080            
11.866570           
11.866570           
11.946015           
11.787389           
10.933160           
10.100074           
11.317874           
12.479818           
20.741698           
13.290832           
11.862203           
15.276845           
12.884454           
12.290143           
11.957503           
23.843688           
13.266721           
14.040331           
9.352695            
11.787389           
11.174459           
11.866570           
13.328062           
12.221724           
10.049915           
10.388089           
11.866570           
15.519089           
11.317874           
12.058718           
17.366748           
11.866570           
14.302541           
18.254815           
9.464282            
12.466491           
16.021103           
12.965307           
9.836820            
9.983440            
9.636831            
14.247299           
12.270855           
11.866570           
11.793518           
11.696878           
11.787389           
17.760680           
11.946015           
17.366748           
11.104044           
11.395464           
12.514360           
11.557239           
15.024931           
13.506608           
12.249761           
11.395464           
17.744322           
20.372605           
12.524040           
14.427030           
11.866570           
11.412211           
14.885449           
11.787389           
17.839996           
10.130880           
10.636144           
14.306641           
15.107645           
14.145196           
12.550014           
11.395464           
14.877616           
11.257277           
18.226596           
11.866570           
13.179314           
18.721910           
12.973475           
12.945123           
13.359456           
16.043879           
13.833140           
11.866570           
13.844771           
7.982884            
14.328665           
21.339140           
11.866570           
15.038498           
10.368049           
11.438045           
17.760680           
16.882104           
11.297232           
11.511096           
13.705226           
14.877616           
11.787389           
12.793702           
11.395464           
13.433055           
10.682319           
11.866570           
14.480911           
13.283837           
13.210869           
13.225495           
11.787389           
13.862065           
14.689566           
11.317874           
19.680459           
12.266488           
11.866570           
12.249761           
15.677587           
10.133231           
10.405697           
14.260668           
14.948681           
11.866570           
11.600636           
12.380709           
23.835630           
17.366748           
11.035577           
12.289458           
12.496163           
13.844771           
10.135005           
11.317874           
22.714407           
10.629416           
9.535245            
13.298163           
11.395464           
10.177363           
17.366748           
13.774910           
11.790131           
11.395464           
19.048268           
10.454751           
15.419880           
14.950216           
10.431465           
10.016534           
11.267369           
13.977802           
13.287984           
14.232166           
11.866570           
11.787389           
13.477930           
11.843874           
11.866570           
11.659461           
11.866570           
12.882800           
11.298185           
10.260255           
15.356585           
16.730503           
11.094060           
14.114255           
12.222006           
13.629447           
12.339230           
13.566508           
14.362618           
13.594136           
11.946015           
15.193169           
11.654420           
14.829014           
12.633060           
13.774910           
13.131766           
13.844771           
11.946015           
9.535245            
17.690189           
10.589791           
17.334937           
11.317874           
11.987990           
11.987990           
9.919016            
13.555432           
11.787389           
15.751037           
12.446944           
15.553289           
8.986386            
13.256586           
11.317874           
10.584347           
11.317874           
14.158357           
13.526461           
12.367340           
9.737184            
16.920320           
13.740046           
10.166010           
13.011193           
11.317874           
12.884648           
12.786377           
15.205766           
10.357348           
11.867603           
9.464282            
14.335637           
11.395464           
11.681980           
11.927408           
13.538195           
17.703738           
10.234766           
13.678484           
12.053168           
12.195105           
13.123793           
11.317874           
17.839996           
10.128025           
13.090396           
12.144777           
20.092229           
10.738737           
10.857903           
12.130360           
15.463368           
16.136527           
11.787389           
11.787389           
7.953421            
11.866570           
10.137088           
11.251150           
11.132874           
12.849494           
11.317874           
18.785588           
13.056507           
13.666392           
11.866570           
11.395464           
11.314928           
22.300944           
12.882242           
14.874278           
21.188984           
11.208787           
11.946015           
11.317874           
11.395464           
10.952557           
13.485629           
19.058504           
11.959196           
10.138917           
11.982675           
11.317874           
11.866570           
14.959965           
11.632672           
16.731411           
15.509028           
11.333962           
14.877616           
11.956668           
16.111256           
9.783873            
10.130880           
11.946015           
15.247535           
11.866570           
21.652219           
11.519879           
15.583917           
11.793518           
11.946015           
11.317874           
12.914900           
11.866570           
11.161598           
12.534396           
12.144433           
11.946015           
11.673342           
12.008007           
10.868131           
12.117320           
9.516520            
13.791820           
11.827036           
12.671811           
10.164901           
16.564432           
11.866570           
11.787389           
11.787389           
11.178179           
12.447945           
11.317874           
12.514360           
14.699021           
11.551207           
8.863853            
9.464282            
11.981218           
11.632672           
10.833081           
14.655578           
11.800908           
18.507510           
17.288492           
11.395464           
23.033748           
15.544252           
17.210412           
12.379146           
13.290664           
12.201660           
14.454086           
12.184054           
17.288492           
23.182375           
11.420612           
17.173006           
15.243691           
14.877616           
11.369649           
11.482192           
11.995704           
11.395464           
10.462778           
11.866570           
11.787389           
12.152610           
11.866570           
14.562922           
20.055541           
12.067484           
11.787389           
11.946015           
11.866570           
15.463368           
9.778891            
15.475896           
11.648102           
11.278084           
8.738522            
17.098947           
17.210412           
12.735634           
15.560135           
13.186998           
11.866570           
10.525521           
12.509008           
12.371841           
9.645539            
11.946015           
11.632672           
11.946015           
14.384041           
9.464282            
14.609817           
12.136081           
11.890562           
10.472716           
12.939405           
14.572673           
12.973475           
18.152536           
11.866570           
10.929516           
15.463368           
12.053168           
17.210412           
10.344315           
11.395464           
14.987220           
12.217411           
13.515404           
9.152518            
11.705245           
12.398800           
15.834692           
9.618790            
12.124484           
12.616778           
10.625397           
16.575079           
14.631062           
12.038747           
12.355364           
11.866570           
13.535654           
14.182392           
10.857903           
11.946015           
9.649620            
15.380231           
24.996623           
13.741376           
10.857903           
11.007973           
19.071312           
20.333326           
10.069905           
12.906497           
11.961895           
15.678584           
10.352909           
9.590696            
17.395403           
14.242075           
14.048651           
11.317874           
11.395464           
17.288492           
13.290832           
12.718925           
11.632672           
11.866570           
13.139081           
11.887219           
9.997027            
13.844771           
11.395464           
13.330779           
17.827244           
14.161333           
15.389530           
12.318750           
12.053168           
10.451283           
12.136081           
15.830504           
20.079717           
13.860453           
