1                   1                   1                   2350                6.05                1.93                2.86                1.69                
2                   1                   1                   2077                5.91                1.94                2.90                1.70                
3                   1                   1                   2069                5.88                1.94                2.90                1.70                
4                   1                   1                   2209                5.67                1.94                2.91                1.71                
5                   1                   1                   600                 8.34                1.96                2.94                1.72                
6                   1                   1                   1537                5.77                1.95                2.95                1.72                
7                   1                   1                   4544                3.96                1.93                2.97                1.72                
8                   1                   1                   402                 5.85                1.97                3.04                1.74                
9                   1                   1                   798                 4.62                1.97                3.04                1.74                
10                  1                   1                   3743                3.18                1.95                3.04                1.74                
11                  1                   1                   1436                3.91                1.96                3.04                1.74                
12                  1                   1                   655                 4.21                1.97                3.05                1.75                
13                  1                   1                   59                  8.09                1.98                3.06                1.75                
14                  1                   1                   181                 4.53                1.98                3.06                1.75                
15                  1                   1                   1056                3.02                1.97                3.06                1.75                
16                  1                   1                   1995                2.65                1.97                3.06                1.75                
17                  1                   1                   505                 3.02                1.98                3.06                1.75                
18                  1                   1                   613                 2.90                1.98                3.06                1.75                
19                  1                   1                   66                  4.19                1.98                3.07                1.75                
20                  1                   1                   89                  3.39                1.98                3.07                1.75                
21                  1                   1                   695                 2.45                1.98                3.07                1.75                
