1                   1                   1                   2702                10.25               2.54                7.75                2.78                
2                   1                   1                   1081                12.90               2.58                7.93                2.82                
3                   1                   1                   1802                9.92                2.57                8.01                2.83                
4                   1                   1                   1098                9.10                2.60                8.23                2.87                
5                   1                   1                   1970                7.00                2.59                8.26                2.87                
6                   1                   1                   5167                5.07                2.57                8.29                2.88                
7                   1                   1                   1429                6.35                2.60                8.34                2.89                
8                   1                   1                   1700                5.90                2.60                8.35                2.89                
9                   1                   1                   409                 6.58                2.62                8.40                2.90                
10                  1                   1                   416                 5.58                2.62                8.41                2.90                
11                  1                   1                   2244                3.66                2.62                8.41                2.90                
12                  1                   1                   546                 4.26                2.62                8.42                2.90                
13                  1                   1                   409                 3.37                2.63                8.42                2.90                
14                  1                   1                   1271                2.94                2.63                8.42                2.90                
